2059652,48,5
1567328,48,3
132390,48,3
613501,48,4
1116838,48,5
2445646,48,3
848760,48,3
2236005,48,3
1395430,48,2
2024848,48,5
1944014,48,3
1174530,48,3
991931,48,5
542786,48,3
2071871,48,4
39956,48,4
2502462,48,1
2460944,48,5
1294425,48,5
2007993,48,3
519545,48,5
2370924,48,5
1765381,48,4
2263006,48,4
649770,48,3
1214416,48,5
17382,48,3
70976,48,2
1439698,48,3
2486685,48,5
2311810,48,5
2158667,48,5
767816,48,2
2571254,48,3
481668,48,4
840543,48,5
1213655,48,4
2325737,48,5
1181115,48,3
447223,48,3
2231930,48,4
296171,48,5
2348376,48,5
2118521,48,3
2391582,48,5
264160,48,5
908205,48,1
1248029,48,3
652121,48,3
720407,48,5
1840783,48,2
755344,48,3
1129423,48,4
2207774,48,5
1350663,48,4
1650301,48,2
1071856,48,5
92056,48,4
2384779,48,4
1917657,48,4
1981733,48,4
1177203,48,3
2260788,48,2
752696,48,4
2384282,48,3
1409469,48,4
1794366,48,3
2332582,48,4
2403601,48,4
2501533,48,5
2073724,48,4
787938,48,3
353820,48,4
2486486,48,4
1310250,48,4
221162,48,2
88542,48,5
1264359,48,4
172720,48,2
1157667,48,3
796509,48,3
298900,48,2
797384,48,3
2025375,48,4
769887,48,3
47411,48,3
1454357,48,3
1210140,48,3
2322468,48,4
978567,48,5
535268,48,5
938702,48,1
85663,48,1
1676009,48,4
274371,48,2
686635,48,5
20408,48,4
1898349,48,4
366844,48,5
2146451,48,5
1309243,48,3
2562203,48,4
1204853,48,4
298466,48,4
2206592,48,4
439978,48,5
1409989,48,4
104759,48,2
1007809,48,4
372233,48,4
1348966,48,3
1843617,48,4
14844,48,1
2064763,48,3
1732828,48,4
1647196,48,5
709342,48,5
2541025,48,1
1486253,48,4
2206698,48,4
2402990,48,3
26648,48,4
2592564,48,4
1348148,48,3
1123243,48,4
2160787,48,3
986454,48,5
800467,48,5
800136,48,1
834267,48,2
2035994,48,4
38432,48,3
2250121,48,3
262411,48,4
1722512,48,4
1968074,48,4
2137543,48,3
1858921,48,5
2527572,48,4
2088489,48,5
947651,48,4
303948,48,4
1837439,48,3
1231117,48,4
2087711,48,4
558634,48,4
1896822,48,5
225544,48,3
1224299,48,3
1267500,48,3
870496,48,4
1126860,48,4
1870173,48,4
717580,48,5
2127671,48,4
910044,48,4
168577,48,4
2433247,48,5
1492122,48,2
2086264,48,4
1493780,48,5
1808930,48,2
474541,48,5
54781,48,1
318032,48,4
2130999,48,5
924822,48,2
233679,48,3
162348,48,4
289162,48,5
1155739,48,3
1880307,48,3
2065566,48,4
2259279,48,5
182031,48,5
965764,48,3
2595888,48,4
1058639,48,4
2048686,48,5
2169283,48,4
486873,48,4
1572469,48,5
806909,48,5
652714,48,4
1127011,48,2
1955367,48,4
355766,48,1
290916,48,3
1279939,48,5
2509588,48,3
968447,48,3
1510343,48,5
2604824,48,4
2015597,48,5
229971,48,1
2302786,48,3
2330762,48,4
1220170,48,2
902532,48,3
483077,48,4
1632290,48,4
1699166,48,3
1792755,48,3
738657,48,5
1599855,48,5
2186859,48,4
367810,48,5
1580481,48,4
1753467,48,5
2250552,48,3
2234775,48,4
2289283,48,3
2108337,48,4
1340285,48,5
183476,48,5
929308,48,3
1510044,48,4
1662316,48,5
870375,48,5
1715735,48,3
776081,48,4
850174,48,4
1524379,48,2
1633178,48,2
1212397,48,3
434214,48,4
2307923,48,5
2203834,48,4
2561861,48,4
2354054,48,3
2407154,48,4
1322839,48,4
1030089,48,4
1415597,48,3
16581,48,4
1365840,48,4
1528653,48,3
2444831,48,5
886657,48,3
1602489,48,5
565570,48,4
1108388,48,1
545781,48,5
389017,48,5
311641,48,4
1367078,48,3
525356,48,2
1506773,48,5
2441465,48,4
66109,48,1
256673,48,3
1226073,48,3
98044,48,4
1202823,48,3
1559165,48,4
168108,48,3
2119007,48,3
385977,48,1
139212,48,2
686510,48,3
2508428,48,3
1328996,48,3
2364140,48,3
178588,48,4
1856917,48,2
2062271,48,5
1938037,48,5
691295,48,5
1259114,48,4
216947,48,3
1564058,48,4
1300907,48,3
165823,48,5
2620378,48,4
2387961,48,5
582092,48,4
2553297,48,3
514877,48,3
2214950,48,5
1274848,48,4
172499,48,4
285886,48,4
1043089,48,5
2120652,48,3
1018474,48,4
1967892,48,5
1507288,48,4
2644238,48,5
1054626,48,4
2643725,48,4
695999,48,3
1237674,48,5
346231,48,4
363163,48,5
1192255,48,2
2219063,48,4
1375880,48,4
1721623,48,1
1191122,48,5
541870,48,3
1969090,48,5
2599606,48,3
1784150,48,4
1077794,48,4
273945,48,3
2300862,48,3
995789,48,3
2092076,48,1
314110,48,5
846667,48,3
380505,48,4
85987,48,5
351163,48,4
1960412,48,4
367448,48,3
569334,48,5
1457139,48,4
2299784,48,3
1089049,48,4
542361,48,4
1262753,48,3
1686932,48,4
1714902,48,3
1309838,48,5
921732,48,5
1895951,48,4
2634386,48,5
1024541,48,5
323259,48,4
2437479,48,4
904118,48,4
1742767,48,1
1264176,48,5
2085613,48,4
2216856,48,3
1747179,48,4
1559022,48,3
2083182,48,3
842252,48,4
231680,48,2
1872113,48,4
1780039,48,3
348336,48,4
1285513,48,5
421344,48,5
2079367,48,2
1823668,48,5
1900558,48,4
470232,48,4
901520,48,3
2266752,48,5
1226844,48,4
946210,48,3
108442,48,4
1077336,48,2
239285,48,4
1782505,48,4
1007967,48,5
894783,48,3
469021,48,4
2087078,48,5
454834,48,4
2102550,48,2
1751061,48,4
2580632,48,4
1778714,48,4
688611,48,4
1529005,48,3
229983,48,4
1613882,48,4
1983479,48,4
502783,48,3
1009346,48,3
25949,48,3
1552183,48,4
1862457,48,2
98129,48,4
682761,48,5
2517390,48,3
2387707,48,2
378857,48,4
1011293,48,5
2071803,48,4
1518071,48,4
1543702,48,4
955706,48,3
1911527,48,1
1328031,48,2
1508625,48,3
503235,48,2
179832,48,5
343620,48,4
1046762,48,2
2082629,48,5
23898,48,3
2425195,48,3
1801709,48,5
677273,48,5
1369235,48,4
1756480,48,5
290333,48,4
636206,48,5
644663,48,3
700329,48,3
1363135,48,5
585917,48,4
639888,48,1
361301,48,4
991465,48,5
541239,48,5
2632436,48,2
1316174,48,4
1165490,48,3
2034101,48,2
1574264,48,5
2524282,48,4
2433461,48,2
875206,48,3
2487300,48,3
1250023,48,4
265770,48,3
1812023,48,5
485405,48,3
2093957,48,3
2218462,48,3
219903,48,5
1462959,48,5
761371,48,4
2548770,48,4
1713203,48,4
737385,48,5
108871,48,4
1628506,48,3
437485,48,3
2471217,48,4
1629943,48,4
825993,48,3
1854875,48,2
1249577,48,4
912093,48,4
1707241,48,5
1726451,48,2
2251582,48,3
2635311,48,4
2404890,48,5
2040416,48,3
2633306,48,4
712876,48,5
728392,48,4
317504,48,5
1783158,48,4
1862392,48,3
1072906,48,2
257622,48,3
1623991,48,4
1872786,48,4
2435667,48,5
49585,48,1
549930,48,5
487949,48,4
980181,48,4
1817182,48,1
5823,48,4
2144367,48,4
1704668,48,4
1242806,48,2
1752405,48,3
1444489,48,3
1465100,48,4
1683196,48,5
1986275,48,4
2453729,48,1
2355807,48,5
150017,48,5
2573815,48,4
1096555,48,5
90281,48,4
1200930,48,5
341468,48,4
1433690,48,4
255074,48,4
1389136,48,3
512303,48,3
1030857,48,1
627312,48,3
669532,48,4
744557,48,3
906298,48,4
1211787,48,2
1297219,48,5
1932270,48,3
450724,48,4
111008,48,4
1731066,48,4
261107,48,4
1258163,48,3
586436,48,5
2017924,48,3
627172,48,5
223803,48,4
1291611,48,3
1931394,48,4
2383510,48,4
652143,48,2
411705,48,4
1722094,48,4
2368644,48,3
970988,48,3
1337532,48,1
648496,48,3
2109155,48,4
739683,48,3
2048819,48,4
998461,48,5
322878,48,5
2098046,48,4
2133,48,3
1371422,48,5
470229,48,4
1656085,48,3
614672,48,2
685130,48,3
586694,48,3
2236190,48,4
1563429,48,5
199257,48,3
28588,48,5
830370,48,1
1965893,48,3
1167097,48,5
708361,48,5
2130859,48,4
803829,48,4
2073211,48,5
2584491,48,2
1272379,48,4
1429685,48,4
1895872,48,4
2431497,48,5
2534367,48,4
862158,48,5
1195519,48,4
1772667,48,4
1189139,48,5
1144870,48,4
382194,48,5
831103,48,5
924392,48,4
2325857,48,4
1256512,48,3
2183370,48,4
689955,48,5
2582367,48,3
2232480,48,5
1185143,48,4
1808660,48,3
1660662,48,5
169311,48,4
39490,48,4
10947,48,3
1278458,48,3
260639,48,5
2290352,48,3
2648181,48,5
87185,48,2
768749,48,4
735710,48,4
2312986,48,4
1996464,48,3
544109,48,4
837202,48,4
2470054,48,3
926859,48,5
1156934,48,4
499122,48,5
1986321,48,1
2341594,48,3
1314869,48,4
2592584,48,3
1510953,48,3
918750,48,3
1176462,48,4
1555660,48,4
1936756,48,5
450297,48,5
2275545,48,4
1930426,48,5
972184,48,5
1665827,48,4
1645328,48,1
1403379,48,3
1311189,48,5
1666140,48,4
1427330,48,5
2092746,48,5
460446,48,4
474814,48,4
1137400,48,5
401917,48,2
2278738,48,4
710911,48,4
1045166,48,5
2540418,48,5
2102737,48,2
1141292,48,4
183330,48,3
1882485,48,5
881702,48,3
769235,48,4
2240670,48,4
1989562,48,4
2062763,48,5
2268317,48,4
1121380,48,4
636262,48,4
1501904,48,5
2592889,48,5
104192,48,4
547341,48,4
1777805,48,4
1612781,48,4
2527436,48,4
1742939,48,4
1071084,48,3
501812,48,3
968808,48,4
1487825,48,3
2103199,48,4
1706765,48,3
1694966,48,2
2407422,48,5
186874,48,4
1713284,48,4
2089742,48,4
1412898,48,2
1271717,48,4
2104257,48,5
825779,48,3
1882719,48,5
1699927,48,4
1850670,48,3
1751764,48,4
2031636,48,4
1696241,48,4
524672,48,3
889690,48,3
1886113,48,3
124728,48,5
1416235,48,3
611904,48,4
2195478,48,2
2021876,48,4
2062350,48,4
1606342,48,5
1262307,48,4
2632483,48,1
1210717,48,1
1190158,48,2
1340616,48,4
1647226,48,4
1018296,48,5
2193613,48,5
1938340,48,4
2147047,48,4
2563771,48,3
1776111,48,5
1139570,48,2
1703230,48,3
2065983,48,4
2244619,48,3
2571687,48,4
2416772,48,3
2163371,48,2
2539472,48,4
1142367,48,3
1003143,48,4
330279,48,4
1193636,48,3
687769,48,3
1953981,48,5
822599,48,3
1819462,48,3
2123920,48,5
616973,48,5
560203,48,3
443988,48,4
2439493,48,1
1229711,48,5
42296,48,5
479924,48,5
2356348,48,3
1875648,48,4
454808,48,3
530789,48,3
1915206,48,5
269315,48,5
2114604,48,4
1964514,48,4
1341902,48,4
1746701,48,4
442485,48,5
1412498,48,5
302406,48,3
1459111,48,5
359141,48,2
387262,48,3
2596598,48,4
701848,48,4
2278814,48,3
528190,48,3
2615142,48,5
979870,48,4
45234,48,4
100294,48,5
1012498,48,4
1891888,48,4
476743,48,3
1424172,48,3
1830720,48,4
1034714,48,4
526568,48,1
125569,48,4
2583311,48,4
2161543,48,5
2648085,48,3
1682851,48,4
172654,48,1
1542669,48,4
740226,48,5
734534,48,5
171033,48,4
1437536,48,5
1630870,48,4
485083,48,2
2065686,48,4
270523,48,4
961789,48,4
833870,48,5
1389044,48,3
2344727,48,5
2507646,48,3
2580778,48,5
1936376,48,4
824811,48,5
667102,48,4
2391213,48,1
975534,48,4
365596,48,1
2059698,48,5
1451540,48,3
1339784,48,1
2185614,48,5
2396772,48,5
1595108,48,4
991452,48,4
1060047,48,5
1433743,48,3
383608,48,2
489331,48,3
860349,48,3
1403975,48,5
263150,48,4
1116080,48,3
2082942,48,5
155862,48,3
610513,48,3
1665211,48,3
1847256,48,2
2609677,48,5
1244890,48,4
1324815,48,5
546645,48,5
2632713,48,3
29478,48,2
694599,48,3
1551012,48,4
2417000,48,3
1456830,48,3
191666,48,5
2046408,48,3
787316,48,3
1421218,48,5
174783,48,3
1563935,48,1
733061,48,5
392981,48,4
2043732,48,4
638822,48,5
2467098,48,5
1641213,48,3
2625242,48,4
2023883,48,4
831346,48,3
148719,48,3
579694,48,1
1498452,48,4
1295473,48,5
2601274,48,2
92849,48,4
932101,48,3
910059,48,3
126913,48,4
703841,48,5
307005,48,4
710736,48,4
1514886,48,5
1704554,48,5
2360151,48,4
2135602,48,4
1393827,48,5
524295,48,5
1187749,48,3
50375,48,4
1639014,48,1
1345929,48,4
2071343,48,3
1386964,48,2
2035003,48,3
48222,48,3
196455,48,4
1813272,48,4
1476212,48,4
1913414,48,5
1121699,48,1
445190,48,4
2175611,48,4
687967,48,4
1125226,48,4
348661,48,2
2318267,48,4
445615,48,4
2496479,48,4
2398061,48,5
584399,48,5
1492066,48,3
525679,48,3
1719990,48,5
2579439,48,4
1816659,48,3
1505520,48,5
2155681,48,5
1851320,48,3
231349,48,5
165247,48,5
136724,48,3
1692897,48,5
2334485,48,3
808178,48,2
2257938,48,4
1410893,48,3
291453,48,5
686204,48,1
234660,48,3
581896,48,5
2235768,48,3
2099969,48,4
2154287,48,3
195348,48,3
2549948,48,5
216321,48,4
1589788,48,3
2243909,48,5
1558914,48,4
679243,48,3
691760,48,1
824658,48,3
2340228,48,5
949610,48,3
2571459,48,4
753231,48,3
2375971,48,3
2435672,48,5
782931,48,3
1403658,48,3
165369,48,4
1851595,48,5
637270,48,4
765818,48,3
1295471,48,5
1524964,48,3
448083,48,4
1115567,48,5
11059,48,4
1273193,48,4
2465115,48,4
2412167,48,3
1463880,48,5
763287,48,4
884354,48,3
842412,48,4
514829,48,4
1060792,48,5
435544,48,5
136596,48,4
175711,48,4
155231,48,4
1744869,48,4
1442105,48,4
2575454,48,4
2196426,48,3
902498,48,3
102082,48,2
1712548,48,5
1275277,48,4
465558,48,4
56790,48,4
1225150,48,2
1252946,48,3
1026246,48,5
230917,48,5
202678,48,5
1350391,48,3
641719,48,5
864232,48,4
1110156,48,4
2206910,48,4
1028463,48,5
2166529,48,1
1569480,48,5
310187,48,1
858799,48,1
1534317,48,3
1650925,48,4
2577690,48,4
659029,48,4
2081837,48,3
959443,48,5
1926905,48,4
561145,48,4
1624970,48,4
186732,48,4
433969,48,5
976637,48,4
1436275,48,3
1623216,48,5
2571972,48,4
522846,48,2
2290970,48,3
2224112,48,3
1774872,48,4
170162,48,4
2183119,48,5
626772,48,1
1056823,48,3
1359577,48,4
1191854,48,4
1395546,48,3
2114015,48,3
1251567,48,3
2464236,48,4
2578397,48,4
2132385,48,3
2189183,48,5
633303,48,5
224888,48,4
1153564,48,5
706832,48,5
2204684,48,4
673295,48,4
1036262,48,1
553202,48,4
425983,48,5
508584,48,3
619676,48,3
2468305,48,2
431487,48,3
684220,48,4
1596531,48,5
2228818,48,2
2070798,48,5
1899913,48,5
1274580,48,2
614714,48,5
1157359,48,5
1695600,48,4
337754,48,4
1399948,48,5
1882738,48,2
1211946,48,4
1268728,48,4
1234163,48,3
439512,48,3
851231,48,5
174350,48,4
886478,48,5
1006071,48,4
2050655,48,3
314635,48,5
1253085,48,5
1036405,48,5
1691661,48,1
1358598,48,5
952156,48,2
2321889,48,5
757005,48,5
407037,48,2
2618515,48,5
2037890,48,3
1457830,48,4
373891,48,5
1851082,48,5
962019,48,1
1172958,48,3
1620983,48,4
1773915,48,5
794657,48,3
1351529,48,4
1205651,48,5
1903324,48,1
1326355,48,5
1087416,48,4
2147354,48,4
2629741,48,3
1880751,48,4
545670,48,2
393787,48,4
2339969,48,3
2371650,48,3
514787,48,4
898303,48,3
2228803,48,5
592612,48,5
1581834,48,4
986524,48,1
1227603,48,3
817464,48,3
902501,48,3
903348,48,5
2248080,48,3
1494438,48,1
2044679,48,4
642651,48,4
975497,48,5
732669,48,5
361877,48,4
2294930,48,4
818752,48,2
2414489,48,4
2262465,48,5
1396036,48,4
2147779,48,3
794904,48,4
1485833,48,4
165060,48,4
2416356,48,5
116767,48,4
879760,48,4
818884,48,5
246954,48,2
1552340,48,1
128389,48,3
441929,48,3
1163337,48,4
769702,48,5
2615549,48,3
235562,48,4
1115109,48,4
1785867,48,4
313060,48,5
2640999,48,1
813079,48,5
894900,48,4
1450430,48,5
988233,48,2
2648609,48,2
2021995,48,3
606249,48,2
1493457,48,4
1362612,48,4
1074140,48,2
1807245,48,3
1584352,48,3
1423977,48,3
2529699,48,4
1750484,48,5
2141727,48,4
882611,48,5
1817718,48,5
566628,48,3
606191,48,4
73989,48,4
2290616,48,1
1095683,48,2
2132804,48,4
1408317,48,4
596995,48,4
1935561,48,3
688132,48,2
1820984,48,5
1156589,48,4
873958,48,5
2457095,48,1
570428,48,3
1462537,48,4
2450141,48,5
557980,48,1
384710,48,4
2630169,48,5
1685161,48,3
719755,48,4
1243085,48,3
1534422,48,4
1876520,48,1
2433077,48,5
24600,48,5
527953,48,4
796390,48,5
2329945,48,1
269733,48,4
378348,48,3
1959190,48,5
1338301,48,4
2602234,48,3
394895,48,4
1267651,48,5
2469181,48,2
613492,48,2
2486584,48,2
2213186,48,4
137759,48,4
94807,48,5
1275535,48,5
2039738,48,5
586276,48,5
539492,48,4
1280119,48,4
1446775,48,3
614631,48,4
2541385,48,4
595778,48,1
2339094,48,3
2129065,48,5
406020,48,4
2421781,48,5
2461011,48,4
843448,48,2
1693002,48,4
1492086,48,2
652639,48,5
1075739,48,4
1585767,48,4
325974,48,4
1974577,48,5
2394211,48,3
1406574,48,4
1163442,48,4
1455914,48,5
2011258,48,4
913510,48,5
2634195,48,4
1355647,48,4
887919,48,4
1301760,48,4
890825,48,3
2334642,48,2
446201,48,3
1600926,48,4
105015,48,4
1842351,48,3
1777750,48,3
364618,48,4
886059,48,4
884424,48,4
344064,48,4
2007063,48,3
1423063,48,3
1110014,48,4
2398923,48,5
69724,48,5
727646,48,3
1649353,48,5
1211790,48,4
1385788,48,4
200712,48,5
1936582,48,4
2267391,48,4
2432155,48,5
1526160,48,4
1452675,48,4
1573228,48,4
1229162,48,5
876961,48,1
2357895,48,4
1380692,48,5
1015680,48,3
2142016,48,4
948467,48,5
1260894,48,4
2531844,48,3
2557622,48,5
526202,48,3
453528,48,3
154626,48,2
536047,48,5
1370647,48,5
1362105,48,3
2593773,48,2
1867832,48,3
1242416,48,2
396446,48,5
1133367,48,5
392570,48,3
1300301,48,5
2602508,48,2
2625306,48,3
2614085,48,4
2640400,48,3
2511950,48,5
88255,48,4
2008266,48,3
402547,48,3
1530582,48,5
2153829,48,3
1316762,48,1
2402111,48,3
1660196,48,5
837071,48,3
101793,48,4
2633486,48,4
1396959,48,4
2099107,48,3
198567,48,4
2304622,48,4
2608766,48,2
1257663,48,4
986444,48,3
630651,48,3
1501048,48,4
2601289,48,5
2353969,48,5
1717025,48,3
1743940,48,5
667375,48,4
716363,48,3
2141209,48,5
727570,48,4
196952,48,4
434101,48,1
2627761,48,4
1147893,48,3
1772176,48,4
1332610,48,5
1525615,48,4
2120610,48,3
1991655,48,3
1737149,48,5
2481491,48,3
203738,48,4
1613378,48,5
334396,48,3
31462,48,5
686241,48,4
1723583,48,3
2364551,48,5
1651763,48,4
2321665,48,3
832099,48,5
1499620,48,4
280181,48,4
744514,48,2
115055,48,4
1583631,48,5
1469001,48,3
260423,48,4
1602339,48,4
1015259,48,1
1810141,48,3
2462415,48,5
1754146,48,5
1727232,48,4
29431,48,3
1880766,48,4
259516,48,5
946175,48,4
1459230,48,1
272183,48,2
2126432,48,4
1430819,48,4
673382,48,2
2029979,48,4
2032388,48,4
2511604,48,3
117934,48,3
461590,48,5
1615874,48,3
994072,48,5
140498,48,5
253065,48,4
432259,48,4
1385255,48,4
957143,48,4
1169583,48,5
2047094,48,3
2197243,48,4
2013867,48,3
940806,48,4
907623,48,4
2176780,48,2
304940,48,5
1146626,48,5
1741344,48,4
507603,48,5
2326654,48,4
1604238,48,4
923517,48,5
1158784,48,4
1725868,48,1
1943141,48,4
1763979,48,1
978044,48,5
2175870,48,4
799442,48,4
824281,48,4
139433,48,4
2331668,48,4
1277590,48,3
86298,48,4
1578681,48,5
844391,48,5
71393,48,5
801884,48,3
312403,48,5
678430,48,5
2079401,48,4
2268851,48,5
39708,48,5
1802972,48,3
798465,48,1
1146333,48,4
1873315,48,3
972394,48,3
1568735,48,5
599529,48,3
341649,48,1
2182722,48,3
2382060,48,3
907827,48,5
2456613,48,4
820230,48,4
1106518,48,4
2537543,48,5
1648128,48,5
2637755,48,2
1446217,48,5
920962,48,4
650986,48,1
166980,48,5
2287425,48,3
1395127,48,3
1522818,48,3
1835006,48,4
1303244,48,2
1183642,48,4
1191743,48,4
379005,48,3
1337295,48,5
121979,48,3
1033825,48,3
2641634,48,4
1153013,48,4
2047178,48,5
1405395,48,3
1489474,48,3
871986,48,5
786197,48,4
1640334,48,3
476611,48,5
572305,48,5
230966,48,1
1979488,48,3
1381315,48,4
746150,48,3
2645692,48,4
1763866,48,5
2520834,48,4
2587540,48,1
187233,48,5
912285,48,3
1062246,48,3
454490,48,4
2578830,48,3
383200,48,4
552739,48,4
514847,48,5
2624624,48,3
2521568,48,4
2584980,48,3
1706444,48,5
1049239,48,4
2083367,48,4
1178284,48,4
26210,48,3
2339734,48,4
2250323,48,3
1484218,48,4
402325,48,3
2521051,48,5
632502,48,4
105029,48,5
41068,48,2
705714,48,4
361886,48,4
2507653,48,4
1907034,48,4
1846387,48,4
2622882,48,2
816179,48,5
1793079,48,4
1762099,48,5
1637857,48,3
1447381,48,4
175902,48,4
1106863,48,3
830947,48,5
1429452,48,3
1013676,48,3
983180,48,4
281392,48,3
2363926,48,1
1143750,48,4
747341,48,4
436258,48,3
1662693,48,4
731579,48,4
1734711,48,2
1785266,48,2
2209212,48,4
212587,48,4
424620,48,4
1777981,48,5
1459119,48,3
1193897,48,4
731635,48,3
1242475,48,5
777010,48,3
979865,48,2
2337014,48,1
2475608,48,5
868253,48,4
1973244,48,3
1292726,48,3
2608587,48,3
2147831,48,5
399313,48,5
1997074,48,5
1832953,48,4
1556777,48,3
1079461,48,5
2417531,48,4
2228060,48,5
121699,48,3
325503,48,5
2571216,48,4
2240770,48,1
2101288,48,5
460419,48,4
157667,48,1
2528146,48,4
2502145,48,5
2310373,48,5
2607731,48,4
329288,48,5
2135683,48,5
2466211,48,5
1840030,48,5
776581,48,2
701443,48,4
2349059,48,3
1849453,48,4
945888,48,4
1547806,48,3
297453,48,3
1191341,48,3
846288,48,5
2466231,48,5
1870864,48,3
508615,48,3
1624416,48,3
1504130,48,5
2075891,48,1
133494,48,4
537150,48,5
1121564,48,4
2419466,48,5
945621,48,4
552412,48,5
685508,48,3
1013527,48,5
1970630,48,2
55922,48,5
385522,48,4
1106378,48,4
1421913,48,2
2473448,48,3
978062,48,3
1993796,48,3
1444657,48,2
2636167,48,3
2337950,48,5
1167214,48,3
1968994,48,4
2297336,48,3
803489,48,4
2405098,48,4
2371857,48,5
2075740,48,4
2016002,48,3
323069,48,3
2545994,48,3
1895660,48,3
1664010,48,5
1628403,48,5
1193638,48,2
2090477,48,4
436424,48,3
1902838,48,3
371954,48,4
335975,48,4
2344203,48,4
2628863,48,4
2495788,48,4
1473832,48,3
1790853,48,3
1784251,48,3
91803,48,4
2193655,48,3
526043,48,4
2153397,48,4
1452508,48,4
2456685,48,4
1681614,48,4
1973114,48,3
2170281,48,3
1932884,48,5
1241231,48,5
57816,48,4
2233289,48,3
2158782,48,3
2334613,48,5
49890,48,5
369646,48,3
782890,48,4
1507797,48,4
135625,48,5
869067,48,1
285975,48,5
978667,48,4
909302,48,1
2171709,48,3
1062213,48,5
2513873,48,5
1345520,48,5
1485270,48,3
1181609,48,3
1198528,48,4
1497396,48,5
1258560,48,4
614285,48,4
2171412,48,4
1642678,48,5
790483,48,4
1309663,48,4
1111283,48,4
2026118,48,4
195139,48,4
1530809,48,4
576990,48,2
683164,48,4
1662097,48,4
1468068,48,4
1542063,48,4
1002495,48,4
1341627,48,5
507094,48,4
1662098,48,3
1387993,48,4
1219858,48,1
73391,48,3
314418,48,3
1235008,48,5
406841,48,3
2080795,48,3
385227,48,5
187464,48,5
762414,48,3
803610,48,4
612384,48,5
2618104,48,2
1521272,48,4
1214824,48,3
2111332,48,1
468704,48,4
690497,48,4
332300,48,3
11756,48,3
80354,48,3
2417848,48,1
2644166,48,5
1095791,48,4
1476270,48,3
2462919,48,5
217402,48,2
851462,48,3
610014,48,4
2249356,48,5
2066105,48,5
1897919,48,4
1516911,48,4
1579906,48,4
557982,48,2
1811832,48,5
753107,48,4
1663564,48,4
862596,48,1
853475,48,1
1115952,48,4
1795905,48,4
462171,48,3
2384387,48,2
459650,48,4
936354,48,3
172291,48,2
2110478,48,4
2297136,48,1
2263041,48,5
526149,48,4
386487,48,4
2190701,48,5
1876443,48,2
1802241,48,5
2181536,48,3
1610234,48,3
2031826,48,5
2549133,48,4
877394,48,3
2350917,48,2
209024,48,4
455334,48,5
951578,48,4
1435141,48,5
189814,48,3
920378,48,3
1586811,48,5
1144942,48,5
134328,48,4
2380592,48,4
1587673,48,3
1474958,48,4
31354,48,5
1098695,48,3
2065083,48,5
14164,48,5
1625284,48,2
2364327,48,3
1995537,48,3
738885,48,2
1435891,48,3
1955660,48,4
873713,48,5
1135509,48,4
1512733,48,5
1241893,48,5
1189210,48,4
838391,48,2
958163,48,4
317722,48,3
970269,48,5
2213751,48,2
1569224,48,4
2283695,48,4
1304651,48,3
676437,48,3
68979,48,2
1117550,48,3
959509,48,5
25049,48,1
1053254,48,3
672257,48,4
554383,48,4
287897,48,5
648585,48,1
2256731,48,4
393831,48,5
821436,48,5
1728497,48,4
27376,48,3
2563582,48,5
305604,48,3
1637213,48,2
2012438,48,2
1114142,48,3
2644448,48,4
2393379,48,5
4084,48,4
1738198,48,4
1661774,48,3
1195717,48,4
1780281,48,3
1769640,48,4
2498932,48,5
554192,48,2
2430907,48,4
2514777,48,3
1836579,48,4
2647849,48,3
236037,48,4
1706831,48,5
1527,48,5
2336825,48,5
1597324,48,3
2304615,48,4
2474535,48,4
1093500,48,3
2353114,48,4
904821,48,3
1160024,48,3
582792,48,2
993550,48,3
796455,48,4
736057,48,3
1265308,48,4
785937,48,4
716761,48,4
2496629,48,5
95251,48,4
1006406,48,2
1503517,48,3
2490786,48,4
2130949,48,3
381828,48,5
1092919,48,1
765430,48,4
2501918,48,4
863866,48,3
621092,48,4
1227773,48,5
2370266,48,3
1480816,48,4
2246248,48,5
2330618,48,5
47476,48,4
2498201,48,4
2589086,48,3
590581,48,1
1389070,48,5
495857,48,4
871970,48,4
580526,48,2
1662140,48,4
675111,48,2
2045631,48,5
1301819,48,3
1225628,48,5
399170,48,3
1820824,48,3
206272,48,5
2568366,48,4
1548987,48,5
154089,48,4
897867,48,4
2565467,48,4
1452061,48,3
175434,48,4
756405,48,2
2066572,48,4
1282217,48,3
1788942,48,5
391543,48,5
52522,48,4
1628640,48,4
1949871,48,4
2277879,48,5
1012786,48,5
2067426,48,4
1751563,48,4
1079613,48,3
828349,48,4
2560484,48,3
2414411,48,3
2377192,48,2
719294,48,3
1769698,48,2
907730,48,4
497752,48,5
525071,48,1
1125142,48,2
1218115,48,4
744458,48,4
1190685,48,4
35697,48,5
1629440,48,4
2509976,48,4
2156560,48,5
2585641,48,3
263361,48,3
31259,48,4
412604,48,2
1537898,48,3
2483005,48,5
1786671,48,2
1821474,48,2
550596,48,3
59270,48,4
1181480,48,3
1371204,48,3
684531,48,2
2491745,48,3
750677,48,4
1086481,48,3
2352794,48,5
933819,48,5
243304,48,4
1180972,48,4
2584442,48,1
1541114,48,5
655385,48,4
1238999,48,2
111832,48,4
1407862,48,4
2148780,48,4
1317771,48,4
1362383,48,3
954489,48,5
27318,48,5
1958866,48,4
1817595,48,5
236564,48,4
33612,48,4
350415,48,5
437881,48,5
1596858,48,5
2155327,48,2
559883,48,4
949667,48,4
1450015,48,4
2640760,48,4
282447,48,4
1297347,48,4
1475917,48,5
2036971,48,2
2375169,48,4
1511945,48,5
2442925,48,5
1880554,48,3
1647469,48,4
1056681,48,5
815638,48,3
1993930,48,4
1462076,48,1
829075,48,3
187178,48,4
71594,48,3
694687,48,3
1011888,48,5
545029,48,4
780253,48,3
507041,48,4
1623349,48,5
596267,48,4
107105,48,4
2463281,48,4
1118931,48,4
2438172,48,4
24148,48,3
897967,48,5
2014781,48,4
561447,48,4
19431,48,3
2076432,48,5
445894,48,1
2647661,48,4
2601377,48,3
497097,48,2
2206091,48,4
109207,48,3
2303456,48,4
1429789,48,3
1425295,48,2
2413320,48,5
1059977,48,4
257445,48,3
190547,48,1
366887,48,4
744365,48,3
2247335,48,3
1805432,48,3
1547957,48,5
166041,48,4
257095,48,5
2227880,48,3
1107558,48,3
164085,48,4
1945881,48,1
925877,48,3
2291306,48,1
2462372,48,3
1635967,48,5
665500,48,3
2378393,48,5
324579,48,3
654283,48,4
1720861,48,5
1384747,48,5
2469190,48,4
1687129,48,4
2242215,48,5
714657,48,4
256327,48,5
685565,48,5
661672,48,3
1536782,48,4
549262,48,3
1778955,48,4
3321,48,4
2184630,48,3
2339053,48,5
1521183,48,4
2350500,48,3
74533,48,3
1055326,48,2
2142440,48,5
1522922,48,2
838679,48,4
1637067,48,4
2641290,48,4
384571,48,5
1819434,48,3
1687514,48,4
425281,48,2
2083745,48,3
1743381,48,4
2223250,48,5
2257539,48,3
1349717,48,4
2003212,48,4
1464315,48,3
1860383,48,5
1571459,48,3
948439,48,4
115549,48,4
1083666,48,3
1608637,48,5
2354642,48,4
923317,48,3
122464,48,5
1558207,48,5
46650,48,2
2186995,48,4
669659,48,4
355763,48,5
626328,48,3
1085738,48,5
2216788,48,4
66906,48,5
1486271,48,5
2455298,48,4
2091741,48,4
2165686,48,5
1381552,48,4
1424177,48,4
1301158,48,4
230112,48,2
2335459,48,5
1727443,48,4
2156074,48,3
1093671,48,4
2522781,48,4
2420357,48,5
196062,48,5
2583754,48,2
974174,48,4
1954343,48,5
1542628,48,3
831356,48,5
264692,48,4
1194911,48,4
908540,48,3
2433610,48,3
1188144,48,3
1580767,48,3
1479054,48,4
1015623,48,5
2492047,48,3
1857889,48,3
3871,48,4
1220522,48,1
930909,48,4
237405,48,3
1181599,48,5
1184520,48,4
1799614,48,4
184411,48,3
285925,48,3
491531,48,1
876505,48,3
1781192,48,3
1013460,48,2
2603178,48,5
651541,48,2
475873,48,5
913566,48,5
404845,48,5
1416785,48,1
654316,48,1
1764491,48,5
2251640,48,4
757136,48,4
352590,48,5
1767952,48,5
1849621,48,5
2389853,48,5
987662,48,4
446258,48,4
248995,48,4
1340377,48,4
2568360,48,4
1446054,48,5
182134,48,4
1132743,48,4
2099394,48,4
2352463,48,5
1873281,48,4
1685331,48,4
1526003,48,3
1260240,48,5
57012,48,4
2156165,48,4
752853,48,4
1570161,48,3
2490545,48,4
1714116,48,3
1049302,48,4
386947,48,3
913920,48,5
1269672,48,1
265299,48,3
506241,48,3
6544,48,4
2089599,48,2
1818507,48,5
1738119,48,3
1835795,48,5
1858927,48,3
564293,48,5
1461334,48,3
296229,48,4
872221,48,5
825460,48,5
1567234,48,4
1219628,48,4
453432,48,3
2037947,48,4
90682,48,5
1091318,48,3
1159968,48,4
1108004,48,5
1559083,48,2
1114321,48,3
451989,48,2
892461,48,5
904609,48,4
2349507,48,5
1528604,48,3
1566682,48,5
2606799,48,4
750174,48,5
1012318,48,4
2203182,48,4
1765078,48,4
489454,48,4
735623,48,3
1884737,48,3
2526543,48,5
442370,48,4
942961,48,5
1641401,48,5
1848122,48,4
408457,48,2
1790714,48,5
1851346,48,2
1828580,48,3
282427,48,3
218519,48,5
1072939,48,3
2025704,48,3
1072948,48,4
807327,48,4
1603837,48,5
866294,48,3
556464,48,4
1466569,48,3
1244628,48,4
1293655,48,2
943436,48,1
2600616,48,3
1961159,48,3
1088391,48,4
901269,48,3
929407,48,4
749994,48,3
2510262,48,3
233207,48,4
213985,48,2
1167715,48,3
1215796,48,3
215637,48,4
1117642,48,4
2319768,48,5
2559537,48,5
1495940,48,4
754030,48,3
2358753,48,4
579085,48,2
2442263,48,4
253890,48,2
38115,48,3
1220231,48,4
1136572,48,5
2295493,48,3
588687,48,3
2278362,48,4
2542031,48,4
1340920,48,3
696970,48,3
2135813,48,2
1467176,48,4
172118,48,3
525906,48,4
2127544,48,3
1541528,48,5
431326,48,4
2310461,48,3
1595652,48,5
1988375,48,4
1405485,48,3
678518,48,4
1797462,48,5
716173,48,5
2490348,48,4
2327264,48,5
366838,48,4
2518644,48,4
1337763,48,4
778566,48,4
293374,48,4
683604,48,3
612980,48,4
2539534,48,1
598256,48,3
2498050,48,5
1789420,48,4
2233803,48,3
2111014,48,3
201681,48,4
1197972,48,5
162199,48,5
2392490,48,5
1604033,48,5
762981,48,4
2537580,48,3
789014,48,3
363068,48,2
369357,48,4
818708,48,3
798296,48,1
1669107,48,5
626211,48,3
890323,48,3
247442,48,1
1815931,48,4
1109043,48,5
2253013,48,4
2086903,48,5
1567970,48,4
978076,48,5
1591124,48,5
2500677,48,4
608905,48,5
1555494,48,3
1578801,48,5
697050,48,4
231499,48,4
1131981,48,2
151759,48,5
1162826,48,4
62871,48,4
16272,48,2
2089531,48,5
274652,48,5
1260599,48,3
2116843,48,4
342616,48,4
1461818,48,3
2267322,48,1
585771,48,5
2453746,48,4
277109,48,3
14225,48,4
1103965,48,3
398215,48,4
784143,48,5
1857958,48,3
688294,48,5
205982,48,3
1065511,48,3
982098,48,4
1714066,48,3
275282,48,4
1220542,48,5
504620,48,5
74919,48,5
2258805,48,4
1733289,48,5
1370564,48,3
1833576,48,5
2201882,48,4
1816626,48,3
2247755,48,3
408765,48,5
1670875,48,3
2432433,48,5
2241475,48,3
2505321,48,3
1132093,48,3
1153562,48,4
2219650,48,1
1277211,48,2
474045,48,3
2591450,48,5
693157,48,3
1116290,48,4
54870,48,2
929661,48,4
2165875,48,4
749666,48,3
852629,48,5
559467,48,1
1992205,48,4
951798,48,5
1686442,48,5
688217,48,4
904842,48,4
1815675,48,5
415005,48,3
1582556,48,5
2182671,48,4
1905303,48,5
1173346,48,4
730570,48,4
1494683,48,2
2233825,48,3
2556552,48,2
1412844,48,5
1066481,48,5
295097,48,4
2615192,48,3
1425453,48,4
841439,48,5
1041042,48,5
134490,48,3
2396595,48,2
143416,48,5
1837845,48,5
2205332,48,2
258764,48,4
1589517,48,4
2356793,48,4
298468,48,5
1461363,48,5
2534832,48,4
2517588,48,4
226048,48,1
964916,48,2
2394024,48,4
1345576,48,5
1788606,48,4
1271404,48,4
1969354,48,4
1090022,48,3
2033720,48,3
647965,48,4
2300396,48,2
475475,48,3
2181677,48,5
2043149,48,4
2323142,48,4
1452395,48,5
1023493,48,5
2559895,48,5
1916360,48,4
325683,48,5
1878729,48,4
57608,48,2
254789,48,4
2435015,48,5
120801,48,4
1274635,48,3
581281,48,4
2462935,48,5
1798307,48,4
834752,48,3
638564,48,1
1777163,48,5
499012,48,3
2045624,48,2
671618,48,4
1059089,48,5
664443,48,4
2228163,48,5
998633,48,4
1120566,48,1
534463,48,4
1340327,48,4
1982812,48,4
1806202,48,5
930019,48,4
1345573,48,4
1430587,48,5
1972747,48,3
561199,48,5
1674496,48,4
2115145,48,3
2613300,48,3
305344,48,2
527303,48,4
498716,48,4
749591,48,4
1686980,48,3
824264,48,4
2203465,48,4
2075711,48,3
676812,48,3
68114,48,4
276968,48,4
169054,48,3
1290320,48,3
740671,48,3
2264408,48,5
1774610,48,2
910384,48,1
1877370,48,4
638738,48,4
2021932,48,3
2510054,48,5
2051579,48,4
1273680,48,4
471062,48,5
2077046,48,3
41637,48,3
1478617,48,4
2036694,48,5
2507479,48,2
1968609,48,4
844028,48,5
635056,48,3
1292877,48,3
124042,48,4
226899,48,4
1978089,48,3
1909214,48,4
2524166,48,2
2311110,48,1
1102039,48,3
870170,48,4
2095540,48,3
810093,48,5
548223,48,4
44388,48,5
219894,48,3
60326,48,3
1072466,48,3
293718,48,5
2099446,48,4
1888060,48,1
1939632,48,3
1388677,48,2
1710658,48,4
416560,48,2
1327917,48,4
1166341,48,4
2539227,48,4
2127784,48,2
1773858,48,3
1591278,48,5
344054,48,5
520371,48,3
1320227,48,4
460365,48,4
910556,48,4
1048735,48,5
1205174,48,4
498469,48,5
791576,48,5
2496553,48,3
888488,48,5
1308421,48,4
709900,48,5
992745,48,3
2037693,48,4
992576,48,2
2361680,48,5
1189802,48,3
1881029,48,5
349411,48,1
1651932,48,3
2217027,48,2
1307228,48,4
300316,48,4
2251848,48,5
2321960,48,4
1799922,48,3
1450484,48,3
648128,48,3
1065407,48,3
1863664,48,3
1464811,48,3
1913457,48,5
1142130,48,4
1065598,48,4
2585563,48,5
2111029,48,4
942334,48,4
76023,48,3
1769417,48,4
618778,48,4
1270536,48,5
1267814,48,4
28656,48,5
215778,48,4
2450942,48,3
1043768,48,3
1518784,48,4
2092171,48,5
1805656,48,4
38620,48,3
133670,48,4
910792,48,3
2340119,48,5
674891,48,4
1290219,48,3
1322420,48,2
785329,48,3
669296,48,5
768876,48,4
1082888,48,3
2494071,48,3
307037,48,3
2260153,48,4
659882,48,3
2190552,48,2
1517456,48,3
1098639,48,3
2603405,48,1
203890,48,3
2442028,48,3
11398,48,5
724151,48,5
1543902,48,4
2249465,48,4
1959952,48,5
2260540,48,4
1934779,48,3
1672226,48,2
1294814,48,3
801573,48,3
1516387,48,4
906307,48,4
94686,48,4
206582,48,4
663803,48,5
2358534,48,4
1473641,48,5
1114717,48,4
1735514,48,3
132511,48,2
1832243,48,4
158121,48,3
185039,48,2
972495,48,4
1200482,48,3
2640278,48,3
460137,48,2
2366612,48,3
699333,48,5
1098109,48,4
2388157,48,2
780768,48,4
1307559,48,4
511766,48,4
895691,48,2
2584676,48,1
319180,48,4
2026754,48,4
827130,48,5
751115,48,4
987785,48,4
2223890,48,4
1173778,48,3
1106786,48,3
1000387,48,4
2576015,48,4
1382872,48,2
1357619,48,3
1656050,48,4
969089,48,3
1799146,48,4
1447641,48,3
1764595,48,3
1800405,48,4
1438796,48,4
1035000,48,3
1708366,48,5
1088005,48,5
1180344,48,4
1493156,48,5
1605715,48,3
983069,48,2
2213554,48,4
2081141,48,3
2021092,48,4
2396388,48,3
902050,48,3
63500,48,5
1245387,48,3
454168,48,4
259202,48,4
690770,48,4
59656,48,5
1065445,48,3
906574,48,4
2417320,48,5
2455437,48,3
2356278,48,3
1607082,48,5
1414964,48,5
395521,48,4
758850,48,3
2077391,48,3
1770828,48,1
2607642,48,3
1033246,48,4
1385011,48,3
1531105,48,5
1826504,48,5
2144951,48,1
2106792,48,2
292397,48,4
435450,48,4
1484157,48,3
1655969,48,4
1346326,48,5
271355,48,3
79533,48,5
1534594,48,4
740929,48,4
1329769,48,5
1014843,48,4
581845,48,3
923912,48,1
308412,48,2
2079319,48,5
1911682,48,4
1111169,48,5
512590,48,2
639302,48,4
608501,48,2
1045879,48,4
1816425,48,2
2091589,48,2
1491763,48,5
1343658,48,2
2255251,48,5
1745577,48,5
652462,48,4
2448660,48,5
155164,48,4
2410318,48,4
1504248,48,5
1057241,48,3
1498974,48,4
137781,48,4
1209085,48,2
1685829,48,3
2082277,48,4
2051367,48,5
805847,48,4
1720952,48,4
2575482,48,3
2071219,48,3
1508074,48,4
1752082,48,5
2545618,48,5
1848938,48,5
2420323,48,4
2032382,48,5
1379416,48,4
589682,48,3
2596032,48,3
2631477,48,3
1277240,48,4
2456518,48,4
690313,48,5
1187252,48,3
1889770,48,4
1431356,48,4
388609,48,3
1532058,48,3
672566,48,4
1447160,48,5
1315540,48,1
2598647,48,1
45656,48,3
593110,48,3
1093396,48,4
2238173,48,4
2026133,48,4
1152594,48,3
2003078,48,5
1432474,48,3
2030201,48,3
2340639,48,3
1728924,48,4
364934,48,4
133993,48,2
153237,48,4
2542113,48,4
1232251,48,5
2266974,48,5
2576736,48,4
1214543,48,5
1270291,48,4
2055075,48,4
227799,48,4
1885016,48,4
72921,48,4
2199854,48,4
1620760,48,5
2019646,48,5
2485676,48,4
479403,48,4
1097447,48,5
741840,48,5
1829484,48,5
677153,48,5
25267,48,3
1677833,48,3
2059738,48,4
1583664,48,4
2590072,48,4
1690559,48,5
25375,48,4
158498,48,3
2587909,48,3
321975,48,4
611718,48,5
432225,48,5
441887,48,5
352947,48,5
2232378,48,3
914445,48,1
1890283,48,5
652557,48,5
439688,48,3
175025,48,3
1219122,48,2
1971885,48,2
1145636,48,3
1068705,48,4
2402225,48,4
1022225,48,4
1107588,48,2
1750779,48,5
1257438,48,3
1087551,48,3
825716,48,4
1133763,48,5
272222,48,4
1123394,48,2
2018894,48,4
2377215,48,4
2466899,48,3
463937,48,5
1258980,48,4
140082,48,3
712419,48,5
2530159,48,5
2173428,48,5
1958056,48,5
1455043,48,3
1107085,48,3
609766,48,4
1040258,48,3
1557620,48,2
814820,48,4
125687,48,4
844459,48,5
1061606,48,4
1748612,48,3
2343970,48,5
1209453,48,4
1919060,48,3
930690,48,4
238857,48,4
634577,48,4
1687642,48,5
2386321,48,5
2390353,48,5
1956781,48,4
243024,48,4
1882992,48,5
695004,48,5
2632437,48,3
2119190,48,2
147239,48,4
1719421,48,4
2111199,48,2
1598341,48,3
550128,48,5
1994111,48,4
842677,48,4
1401742,48,3
1732302,48,3
10679,48,3
1576405,48,4
123846,48,5
705534,48,4
1986937,48,3
2023416,48,2
758234,48,4
1245738,48,4
2089352,48,2
336807,48,4
123356,48,5
771374,48,4
789894,48,3
56263,48,5
592277,48,4
93289,48,3
1299338,48,4
2148706,48,4
1841391,48,5
881960,48,4
1679257,48,2
1475760,48,4
19731,48,3
2253110,48,4
2340564,48,4
2056022,48,2
2481827,48,3
2544793,48,5
50026,48,5
1569593,48,3
1295112,48,2
1591260,48,2
1722054,48,5
2136630,48,4
1883550,48,4
2358949,48,4
2182532,48,5
878143,48,4
2072858,48,4
447308,48,5
272497,48,3
1182024,48,4
1191408,48,4
335033,48,5
1839681,48,3
524319,48,4
747710,48,4
51218,48,3
1087457,48,4
681701,48,4
2487901,48,4
1280761,48,2
1956010,48,2
2000237,48,5
2499884,48,4
1515746,48,4
2270644,48,5
501565,48,5
207972,48,4
1490243,48,4
1342917,48,5
567705,48,4
1758002,48,2
76444,48,4
1772003,48,4
1498221,48,4
2248596,48,5
168877,48,4
342740,48,4
1436780,48,1
830851,48,5
2002983,48,4
101757,48,5
1862555,48,4
1871513,48,3
363858,48,4
1147448,48,5
729187,48,3
508335,48,1
1034831,48,4
439894,48,3
1536728,48,4
46003,48,5
2416290,48,1
2441914,48,3
305667,48,3
1070896,48,1
982331,48,2
2511987,48,3
871667,48,4
2108623,48,4
2316429,48,5
419737,48,5
1140115,48,3
2142088,48,5
1195688,48,5
758961,48,3
1230844,48,5
1057021,48,5
1710487,48,2
544162,48,5
1735898,48,4
563942,48,3
430648,48,4
230298,48,4
1706425,48,4
54942,48,3
1855229,48,4
279433,48,4
883936,48,5
2554912,48,4
2375687,48,4
1078800,48,5
951873,48,4
1713604,48,5
1244059,48,5
758383,48,2
2176465,48,3
2278230,48,4
2426088,48,1
633839,48,3
2004601,48,4
2393478,48,5
157686,48,2
2076565,48,4
1085175,48,4
1625122,48,1
118061,48,4
320226,48,1
1315515,48,3
2056543,48,3
1164175,48,2
331655,48,4
454635,48,3
2012348,48,5
19006,48,5
1829686,48,5
1447463,48,3
2349571,48,2
1429956,48,2
2483306,48,5
840207,48,4
1537902,48,4
643372,48,2
1962880,48,2
2315006,48,3
1018018,48,4
1078644,48,4
2205706,48,5
2327483,48,4
339616,48,5
747084,48,5
122675,48,4
109079,48,3
1093643,48,3
2281769,48,4
872671,48,4
1558593,48,5
15898,48,4
828045,48,5
2207798,48,4
1993836,48,5
1630827,48,2
112170,48,2
1213114,48,5
832883,48,4
147404,48,5
299249,48,3
2170086,48,5
908626,48,4
7576,48,4
1079032,48,5
1807774,48,2
1504442,48,4
1011393,48,4
2220732,48,4
2527932,48,4
1986816,48,4
264065,48,3
2186920,48,5
589124,48,5
794805,48,3
1656980,48,3
213506,48,4
1233857,48,3
2102954,48,5
2055183,48,5
544033,48,3
1389153,48,1
1413434,48,4
1582575,48,5
1674777,48,4
707496,48,4
207650,48,4
480684,48,4
1423262,48,4
394528,48,3
200098,48,3
2154608,48,1
1795822,48,5
509532,48,3
2508629,48,5
2446535,48,4
1795511,48,4
2231824,48,3
2616294,48,5
1298173,48,1
22287,48,2
2241499,48,4
1806515,48,3
858264,48,3
2024111,48,2
901684,48,4
2111410,48,4
2435314,48,4
1554430,48,5
495814,48,3
1005185,48,5
386915,48,5
1048389,48,3
1059536,48,4
96133,48,4
2057611,48,5
2118461,48,5
155233,48,3
2025543,48,3
1475970,48,4
1398222,48,4
612690,48,2
1599983,48,3
1628484,48,1
127264,48,3
2458372,48,3
884078,48,5
37931,48,5
896114,48,4
2221748,48,5
1914382,48,5
801905,48,5
852755,48,3
2240905,48,4
2383288,48,3
2460796,48,1
1284386,48,5
157796,48,1
1820564,48,5
1226928,48,5
1114134,48,5
48678,48,5
75818,48,4
2178203,48,4
1081831,48,4
2451862,48,4
2079888,48,4
2438166,48,5
814740,48,3
1584985,48,4
2301118,48,3
179237,48,4
301501,48,5
1548363,48,3
2028420,48,1
2502412,48,5
840276,48,4
2618385,48,3
846859,48,3
387418,48,2
1284297,48,4
1756476,48,3
2381638,48,3
659991,48,3
396595,48,5
539192,48,3
1640627,48,5
1270957,48,4
2341845,48,5
2504446,48,4
1264748,48,3
754161,48,4
426928,48,1
1049568,48,4
1167595,48,3
532842,48,5
1247574,48,2
1853510,48,4
415253,48,4
2625824,48,5
270702,48,4
2587209,48,5
791291,48,4
1996107,48,5
22855,48,4
1015473,48,4
400037,48,5
2398221,48,4
2148401,48,5
1477752,48,5
223345,48,4
1029163,48,1
1292599,48,3
2069981,48,5
43987,48,3
2341353,48,3
703583,48,3
1804010,48,4
1696514,48,4
348960,48,5
1712684,48,5
770076,48,4
1241922,48,4
2520933,48,3
719978,48,5
1114324,48,3
1461193,48,1
610020,48,5
1725635,48,5
249121,48,5
2287170,48,3
183860,48,5
2069154,48,4
872215,48,2
2252435,48,4
1406534,48,5
1266206,48,3
1849656,48,3
2618211,48,4
752668,48,3
964622,48,4
2284250,48,5
835353,48,4
616922,48,3
1700099,48,4
1539854,48,5
2378079,48,4
1906611,48,3
1331954,48,4
2201132,48,4
1089664,48,3
120315,48,1
1087159,48,3
1519929,48,5
875205,48,4
1442949,48,4
2073637,48,4
1631720,48,4
935060,48,3
2337776,48,4
2276849,48,3
2470021,48,4
893014,48,4
1016321,48,4
329653,48,3
837476,48,4
2363788,48,5
1432524,48,1
974375,48,4
2592540,48,4
1334279,48,4
2591832,48,4
1962459,48,4
2238761,48,4
181124,48,3
108176,48,3
847863,48,3
2322298,48,5
2333481,48,3
1114342,48,4
701725,48,3
2484635,48,3
1932594,48,2
170728,48,5
255723,48,4
1102498,48,4
1343711,48,5
1289612,48,3
1285197,48,3
1324830,48,5
1023432,48,2
1130863,48,3
423084,48,5
898123,48,3
1860352,48,3
1500319,48,3
1762695,48,5
1061195,48,5
145873,48,5
1333911,48,5
1041603,48,5
654022,48,1
472729,48,3
1792311,48,4
1631698,48,4
516240,48,5
2358957,48,2
1961584,48,3
977705,48,5
591794,48,4
1692249,48,5
790913,48,4
1160597,48,4
2042756,48,4
661149,48,4
363114,48,3
1585476,48,4
182875,48,3
622994,48,5
2194653,48,4
1059045,48,3
1462208,48,3
1620158,48,4
491554,48,5
1305838,48,4
1060658,48,3
987574,48,4
2171187,48,3
237278,48,3
1091316,48,1
1398256,48,4
2305721,48,4
1754426,48,4
408645,48,2
1663888,48,1
2226847,48,5
1617382,48,4
1396557,48,4
2136814,48,4
1138198,48,3
1791361,48,2
445409,48,1
1257336,48,5
953653,48,4
70893,48,2
2206423,48,5
1036108,48,4
1211944,48,4
1461435,48,1
2198129,48,4
2229237,48,4
2312938,48,4
530763,48,5
2540263,48,5
27061,48,5
2328701,48,4
2583202,48,5
2591953,48,4
1349082,48,4
1028927,48,5
1760750,48,5
2227474,48,4
2258315,48,2
575714,48,3
1343136,48,4
2638987,48,4
182203,48,3
1737638,48,4
1909175,48,4
900298,48,3
1300582,48,1
253434,48,5
2452018,48,4
1602153,48,4
2012254,48,5
2606457,48,3
2091453,48,5
450552,48,4
2073563,48,4
587590,48,5
1816306,48,4
2311867,48,3
74720,48,5
1877958,48,2
1143751,48,4
286128,48,4
2427329,48,4
2380866,48,3
2580300,48,3
1199011,48,3
562579,48,5
353369,48,3
650634,48,3
2047577,48,5
232758,48,4
622909,48,3
151004,48,4
1334401,48,4
105019,48,5
1377236,48,4
2188936,48,4
1132434,48,5
429565,48,3
836289,48,5
2136912,48,3
792223,48,5
1884565,48,2
642384,48,5
1872980,48,4
1865835,48,4
2151636,48,4
2489377,48,5
418190,48,4
272241,48,4
270165,48,3
792879,48,4
868424,48,5
1467435,48,1
20948,48,3
1688442,48,3
1021435,48,2
267231,48,4
385834,48,3
2097364,48,4
2133447,48,5
877617,48,4
1945893,48,4
1713608,48,1
2590679,48,3
1310830,48,4
333843,48,5
2279048,48,5
2223918,48,5
1847613,48,3
101620,48,4
759470,48,2
1962300,48,3
728019,48,4
1041678,48,4
2225399,48,3
1181237,48,4
1676894,48,3
534673,48,5
61584,48,3
1639792,48,1
10779,48,5
968784,48,2
2177793,48,1
2544449,48,5
2280081,48,4
1515355,48,4
503813,48,3
1648316,48,3
1483181,48,4
2472158,48,4
128311,48,2
2086749,48,4
582829,48,1
393278,48,2
300720,48,3
814108,48,5
1302590,48,3
745510,48,3
1600960,48,3
2050168,48,5
2198510,48,3
2067312,48,3
808933,48,3
1341641,48,3
2156719,48,4
38946,48,4
1636243,48,4
2498911,48,4
426070,48,4
2502098,48,4
2194597,48,4
1020874,48,4
137503,48,4
454905,48,3
957133,48,5
451776,48,2
677639,48,4
982661,48,3
2508487,48,4
2093105,48,3
1276551,48,4
305792,48,3
173613,48,4
400103,48,5
1133264,48,4
1466901,48,2
2515480,48,3
947172,48,5
1318646,48,5
480181,48,4
1156180,48,4
642551,48,4
2566514,48,3
603684,48,3
1422650,48,2
454747,48,5
2469479,48,5
2535562,48,4
2385259,48,4
915959,48,3
2355940,48,3
1455446,48,3
1804811,48,4
443253,48,5
377329,48,3
1795209,48,3
518137,48,4
2386274,48,5
1552015,48,4
1167767,48,4
1985135,48,4
2536943,48,4
1344791,48,4
1134222,48,4
712609,48,5
865027,48,5
811530,48,3
2230100,48,4
1877143,48,5
2554991,48,4
1709669,48,5
2425550,48,3
585030,48,4
253061,48,5
2565516,48,4
988545,48,2
1862862,48,4
2154672,48,4
1774409,48,4
2239360,48,4
2136526,48,3
588044,48,4
1229874,48,5
204049,48,3
103565,48,5
2444873,48,3
1002509,48,1
855421,48,5
2293402,48,3
530189,48,1
2282041,48,5
376153,48,4
2238010,48,4
2404769,48,4
206222,48,5
1074260,48,5
1256755,48,4
1436645,48,3
374423,48,2
1033446,48,4
324475,48,4
502429,48,5
1526309,48,4
174184,48,4
2498845,48,4
1554349,48,5
2388497,48,3
118015,48,5
1574365,48,4
1306084,48,3
2083782,48,4
1881870,48,4
2139244,48,3
738113,48,5
2349702,48,3
709817,48,3
2639487,48,5
1951454,48,3
2232581,48,4
1991613,48,3
1270932,48,4
2255608,48,5
925971,48,3
2238060,48,5
1217133,48,5
1113177,48,3
2575394,48,4
1786788,48,4
2029858,48,3
1112365,48,2
1852040,48,2
1317616,48,3
1092677,48,4
1466266,48,5
2182555,48,5
1351189,48,2
486798,48,4
1676166,48,3
1930086,48,5
1986879,48,5
1769993,48,3
665128,48,4
346927,48,4
1217874,48,4
2631263,48,3
115613,48,4
610024,48,4
1671973,48,5
2110114,48,5
1787255,48,5
2195413,48,3
1731609,48,4
1612901,48,4
586724,48,5
1710210,48,5
955278,48,4
118523,48,4
743123,48,2
325427,48,5
1031692,48,5
1107785,48,4
2315870,48,5
1136188,48,5
1897308,48,4
2208977,48,4
2336596,48,4
423982,48,5
2174303,48,2
1811676,48,1
511936,48,4
515436,48,1
90446,48,4
22235,48,3
1940143,48,4
2039197,48,3
911384,48,4
2537026,48,4
232138,48,5
2481883,48,4
2320697,48,2
1817143,48,5
1820662,48,4
2029489,48,3
314043,48,4
578236,48,2
2491400,48,3
812587,48,2
474143,48,4
969495,48,4
2559507,48,1
590967,48,5
2039565,48,4
2328450,48,5
1458301,48,5
1051757,48,3
2313362,48,4
2426631,48,4
973623,48,4
2024374,48,5
395724,48,3
1769229,48,4
944531,48,5
1614163,48,2
2269542,48,4
2429294,48,4
553574,48,1
2406002,48,1
262803,48,4
2273211,48,5
376277,48,2
1908523,48,2
285174,48,3
561636,48,4
1617185,48,3
2556758,48,4
825554,48,5
1547794,48,5
2523435,48,3
1578366,48,3
1214854,48,5
2069625,48,5
761877,48,4
1711710,48,3
426460,48,4
1422883,48,5
1685548,48,3
1722278,48,5
2604057,48,3
723448,48,4
1156830,48,3
1789838,48,3
1440885,48,4
1094817,48,5
1988192,48,2
294040,48,3
1206401,48,5
1668322,48,4
1065402,48,4
2000600,48,2
2234535,48,3
1360936,48,3
78523,48,5
658737,48,3
2405254,48,4
1723416,48,5
239442,48,5
1225947,48,4
765484,48,3
188613,48,4
272840,48,4
21823,48,4
2540589,48,3
129855,48,3
2388374,48,1
1662674,48,3
2539681,48,5
1365347,48,3
614170,48,4
1237895,48,5
1061322,48,5
743178,48,4
1336867,48,5
1766524,48,5
2197773,48,5
2376183,48,1
374741,48,2
1470844,48,4
2270263,48,3
769745,48,3
522221,48,4
1855460,48,5
1933317,48,5
1634652,48,5
2446246,48,3
76906,48,2
1054248,48,5
25354,48,4
1049259,48,4
2169776,48,3
2283883,48,2
1416989,48,5
401624,48,4
1768449,48,5
21988,48,3
1698316,48,4
2031093,48,4
1563698,48,4
1125075,48,3
1922296,48,2
1640555,48,5
1789545,48,3
1271955,48,3
1775187,48,3
2576719,48,4
1281487,48,5
1023991,48,3
330278,48,4
1758466,48,3
2450817,48,4
770339,48,1
890668,48,4
1912140,48,4
2163438,48,2
1930011,48,4
873029,48,4
1780067,48,4
87134,48,3
586706,48,2
506048,48,3
795105,48,3
2051499,48,3
2332186,48,5
2377909,48,5
1451620,48,2
2179496,48,4
208724,48,4
2308068,48,5
63786,48,3
2420260,48,1
568523,48,5
771125,48,4
1677862,48,3
863719,48,5
770268,48,2
2151468,48,1
520675,48,3
221577,48,5
