1527030,47,3
1990901,47,4
2439005,47,4
1331887,47,3
1744889,47,4
304789,47,3
779760,47,4
1294425,47,1
2007993,47,4
1242432,47,5
1109700,47,4
1296163,47,3
716091,47,4
823613,47,4
1056998,47,4
573364,47,3
1401310,47,5
1780909,47,3
14690,47,4
247794,47,2
568620,47,4
2041711,47,3
1217256,47,3
1534640,47,2
1623132,47,4
2126729,47,1
2039337,47,4
2572249,47,3
1093403,47,2
2535052,47,4
76196,47,4
1648646,47,4
2161899,47,3
2648502,47,5
1183741,47,2
908205,47,3
2270997,47,4
859350,47,3
2179335,47,3
2138987,47,2
1859725,47,2
1998117,47,5
1348118,47,1
835624,47,5
2212395,47,3
2344483,47,5
2239227,47,1
2260788,47,1
2369755,47,4
653619,47,5
1276473,47,4
129971,47,4
1951144,47,4
138873,47,3
1895348,47,2
1931804,47,2
2500070,47,4
1488298,47,4
172474,47,4
1977959,47,3
2004175,47,3
2174660,47,4
740724,47,2
1805240,47,4
259348,47,4
2287402,47,3
2605003,47,3
652356,47,2
958382,47,4
1984086,47,3
475351,47,3
1454357,47,4
621640,47,3
575786,47,4
834933,47,3
1361687,47,4
2625857,47,2
2491085,47,4
198847,47,3
192421,47,3
982888,47,4
340715,47,3
1451137,47,2
511234,47,4
544673,47,3
2577867,47,1
1228566,47,3
2097995,47,3
679412,47,1
1523159,47,3
641806,47,2
1517471,47,4
2541025,47,1
118346,47,4
1389265,47,2
1348148,47,2
2322688,47,3
656460,47,4
542326,47,4
329712,47,3
507921,47,3
899412,47,2
404888,47,4
2455019,47,3
303948,47,3
1257103,47,3
2244849,47,3
41371,47,3
2290519,47,3
1712732,47,3
1492122,47,1
487576,47,3
670745,47,5
2518195,47,3
1037526,47,3
2449359,47,3
765066,47,3
491331,47,3
2554745,47,5
2098985,47,4
1673185,47,3
1754794,47,3
709091,47,4
1336501,47,1
103839,47,2
1400206,47,4
1109861,47,3
2559642,47,2
1372672,47,4
202381,47,2
1442604,47,1
1799789,47,2
1127019,47,4
152178,47,5
2604824,47,4
1767208,47,3
481309,47,4
1243948,47,4
113178,47,2
2203244,47,1
2579169,47,1
1172345,47,2
110384,47,4
1823259,47,3
699662,47,3
215170,47,4
377803,47,5
865725,47,4
1123943,47,4
328509,47,4
532236,47,4
631636,47,4
1197233,47,2
216591,47,3
960023,47,5
816549,47,4
688286,47,5
2301393,47,2
969892,47,1
424958,47,3
2291268,47,4
179079,47,3
2469844,47,3
1928445,47,3
924839,47,2
2289265,47,4
1729740,47,4
1373500,47,2
386357,47,3
66109,47,1
722948,47,3
57389,47,4
1466762,47,5
2266083,47,3
1733406,47,4
1224077,47,4
2121810,47,3
860145,47,5
2284627,47,3
2553297,47,4
2178659,47,1
1891984,47,3
1424487,47,2
873556,47,4
580244,47,1
1965267,47,3
1312864,47,4
1637761,47,2
2145575,47,3
1265763,47,4
1772481,47,5
824828,47,5
1054626,47,2
2068821,47,3
2315129,47,4
1439015,47,4
1898701,47,3
926374,47,4
759578,47,3
347434,47,3
1960330,47,3
2501391,47,4
817609,47,4
1741099,47,5
1439700,47,4
2216056,47,4
1674254,47,3
1938727,47,5
1149582,47,3
380854,47,2
192334,47,2
922747,47,5
714303,47,1
2208697,47,4
2576428,47,3
187602,47,2
1266882,47,3
2278539,47,5
1368150,47,2
2266166,47,1
1611560,47,2
2409550,47,4
505375,47,4
1636268,47,5
747312,47,3
431646,47,2
1023101,47,3
2617950,47,4
1107636,47,2
717542,47,3
2530252,47,3
53243,47,3
1949179,47,4
30978,47,3
394897,47,4
739511,47,5
148394,47,2
768771,47,2
1034769,47,3
1137138,47,3
1855975,47,2
2194013,47,5
857241,47,5
1204113,47,3
1512369,47,4
1423956,47,4
1103154,47,5
2465236,47,3
1764950,47,3
1973594,47,4
1810074,47,4
386510,47,5
1859573,47,3
236852,47,3
468031,47,4
2573288,47,2
2604976,47,3
2614709,47,4
682803,47,4
1083415,47,4
718043,47,3
2598028,47,1
503235,47,2
2569044,47,3
2498359,47,4
753836,47,5
544022,47,4
2223740,47,5
1529338,47,3
1539456,47,3
1457029,47,4
348602,47,3
1927580,47,4
1407746,47,3
303821,47,3
1146880,47,4
2087505,47,1
1954946,47,1
1951270,47,3
570371,47,4
2448822,47,4
103619,47,4
779144,47,2
1568814,47,3
1394466,47,4
2126248,47,4
1070629,47,3
602458,47,3
2162539,47,3
714559,47,2
123707,47,4
917647,47,3
2508652,47,5
2494602,47,4
1907807,47,3
349572,47,3
232257,47,5
1802239,47,3
2120046,47,5
2470582,47,5
2195747,47,3
24294,47,4
365733,47,3
1718511,47,4
2240305,47,5
707166,47,4
1731449,47,5
2467199,47,4
257622,47,3
1848157,47,4
900455,47,4
1872786,47,4
521825,47,2
1037347,47,3
1080197,47,1
1970471,47,5
1160995,47,3
1961619,47,3
724224,47,4
617211,47,4
269689,47,3
1438599,47,3
973133,47,4
40563,47,3
1385988,47,4
1662714,47,4
2092534,47,4
1402595,47,1
478176,47,4
703049,47,5
2068218,47,1
1810791,47,3
858641,47,4
2298006,47,4
104764,47,1
388254,47,3
2278388,47,5
2100210,47,5
1427380,47,3
1493418,47,4
2109316,47,4
854751,47,1
1618288,47,5
748854,47,3
1600209,47,3
51455,47,4
1272379,47,1
1051943,47,3
277916,47,3
1788346,47,3
1699419,47,5
1383811,47,5
1998574,47,4
1549284,47,3
504316,47,4
745238,47,3
543279,47,3
1728556,47,4
2586407,47,4
519965,47,3
486255,47,2
1103080,47,5
772923,47,3
1232582,47,1
1979650,47,1
395034,47,5
1194542,47,3
380824,47,3
1792741,47,1
2157486,47,4
110288,47,5
2312986,47,4
2129672,47,3
1947371,47,5
1575462,47,4
2238529,47,2
2246410,47,1
2115290,47,3
2244589,47,4
1944305,47,3
295182,47,5
1415187,47,4
1755550,47,3
1459526,47,4
1041295,47,5
2578689,47,3
550901,47,3
1355023,47,3
1342785,47,3
2353394,47,5
2446131,47,5
711569,47,3
28445,47,4
2217988,47,3
2363803,47,2
1605580,47,5
1739284,47,4
701615,47,3
1104869,47,4
598790,47,2
1978087,47,3
1240130,47,5
1952337,47,3
2237185,47,3
504211,47,2
1928204,47,3
2111183,47,4
1029943,47,3
974823,47,3
102028,47,4
227076,47,2
786695,47,3
245488,47,3
1187113,47,3
1496407,47,4
1532433,47,4
1696241,47,4
2420198,47,3
2002671,47,2
1120335,47,3
2218060,47,2
2608615,47,4
2484944,47,2
1927703,47,3
1011918,47,4
2593882,47,1
664203,47,5
2125709,47,4
2094693,47,3
765129,47,4
2077168,47,4
1300976,47,4
2247785,47,3
192889,47,2
367344,47,3
2630337,47,5
1819462,47,2
148674,47,4
2152046,47,2
52794,47,3
989579,47,5
2439493,47,1
1110245,47,4
711205,47,4
2608363,47,3
330453,47,4
530789,47,5
14728,47,3
1650338,47,4
737370,47,1
640464,47,3
1897107,47,1
1240334,47,3
1068821,47,4
880283,47,3
2280493,47,4
2219070,47,1
455352,47,4
2601604,47,4
1758848,47,1
164232,47,4
1952860,47,5
596550,47,3
862931,47,4
1284640,47,2
214520,47,3
501850,47,3
1182897,47,3
66754,47,1
852739,47,2
2341018,47,4
218478,47,5
2208495,47,5
1332428,47,4
116726,47,2
2159724,47,2
186435,47,4
2490436,47,3
147386,47,4
620967,47,3
320708,47,5
1533848,47,1
1615548,47,3
2507646,47,4
1962294,47,3
336399,47,4
1388632,47,4
342803,47,4
1339784,47,2
1253619,47,3
65618,47,1
1727197,47,5
2187027,47,4
1500625,47,3
72451,47,3
1910320,47,4
2227850,47,2
1307703,47,5
1545709,47,4
1410683,47,2
2404693,47,4
928481,47,2
2174682,47,5
176377,47,5
828168,47,5
177972,47,3
2014706,47,1
238740,47,4
1368396,47,5
2308483,47,3
116101,47,4
174783,47,4
1041555,47,3
832780,47,4
2618891,47,2
741510,47,3
2432893,47,3
2455340,47,2
1430108,47,3
175826,47,4
206967,47,2
796288,47,3
1942557,47,5
492714,47,3
2386796,47,3
1930526,47,4
1355138,47,3
2290761,47,3
146757,47,5
1939431,47,4
219174,47,3
887893,47,3
799498,47,3
1018633,47,3
1577182,47,5
1083590,47,2
2382859,47,3
1243653,47,4
256054,47,4
1047368,47,3
2382615,47,4
1607762,47,2
1516909,47,4
1139937,47,4
343555,47,4
681107,47,1
941190,47,1
1632784,47,4
1534723,47,5
2389367,47,3
2509644,47,3
1321284,47,4
793537,47,5
908384,47,2
614412,47,4
1540380,47,4
1692674,47,3
537912,47,3
222518,47,3
1781500,47,4
1291542,47,4
2155681,47,2
717555,47,3
1928290,47,3
74320,47,4
764785,47,3
559741,47,5
1267391,47,4
2407276,47,4
2523426,47,4
1724752,47,4
991125,47,4
2431636,47,2
96987,47,2
2143270,47,5
2225344,47,5
1456837,47,4
29526,47,3
7116,47,3
1467298,47,3
2588510,47,3
2440681,47,5
1961138,47,4
1764316,47,4
2023244,47,3
2333850,47,3
934235,47,3
1091113,47,4
902498,47,2
612306,47,3
2301601,47,4
2631526,47,1
2604217,47,1
685420,47,2
2584252,47,4
1898310,47,3
1110156,47,3
1055338,47,4
1028463,47,1
297742,47,1
280790,47,4
1473595,47,4
1717188,47,4
150597,47,3
1478933,47,4
164882,47,4
1850664,47,3
101049,47,2
126083,47,2
2140597,47,4
608896,47,5
1634448,47,3
1515943,47,1
1994481,47,3
567283,47,4
628120,47,3
1925116,47,1
1354545,47,3
2314419,47,2
1903491,47,4
2208519,47,2
508584,47,3
1188449,47,3
762001,47,2
627923,47,3
1449358,47,1
1788733,47,5
2070798,47,4
1813586,47,4
984718,47,5
2195084,47,4
127581,47,4
1695600,47,4
926900,47,4
45752,47,3
1536967,47,4
1201695,47,5
2621150,47,3
1017860,47,5
1496095,47,5
268739,47,3
1691661,47,3
1688293,47,2
378033,47,4
952156,47,3
1092521,47,3
1457830,47,4
265049,47,2
390637,47,4
1750139,47,4
1939029,47,3
1571299,47,5
621553,47,4
2070704,47,4
2486710,47,1
2248080,47,2
1830936,47,3
814764,47,1
752626,47,3
868974,47,4
381026,47,3
732669,47,3
653906,47,3
1501943,47,2
818752,47,2
1322507,47,4
1287939,47,3
1062999,47,5
1739691,47,4
286665,47,4
1999176,47,2
2397150,47,3
2217779,47,2
1193242,47,4
1087764,47,4
2279052,47,3
2383910,47,4
638651,47,4
963383,47,3
786995,47,4
2415196,47,2
1517590,47,3
769702,47,5
1827859,47,3
1065658,47,3
363610,47,5
1698503,47,4
904768,47,4
306622,47,2
2512128,47,3
1571988,47,4
1217493,47,1
1241318,47,4
1530021,47,5
1922072,47,4
1339481,47,3
582815,47,2
790346,47,1
1431710,47,4
175915,47,1
2237830,47,1
2457095,47,1
1318548,47,4
570428,47,4
2339953,47,3
633058,47,5
2100429,47,4
1997808,47,4
2026477,47,4
1524853,47,1
1414501,47,3
2336079,47,4
2370302,47,1
1268091,47,4
1876520,47,1
2244728,47,2
1936110,47,2
186079,47,5
852683,47,3
2557650,47,4
1471251,47,3
2413875,47,4
1892119,47,4
2596745,47,4
778730,47,3
804602,47,2
550883,47,2
1466302,47,3
2541385,47,4
471177,47,3
2015884,47,4
2141037,47,2
2356870,47,2
1865846,47,2
1281114,47,5
572094,47,5
2188853,47,3
1585767,47,4
2517669,47,4
902293,47,4
1290937,47,3
2619756,47,1
1423063,47,4
95133,47,3
901997,47,2
2136927,47,3
418328,47,2
209088,47,4
1080272,47,4
2303680,47,3
2607116,47,1
351357,47,3
1857885,47,5
1966998,47,2
2388118,47,4
2291589,47,3
1362465,47,5
2613898,47,5
849928,47,4
613588,47,4
1071266,47,4
496436,47,3
783585,47,3
1771242,47,4
2329565,47,1
1120498,47,3
1215094,47,4
1570562,47,5
562794,47,3
1204995,47,2
1070197,47,3
1476635,47,1
1081321,47,3
389254,47,4
973443,47,3
2392084,47,5
163887,47,4
1883537,47,1
1858770,47,3
1287892,47,3
716158,47,3
2456277,47,4
1478444,47,5
2494753,47,4
2033422,47,4
1457189,47,3
952582,47,2
1500112,47,4
1219484,47,4
864528,47,3
905048,47,3
299857,47,3
953092,47,2
1268483,47,4
728171,47,4
1274584,47,4
2394906,47,4
386509,47,5
1209122,47,5
813424,47,3
2307327,47,2
1658734,47,4
1704248,47,3
2511993,47,3
2260761,47,4
275803,47,4
2189299,47,3
2057113,47,4
842785,47,2
1788023,47,3
1527217,47,4
1047039,47,3
1009089,47,5
2535720,47,4
434799,47,1
562156,47,3
923517,47,5
1125711,47,3
74769,47,5
2404300,47,4
261611,47,4
1696881,47,3
1259083,47,3
1745404,47,4
2197467,47,2
1417406,47,1
1172980,47,3
1927761,47,4
507603,47,1
2645828,47,5
116977,47,1
867588,47,3
2637932,47,3
2194079,47,5
380878,47,5
1797831,47,3
1827608,47,5
1596116,47,2
2048347,47,4
447313,47,3
966677,47,3
466842,47,3
1877332,47,3
2120864,47,4
831912,47,4
501954,47,5
648980,47,4
1165236,47,3
2111073,47,5
595870,47,2
634927,47,2
2537543,47,1
2254892,47,3
865494,47,4
1797678,47,3
3595,47,4
206152,47,4
2633320,47,3
2463919,47,5
1761752,47,2
131027,47,2
1819879,47,3
1296676,47,4
47845,47,3
2166018,47,4
390062,47,4
1935937,47,3
562206,47,1
2377222,47,5
1826554,47,3
1434080,47,2
969775,47,2
1655656,47,4
267717,47,3
1226040,47,3
2210727,47,3
871138,47,3
1530425,47,3
664790,47,5
302748,47,1
580231,47,2
836150,47,3
2083367,47,3
311989,47,5
1940080,47,2
1637343,47,5
2250323,47,3
964762,47,5
994370,47,3
1681382,47,4
2552319,47,3
122337,47,3
2532402,47,3
2253129,47,3
616131,47,5
1397843,47,4
1637683,47,5
1543240,47,5
675283,47,3
2150751,47,3
1960381,47,3
1085879,47,2
2549746,47,2
2260405,47,5
1551543,47,5
1629248,47,5
1598894,47,4
2322711,47,4
657198,47,5
327249,47,3
659526,47,4
2585427,47,1
665905,47,4
78456,47,4
1769262,47,3
47499,47,2
2183302,47,3
143120,47,4
1281639,47,4
1964447,47,5
1685912,47,3
2188580,47,4
2591472,47,4
2438319,47,2
202619,47,2
274191,47,3
1017919,47,3
2113841,47,3
1239944,47,4
377937,47,1
960983,47,4
1877483,47,4
1750007,47,4
2141105,47,3
2590885,47,3
383445,47,3
235564,47,4
2455878,47,2
728767,47,4
1463219,47,4
2203225,47,1
1132764,47,3
853480,47,3
2368247,47,4
645358,47,5
2588497,47,2
1532220,47,3
1106378,47,2
994565,47,4
2365577,47,3
2482384,47,3
772534,47,5
1684416,47,3
1551926,47,2
1430784,47,4
1664010,47,5
2423733,47,4
1902838,47,3
1769608,47,3
2521982,47,4
34762,47,3
263823,47,3
563909,47,5
609629,47,5
1008300,47,1
2426411,47,3
1932079,47,3
1206948,47,3
2404723,47,5
813640,47,5
1301050,47,5
1469029,47,4
312903,47,3
114873,47,4
2563721,47,3
1186815,47,1
1652069,47,5
2122850,47,3
2599873,47,2
1891521,47,5
688306,47,4
1601616,47,3
620204,47,5
1171590,47,3
396661,47,4
2180134,47,5
732616,47,4
1985312,47,3
1365076,47,3
1032853,47,4
2296989,47,3
2404142,47,1
910244,47,4
767688,47,4
32885,47,2
905622,47,4
1480932,47,1
1954155,47,4
806605,47,1
1351603,47,4
2221307,47,4
1686094,47,2
519761,47,4
247474,47,3
504243,47,4
928245,47,4
1974807,47,4
501801,47,1
365879,47,4
896391,47,3
2387990,47,3
326378,47,3
517794,47,3
1253103,47,3
994563,47,5
753107,47,3
2060313,47,5
101807,47,4
372018,47,4
702086,47,2
2458451,47,4
1351751,47,1
1903072,47,4
1510826,47,3
1045886,47,3
2297136,47,1
74738,47,5
1802392,47,2
1021356,47,3
2268553,47,4
877394,47,3
2382660,47,3
1730699,47,4
2537928,47,4
946380,47,3
2099780,47,3
1064326,47,3
2081170,47,2
230986,47,3
1350064,47,4
45687,47,4
1156403,47,3
368433,47,3
1435875,47,3
220203,47,3
936713,47,4
2072545,47,2
1753001,47,1
2348342,47,2
2245937,47,3
1176322,47,3
2080935,47,1
2264286,47,4
15613,47,3
2040302,47,3
927129,47,5
875984,47,5
2442177,47,4
1559194,47,3
619207,47,2
779811,47,4
1623916,47,3
1605593,47,3
1108689,47,5
364366,47,5
160449,47,3
592786,47,4
1675269,47,3
2489545,47,3
1117152,47,5
319499,47,1
2264105,47,5
2288858,47,3
2481225,47,4
2036646,47,4
1982293,47,4
2142951,47,5
2255305,47,4
2037342,47,3
615750,47,5
440708,47,4
551984,47,3
2012675,47,3
2125717,47,4
2078967,47,4
1476458,47,4
2573391,47,3
879912,47,2
347276,47,3
1803723,47,3
1050698,47,3
1508040,47,3
2295723,47,3
1826418,47,4
1758120,47,2
1432284,47,4
1049142,47,3
905964,47,2
1301819,47,3
1720844,47,5
1820824,47,4
1298511,47,2
289419,47,4
2164847,47,1
396140,47,3
1755011,47,3
1662724,47,2
140601,47,4
1558888,47,2
693527,47,3
1949871,47,4
1177848,47,2
975522,47,5
86246,47,3
1011240,47,2
565401,47,4
550515,47,5
146780,47,3
1928030,47,4
913008,47,3
504440,47,3
873591,47,5
2167190,47,3
1432549,47,2
318409,47,1
441143,47,5
1998128,47,3
1824009,47,3
1400327,47,2
684531,47,4
2086711,47,4
869468,47,3
877460,47,4
1428452,47,3
2124199,47,3
2559676,47,3
585132,47,3
2378112,47,1
1917087,47,4
2599718,47,3
1056568,47,3
1935793,47,1
1191455,47,4
934981,47,3
1251204,47,4
665252,47,4
1253002,47,4
1317134,47,4
1477153,47,3
11267,47,3
2296531,47,5
2400234,47,1
1510054,47,4
71594,47,4
922551,47,3
2626336,47,2
2267425,47,3
1816884,47,2
707012,47,4
1589470,47,1
898576,47,3
462935,47,4
1932397,47,3
363340,47,3
1204665,47,3
703340,47,5
1574148,47,3
224944,47,4
506024,47,4
718966,47,4
690615,47,4
2214254,47,4
2279291,47,2
978546,47,2
2601377,47,4
263235,47,3
798395,47,3
1011106,47,5
1254295,47,3
1910947,47,4
1450391,47,3
155486,47,5
554477,47,1
2112304,47,3
795714,47,5
278950,47,3
746873,47,5
1547524,47,1
1642718,47,2
2291306,47,3
2472692,47,1
762835,47,3
971678,47,3
1501585,47,4
1399712,47,5
1706866,47,4
2056584,47,4
486149,47,5
2495620,47,2
2634074,47,3
1121577,47,4
1092625,47,3
2636478,47,3
93325,47,2
567875,47,1
2506950,47,3
1535401,47,3
1755824,47,5
2249750,47,2
315146,47,4
524390,47,4
233334,47,1
1273493,47,3
2401693,47,4
609264,47,4
808435,47,4
1421402,47,5
1406803,47,4
2334259,47,4
2215388,47,2
1534447,47,1
876389,47,3
2085067,47,4
1595876,47,5
1479374,47,3
1539579,47,3
1569028,47,1
2406094,47,3
197897,47,5
911580,47,3
799201,47,3
352697,47,4
1696273,47,5
2186927,47,3
1742648,47,3
6801,47,5
1148604,47,5
2305082,47,3
707563,47,5
1359449,47,3
1466527,47,3
1444741,47,4
2430909,47,4
23316,47,5
320972,47,3
576723,47,3
1269998,47,4
831151,47,4
1048629,47,4
1895259,47,3
1961980,47,3
2551046,47,4
2156074,47,3
2190033,47,4
1643251,47,2
2218827,47,3
2449001,47,3
1194911,47,4
2275470,47,4
392426,47,4
513285,47,2
1556831,47,3
370508,47,4
438340,47,4
2216080,47,2
2037725,47,3
111322,47,3
237405,47,3
1537612,47,3
554587,47,3
452667,47,3
780664,47,4
2072811,47,4
182123,47,5
1317671,47,2
1406473,47,4
903186,47,4
224713,47,4
2608951,47,1
1096051,47,3
1862492,47,1
2554035,47,5
2552024,47,3
2181491,47,4
2415041,47,5
2114807,47,1
1378838,47,3
332466,47,2
1129493,47,2
1760208,47,3
66540,47,4
4421,47,3
2066490,47,3
489406,47,2
519180,47,4
2590402,47,4
2561009,47,4
2086901,47,4
2045846,47,3
506241,47,3
574834,47,3
2089599,47,1
2510301,47,3
920065,47,1
1219202,47,4
2372744,47,3
427072,47,2
1039760,47,5
307231,47,5
2349628,47,3
754185,47,4
1987190,47,3
2126168,47,3
2130558,47,3
820758,47,1
218859,47,1
1389295,47,4
2051520,47,4
2263248,47,3
837153,47,3
1458713,47,4
2606799,47,1
770133,47,3
1167439,47,3
1984315,47,3
271346,47,2
1641304,47,4
1847932,47,5
1244628,47,5
948037,47,4
2450378,47,4
1079165,47,3
75894,47,5
1567783,47,5
1072939,47,3
566016,47,5
1443495,47,3
811357,47,3
2597530,47,3
234155,47,3
1440454,47,5
564895,47,4
1332214,47,4
511883,47,4
1476102,47,3
2512235,47,3
2402173,47,3
1146000,47,3
754030,47,2
400876,47,4
1533591,47,3
1024189,47,2
2443747,47,4
2510262,47,2
1947378,47,3
443093,47,2
2614232,47,2
1581343,47,3
1540779,47,1
1566234,47,4
1646912,47,3
367265,47,4
1214181,47,3
1641072,47,4
29078,47,4
582075,47,3
424470,47,5
647979,47,5
2375962,47,2
1342357,47,3
431019,47,2
2579100,47,4
1823405,47,4
2127544,47,3
933082,47,3
1823645,47,3
2141931,47,3
2175450,47,2
454895,47,5
2127108,47,2
1467831,47,1
716173,47,5
803330,47,3
1345167,47,4
104721,47,3
2232568,47,3
2247454,47,3
2263070,47,3
606973,47,3
341541,47,2
315388,47,4
1299887,47,4
2168905,47,4
2537580,47,2
1829685,47,1
1340473,47,5
2430041,47,3
1411286,47,4
1955132,47,4
247442,47,4
845597,47,3
485466,47,4
1649621,47,4
953002,47,3
2236686,47,3
2261792,47,4
1215016,47,5
2569369,47,2
1582952,47,3
16272,47,2
1664529,47,3
876370,47,2
2267322,47,1
2477145,47,2
305902,47,4
1216613,47,1
2201882,47,3
521074,47,4
112886,47,4
2444240,47,3
323835,47,3
2458107,47,3
665420,47,3
1020215,47,4
158489,47,2
2355326,47,3
2527740,47,4
583753,47,1
242616,47,4
1728779,47,4
403446,47,3
119754,47,3
1358463,47,5
2264726,47,4
1617329,47,3
104042,47,5
1322292,47,3
904842,47,3
1043398,47,4
1662118,47,3
1167477,47,4
517392,47,1
1822277,47,4
2417643,47,1
1667288,47,1
1184071,47,3
54870,47,4
499768,47,3
2362135,47,4
466937,47,3
962044,47,3
403106,47,3
2396194,47,3
2385435,47,4
753230,47,4
319058,47,4
1118663,47,3
2434632,47,3
936746,47,4
2191453,47,4
717980,47,3
1442124,47,3
170323,47,4
2517588,47,4
1531229,47,3
8212,47,4
1438386,47,3
164804,47,4
1390399,47,4
1381392,47,3
1165782,47,3
1691501,47,4
85960,47,4
62771,47,5
1875595,47,2
1497891,47,3
475537,47,3
1290799,47,3
367328,47,1
1338171,47,3
1291710,47,4
538735,47,4
2415052,47,2
671089,47,3
1190848,47,2
2575496,47,4
1258916,47,1
1331370,47,4
1545475,47,3
1294471,47,3
2544428,47,3
1476852,47,3
247446,47,5
2641477,47,5
523109,47,3
1811506,47,1
1433751,47,3
1534677,47,4
583218,47,5
555069,47,5
964436,47,4
2353246,47,2
1181558,47,4
703543,47,4
1193862,47,4
1774623,47,3
305344,47,2
272280,47,1
1227440,47,4
739334,47,1
2022235,47,2
66340,47,3
2561682,47,5
2452881,47,5
2018665,47,3
1351796,47,4
1534444,47,3
1470113,47,4
2531311,47,4
884500,47,4
2048620,47,4
1766322,47,5
2104114,47,4
2317063,47,3
62638,47,4
253251,47,3
1136641,47,5
431731,47,3
345241,47,3
1134384,47,1
111086,47,5
2134461,47,3
1945863,47,3
449686,47,1
1863423,47,4
1880556,47,3
1242585,47,3
2591054,47,4
1203347,47,2
1970534,47,4
1060488,47,5
2409280,47,3
366233,47,1
1851609,47,5
1137851,47,3
2115337,47,4
1341525,47,1
1766397,47,4
1403217,47,1
446163,47,4
1126621,47,5
1912542,47,1
2037693,47,1
2596265,47,3
872147,47,4
381941,47,4
540746,47,5
788067,47,4
1099404,47,5
170551,47,1
1114884,47,4
308820,47,2
838612,47,4
1676752,47,3
346251,47,5
2147527,47,1
74441,47,4
28581,47,3
311110,47,4
1396341,47,1
1657966,47,3
1176776,47,4
1065407,47,3
1324041,47,1
1215846,47,3
1451533,47,4
299365,47,2
353723,47,5
1894721,47,3
511847,47,5
1039536,47,1
2159810,47,4
256278,47,3
438451,47,1
1672204,47,3
168729,47,4
1322420,47,3
611082,47,3
383468,47,3
108779,47,3
2376301,47,4
364867,47,2
2270963,47,2
161013,47,3
2105602,47,3
3458,47,4
1096226,47,3
1562255,47,2
274014,47,3
509554,47,3
1332126,47,2
1710643,47,2
138835,47,3
709119,47,3
424144,47,2
1101737,47,4
748874,47,1
2464081,47,5
1790477,47,3
513026,47,4
1466382,47,3
620010,47,3
2442028,47,3
2188684,47,3
879989,47,4
2100345,47,3
1808201,47,3
1640841,47,3
1382837,47,1
1812156,47,2
881711,47,4
825831,47,3
1462211,47,3
688051,47,2
1643146,47,3
2428853,47,4
378955,47,5
26101,47,4
655601,47,4
1104482,47,2
1661271,47,1
2276279,47,3
2260267,47,3
1151002,47,4
338723,47,4
1859908,47,4
740127,47,5
1160232,47,3
706343,47,3
1718867,47,4
2374610,47,5
1956944,47,3
1850228,47,3
497679,47,3
1882140,47,5
2584676,47,2
1382958,47,3
1949399,47,4
1293788,47,3
2498810,47,4
601392,47,3
1701762,47,3
2315012,47,1
1797565,47,3
1223912,47,3
983069,47,2
310027,47,5
314374,47,1
1461920,47,3
605577,47,4
353335,47,5
2161938,47,3
1689198,47,4
280248,47,3
718829,47,4
2345756,47,4
2544573,47,5
1778011,47,4
1040848,47,5
1854414,47,3
868463,47,4
1676445,47,4
931384,47,3
1417705,47,3
763477,47,2
360264,47,5
2239213,47,1
736927,47,5
1073396,47,4
2144951,47,1
2216322,47,5
2567276,47,4
50787,47,3
1600721,47,3
1484157,47,4
635452,47,3
1956888,47,4
2231096,47,2
168318,47,4
599997,47,2
902413,47,4
1023878,47,3
2187377,47,3
2316631,47,3
24995,47,4
372095,47,5
1476562,47,2
1305021,47,3
87674,47,4
1892532,47,5
2043681,47,4
240716,47,3
1806011,47,4
2091589,47,3
1675680,47,4
1819175,47,2
1454789,47,3
1792646,47,5
1672889,47,3
1494580,47,5
1977824,47,4
1715766,47,3
2121920,47,1
156129,47,4
1440607,47,2
1109849,47,1
877492,47,3
2270041,47,1
2137853,47,4
1642316,47,2
1637265,47,4
1870216,47,2
452873,47,3
1582923,47,2
1020214,47,5
229165,47,3
1714546,47,3
353435,47,2
729393,47,2
803013,47,2
2532502,47,3
1431356,47,5
1187252,47,3
756287,47,5
1620909,47,1
1538396,47,3
517454,47,3
2350141,47,4
166965,47,3
2633932,47,4
1509271,47,3
2436832,47,4
868700,47,2
930632,47,1
137958,47,2
2158747,47,2
2209278,47,4
137602,47,2
1319949,47,3
1483814,47,2
1271337,47,3
2590581,47,5
813553,47,2
70666,47,1
1431104,47,2
490057,47,3
752642,47,3
128040,47,5
1391691,47,3
2006715,47,4
1189426,47,3
1344511,47,3
430318,47,1
1580032,47,4
2367330,47,4
964001,47,4
613712,47,2
2179686,47,3
697054,47,3
1634596,47,2
1188440,47,4
453217,47,3
1756620,47,5
2472715,47,1
2059863,47,3
833271,47,1
2475149,47,1
636893,47,3
224858,47,4
1720038,47,4
1500828,47,2
1741802,47,4
2445689,47,4
1853520,47,4
201114,47,5
1450684,47,4
1537868,47,3
421240,47,3
1575850,47,4
1921496,47,4
2491746,47,3
2169264,47,3
577201,47,3
363192,47,5
2338855,47,3
1224756,47,4
110521,47,3
1130999,47,1
2580101,47,5
1379159,47,5
1193144,47,3
713559,47,2
221530,47,3
1767361,47,3
2421104,47,4
2325794,47,1
1425521,47,4
1979737,47,3
507448,47,4
2228763,47,4
2026317,47,3
1526365,47,5
1048884,47,4
2183247,47,4
1561960,47,1
10679,47,2
996577,47,3
1690473,47,3
149409,47,1
1961161,47,3
869446,47,4
2056022,47,1
1047834,47,3
1013474,47,4
2472682,47,4
1330588,47,2
756626,47,1
326356,47,5
603543,47,2
867311,47,4
1051473,47,4
1351411,47,5
2177175,47,5
1547747,47,4
2195910,47,3
727837,47,4
471654,47,5
1191408,47,4
1723041,47,4
854364,47,3
845813,47,2
1769638,47,3
1585056,47,3
354581,47,3
2224950,47,3
1763048,47,4
214309,47,3
1045579,47,4
846325,47,3
2205547,47,3
2362622,47,5
721771,47,4
896279,47,4
1103178,47,5
2093590,47,4
2063641,47,3
2274850,47,1
578191,47,2
973622,47,3
1174611,47,4
1474260,47,3
478315,47,5
1423127,47,4
1745463,47,2
868620,47,4
2002853,47,3
664659,47,3
1765966,47,1
677536,47,3
44640,47,2
2239892,47,5
1500852,47,4
981800,47,4
1221163,47,4
837133,47,4
919316,47,3
1044050,47,5
1625122,47,4
2362542,47,1
1027808,47,3
199023,47,3
1723254,47,4
961541,47,2
2049659,47,3
212351,47,4
1837470,47,3
1875549,47,3
708047,47,4
1432044,47,3
1181111,47,2
1166536,47,3
1362141,47,3
670488,47,3
133075,47,2
1438161,47,3
1044034,47,2
22718,47,2
230265,47,3
2545730,47,4
1385316,47,4
940564,47,3
1158164,47,4
2139016,47,3
2236255,47,3
828344,47,3
1973951,47,2
1866323,47,4
1807774,47,3
2220732,47,1
772798,47,5
2518550,47,1
1905270,47,3
1974130,47,4
84737,47,2
2052544,47,1
2318588,47,5
1380413,47,4
1284016,47,1
1169361,47,4
2294868,47,2
2454612,47,3
963049,47,4
31985,47,2
776066,47,3
141370,47,2
530891,47,4
1934459,47,3
1626426,47,4
461358,47,5
2435314,47,3
38464,47,2
2118461,47,4
378376,47,3
2322250,47,4
1333065,47,4
1379440,47,3
1108065,47,2
1026937,47,3
612690,47,1
875855,47,3
1418521,47,4
2241897,47,4
1935388,47,3
1985631,47,4
1028480,47,1
1172667,47,3
14704,47,5
876910,47,4
1337699,47,4
653482,47,4
168523,47,2
157796,47,2
2351402,47,3
1635736,47,4
1844649,47,2
2082862,47,4
1742759,47,3
1116110,47,5
993424,47,4
2090850,47,3
2092172,47,4
1104152,47,4
387418,47,1
2584254,47,4
375177,47,3
1580437,47,3
458435,47,1
713067,47,2
977703,47,3
791266,47,4
1361282,47,3
508379,47,3
619394,47,4
1580200,47,4
230025,47,3
1675966,47,3
1015473,47,3
381346,47,3
690754,47,3
749689,47,2
1187379,47,1
2257189,47,2
2101603,47,2
2588755,47,3
265301,47,4
2303393,47,4
1611819,47,4
1825371,47,1
2325440,47,2
752867,47,3
354269,47,4
803605,47,2
1029163,47,3
1744121,47,3
1114324,47,1
2296189,47,3
1643488,47,5
2024485,47,3
590473,47,4
1660348,47,3
917694,47,1
2375867,47,2
2289469,47,5
1255383,47,5
1288744,47,4
535477,47,5
1849656,47,1
2478744,47,4
1221607,47,5
2120912,47,2
525945,47,3
1876574,47,5
1918794,47,4
623388,47,2
1278605,47,5
2498079,47,1
1021587,47,2
1665641,47,3
2214251,47,4
708792,47,1
446273,47,4
1867416,47,4
1493528,47,4
2136247,47,3
974375,47,3
311070,47,1
727461,47,3
2032885,47,2
28658,47,3
2239109,47,3
2533941,47,3
1333708,47,3
312793,47,4
794999,47,5
1854606,47,2
2397119,47,4
1177152,47,3
97608,47,2
2153721,47,4
1359200,47,4
1422740,47,4
2190996,47,3
2235475,47,4
2482316,47,3
1668681,47,3
1170726,47,4
2374570,47,4
2330287,47,3
1252289,47,3
749139,47,3
1478244,47,5
2229831,47,4
2186739,47,3
1128780,47,4
2623729,47,3
2396403,47,3
519020,47,4
1495415,47,5
1818300,47,2
168397,47,3
355834,47,2
54040,47,2
1738284,47,3
1856085,47,4
1663888,47,5
1966687,47,3
2643193,47,4
2350588,47,4
2156368,47,5
2156552,47,3
1649826,47,2
2233207,47,4
1461435,47,1
1163477,47,3
2429513,47,4
1356127,47,2
868043,47,3
611072,47,5
1519692,47,3
1453928,47,3
2120192,47,4
27061,47,5
1726016,47,4
2041854,47,5
1737974,47,3
2182548,47,3
1602153,47,3
359115,47,4
1455811,47,2
966669,47,4
239885,47,3
560599,47,4
736558,47,4
2288808,47,3
1237167,47,3
1480571,47,3
2179492,47,3
938012,47,4
1785209,47,4
1059906,47,4
1826552,47,2
650313,47,3
1307723,47,2
1840542,47,3
377334,47,4
207951,47,5
2021160,47,5
1173289,47,3
1399249,47,3
918773,47,4
133129,47,2
2629234,47,5
2115115,47,1
642384,47,5
2095155,47,3
1872980,47,3
1065885,47,5
272241,47,2
191869,47,4
2214487,47,4
2158859,47,3
2086615,47,1
541557,47,2
177678,47,3
2415034,47,2
1498624,47,3
1571419,47,5
60722,47,4
2467045,47,4
333843,47,4
1754362,47,3
2295235,47,3
1976819,47,4
1228106,47,4
87851,47,4
157473,47,4
1063319,47,3
534140,47,3
2492108,47,3
680068,47,4
1639792,47,1
1233297,47,4
321900,47,3
968784,47,1
767570,47,3
2382912,47,3
128311,47,1
466669,47,1
1027858,47,3
136477,47,2
2087606,47,4
189443,47,3
1279360,47,4
2416771,47,4
1795560,47,4
25758,47,3
406464,47,3
2153901,47,4
57633,47,5
2626311,47,2
1904886,47,4
525904,47,5
1121060,47,3
814013,47,3
2253003,47,1
1764924,47,3
2409816,47,5
1623723,47,2
2068909,47,3
292595,47,1
2055388,47,3
2339135,47,4
1763703,47,4
790471,47,4
1905342,47,4
244077,47,2
2361556,47,4
1507727,47,3
132731,47,2
570410,47,4
1451860,47,5
1107343,47,4
2143500,47,4
1376350,47,3
1239318,47,1
848764,47,4
1023470,47,5
1270056,47,2
94474,47,3
657985,47,4
48607,47,2
2372626,47,3
2526414,47,4
1216880,47,4
583555,47,2
1342059,47,3
2621229,47,3
1832073,47,3
1475516,47,4
1605039,47,5
1214546,47,4
639601,47,4
1192113,47,2
405133,47,4
765766,47,4
1963140,47,3
557502,47,5
1002509,47,1
2332943,47,5
1665722,47,4
2590625,47,2
519944,47,4
995154,47,3
3363,47,1
2453096,47,3
219481,47,2
2384355,47,4
450423,47,4
964562,47,3
2105294,47,2
729641,47,3
1676423,47,5
2315404,47,4
2646634,47,4
1354620,47,4
2396324,47,3
760943,47,4
714349,47,3
2238060,47,5
1822229,47,3
1316286,47,4
1866446,47,3
765279,47,4
1811238,47,4
2539837,47,4
363868,47,3
1790903,47,3
2268019,47,3
1264243,47,2
1306470,47,3
2126397,47,3
1010649,47,4
2307569,47,3
1062973,47,3
1733625,47,3
2102417,47,3
794246,47,1
935396,47,5
1072885,47,3
647691,47,5
2557596,47,2
1486956,47,3
232564,47,5
440983,47,4
1039555,47,2
1171523,47,3
1778259,47,4
316155,47,2
2246923,47,4
630175,47,4
775020,47,4
1340811,47,4
239740,47,4
441248,47,4
1261105,47,2
185831,47,4
912687,47,5
210401,47,2
221631,47,3
780604,47,4
159730,47,5
2387157,47,4
2154321,47,1
920615,47,2
766569,47,3
1629801,47,3
1184388,47,4
702103,47,3
102442,47,2
1357209,47,3
39469,47,3
1670767,47,3
908921,47,3
476359,47,3
428688,47,3
2181327,47,5
2242413,47,4
1279603,47,4
206893,47,2
1533807,47,2
2460130,47,4
2604430,47,4
356103,47,5
2270474,47,4
948109,47,3
1873084,47,2
2183427,47,3
2414964,47,4
1816909,47,4
1273549,47,3
2159471,47,3
1029760,47,4
776235,47,5
2597333,47,3
819317,47,2
1419370,47,2
490232,47,3
466610,47,3
483361,47,1
466892,47,3
2508080,47,3
1652493,47,5
953604,47,3
374741,47,1
678157,47,1
555729,47,3
24059,47,4
1074237,47,3
454329,47,4
2538907,47,4
921587,47,4
262583,47,3
2237988,47,4
2429565,47,3
2062455,47,4
813515,47,3
1105531,47,2
1983272,47,5
1259374,47,3
1300759,47,4
2448838,47,4
1397841,47,4
1603751,47,4
2341389,47,1
688944,47,4
2082452,47,3
1955337,47,4
1441086,47,4
1210516,47,4
1550207,47,1
702455,47,3
1349433,47,3
2179833,47,4
1025699,47,3
638992,47,3
734247,47,3
1273231,47,4
446078,47,2
814829,47,5
1396502,47,4
