1943087,78,3
712664,78,1
1907667,78,5
1966165,78,3
1583391,78,3
2480084,78,4
1987434,78,1
1567328,78,2
951709,78,3
1794216,78,2
2400678,78,4
998229,78,3
2641857,78,3
1331887,78,3
1276913,78,5
1663216,78,1
1174530,78,4
1488957,78,4
1319997,78,3
1936617,78,3
2238860,78,5
1447354,78,2
1980082,78,1
617782,78,5
1948839,78,3
754082,78,3
1645486,78,1
2285616,78,3
247794,78,1
1350497,78,2
180151,78,1
660580,78,2
2370740,78,2
1657077,78,3
2218269,78,5
513841,78,3
1174811,78,1
2328558,78,5
307910,78,5
2235716,78,2
1355247,78,5
1120091,78,4
2065726,78,4
1419003,78,3
2351571,78,4
2636158,78,5
1058234,78,2
817251,78,2
2327803,78,5
733690,78,2
2604063,78,1
743687,78,3
76196,78,5
1986212,78,4
1977128,78,3
896780,78,3
885929,78,1
681890,78,5
2353323,78,3
80507,78,4
2161899,78,2
2418200,78,3
827380,78,3
2204961,78,2
1228696,78,3
2551764,78,3
1062199,78,4
2472537,78,1
484109,78,3
2051964,78,4
2105990,78,3
2343417,78,4
2179335,78,3
1436407,78,4
1412961,78,3
1162733,78,5
676175,78,3
1196093,78,3
771321,78,3
109089,78,3
175546,78,5
1177203,78,2
2260788,78,4
2133463,78,1
2554555,78,3
752696,78,4
1863499,78,3
502355,78,3
2256674,78,3
1819543,78,2
1647335,78,3
1205523,78,5
388547,78,2
873874,78,4
1363756,78,2
2012897,78,5
1853679,78,2
2439795,78,3
541295,78,3
1582497,78,2
318920,78,3
2152097,78,1
2353806,78,1
360830,78,2
1158424,78,3
974318,78,3
665030,78,3
2649225,78,4
1387049,78,3
1676221,78,3
1144568,78,3
518740,78,1
319119,78,3
1212375,78,3
1519073,78,3
638998,78,4
1241173,78,2
1266092,78,2
1998055,78,1
142582,78,3
1672251,78,3
1546658,78,3
948848,78,4
2335612,78,4
2037102,78,5
922922,78,4
1703680,78,2
1843617,78,4
917118,78,3
685216,78,3
474371,78,5
1993036,78,4
986454,78,3
27870,78,2
2503255,78,1
870391,78,3
1982465,78,2
1718242,78,3
788769,78,2
1384102,78,3
648219,78,4
2368569,78,3
172031,78,4
2219523,78,3
2577867,78,2
2402990,78,3
656460,78,3
1502196,78,4
1495252,78,1
1146375,78,4
561733,78,5
2278767,78,4
2534447,78,5
1965204,78,3
358291,78,3
1567240,78,1
416557,78,5
1872087,78,2
1950611,78,3
386289,78,3
2536553,78,1
980410,78,3
28662,78,3
1242376,78,3
618841,78,3
2504752,78,3
2268573,78,1
1386469,78,3
262633,78,2
1500364,78,2
119359,78,5
251113,78,1
2099338,78,3
2035994,78,3
2637948,78,4
185495,78,3
535630,78,2
2191844,78,5
2413347,78,2
2087711,78,4
2475820,78,4
2093398,78,2
2600558,78,3
904391,78,2
1374363,78,4
668470,78,4
850384,78,3
1484808,78,3
2047888,78,3
58925,78,5
1937382,78,4
2124137,78,3
1146715,78,3
585239,78,1
122431,78,4
752670,78,3
830363,78,3
559344,78,2
107840,78,1
2593317,78,2
2294883,78,3
2086264,78,2
2518195,78,1
1831034,78,4
699239,78,2
54781,78,1
1617529,78,2
1039986,78,1
141745,78,2
2576999,78,4
162348,78,3
2237586,78,4
251043,78,2
351559,78,2
1008290,78,4
681096,78,4
1029224,78,3
31764,78,3
1089184,78,3
1903175,78,1
1343332,78,2
1035378,78,3
1683397,78,2
53521,78,4
2169283,78,4
2052045,78,1
1049881,78,2
1673185,78,2
1355097,78,3
300146,78,3
806909,78,5
1181550,78,4
1289415,78,5
1227322,78,1
1579747,78,4
1976768,78,3
402777,78,3
2043109,78,1
964254,78,2
1800996,78,4
731217,78,2
2591198,78,2
1594764,78,1
564603,78,3
2121379,78,3
2120543,78,3
242429,78,3
1704130,78,2
404652,78,3
832077,78,3
1221507,78,2
1236924,78,3
1348335,78,3
290215,78,3
1062160,78,3
641094,78,3
2099899,78,3
575383,78,2
515686,78,2
1476362,78,1
2083123,78,5
2419406,78,5
1701487,78,3
1217576,78,3
1870371,78,2
2266721,78,4
1036823,78,2
530670,78,2
1823259,78,2
405045,78,4
1511684,78,3
892513,78,3
929308,78,3
731232,78,4
796935,78,2
1355994,78,1
960023,78,4
1416849,78,1
1916224,78,1
2241971,78,3
787873,78,4
1888501,78,2
2203834,78,2
1135143,78,4
244630,78,3
1190429,78,4
389017,78,2
498493,78,1
992186,78,3
2561861,78,1
317779,78,4
1621848,78,5
165953,78,3
2416059,78,3
1328709,78,3
2407154,78,3
2217102,78,3
2386348,78,2
260074,78,3
9489,78,3
1591751,78,3
481724,78,4
2203852,78,4
1018310,78,3
2302421,78,3
188809,78,2
1161725,78,5
1324460,78,1
2353875,78,5
1159805,78,4
66109,78,1
1117938,78,3
2302706,78,4
570929,78,4
1861034,78,1
1889509,78,3
476765,78,3
81835,78,5
1242044,78,4
1183833,78,5
1504575,78,1
1233832,78,4
570414,78,3
1185228,78,4
1983493,78,2
1249479,78,4
1043126,78,3
1903123,78,3
1733406,78,1
1509013,78,5
24361,78,3
1464746,78,2
1857375,78,1
1663295,78,3
2566515,78,2
1520166,78,2
1548865,78,3
2545400,78,3
1453309,78,4
1840435,78,4
874550,78,2
1709299,78,3
2087623,78,3
474691,78,4
1054626,78,1
2046091,78,1
2268907,78,3
2318188,78,4
1443236,78,2
465762,78,3
1837827,78,1
2616560,78,4
1715829,78,2
2107198,78,3
2300862,78,2
380505,78,3
588399,78,3
1929044,78,4
488694,78,3
2219063,78,4
1375880,78,3
572585,78,3
2519098,78,3
865109,78,3
1078245,78,5
314110,78,5
2569971,78,2
826896,78,4
2537646,78,2
2156133,78,3
427510,78,2
1727111,78,4
101724,78,3
821883,78,3
2390094,78,2
2245347,78,3
372791,78,4
856474,78,4
2295756,78,4
1752096,78,5
2302430,78,4
2102618,78,3
2039412,78,3
178860,78,3
689758,78,4
1309838,78,5
380139,78,4
1694142,78,1
2342060,78,2
966322,78,3
2334607,78,3
1416332,78,3
1271369,78,2
2373764,78,2
261348,78,3
2497967,78,2
2266166,78,3
2216856,78,2
2192991,78,1
2595747,78,3
1856990,78,2
911435,78,3
2435052,78,3
1747179,78,2
2578383,78,3
50066,78,4
1069802,78,4
1866519,78,3
344216,78,1
1750785,78,2
2619718,78,2
1532336,78,2
739622,78,2
1532775,78,3
41724,78,4
655415,78,3
1492198,78,3
213704,78,3
2143870,78,1
1023101,78,2
2515643,78,3
470232,78,3
1725155,78,4
1226844,78,4
138669,78,4
2079367,78,3
1264935,78,4
2367755,78,3
2103029,78,1
1460659,78,1
243619,78,2
326912,78,1
840901,78,2
1456621,78,3
2573207,78,1
2535624,78,4
1282268,78,2
1764421,78,3
1760357,78,3
1980593,78,2
1395543,78,5
196446,78,3
1648400,78,4
660207,78,2
449335,78,2
1902621,78,2
2090902,78,3
758932,78,2
645523,78,3
573423,78,4
2084891,78,1
1684362,78,3
1289074,78,2
381518,78,3
25949,78,3
249288,78,1
813263,78,3
2544532,78,1
1859573,78,2
1820960,78,2
461863,78,3
1985760,78,4
1103054,78,1
1859570,78,2
1292118,78,3
2148911,78,2
704113,78,4
2261763,78,3
662412,78,3
1809808,78,1
2503261,78,3
1975999,78,2
2250113,78,3
1220431,78,3
147653,78,1
2604976,78,2
2625100,78,4
2387707,78,2
826184,78,2
1708281,78,2
420191,78,2
2595753,78,5
1422682,78,3
2557043,78,2
1278832,78,2
2067756,78,3
1657342,78,4
2088824,78,3
1195746,78,3
901276,78,2
2057524,78,4
2416180,78,4
1106982,78,2
281729,78,4
65213,78,3
2647197,78,2
2063016,78,3
2183025,78,4
728335,78,3
1207395,78,4
1246126,78,5
482546,78,3
1746056,78,3
2265966,78,1
313046,78,3
411396,78,5
913661,78,3
663600,78,2
2216452,78,4
1001169,78,3
155885,78,2
2411332,78,2
1242367,78,1
1356015,78,1
60557,78,3
610622,78,4
1344925,78,4
1957453,78,5
606653,78,3
2494005,78,4
513807,78,3
2406644,78,3
917537,78,1
2129436,78,3
722033,78,3
704642,78,3
647703,78,3
1801038,78,2
1148231,78,2
1714564,78,2
356536,78,2
858149,78,3
2359703,78,5
289076,78,4
1750396,78,1
1033100,78,3
256562,78,3
1634668,78,2
2239984,78,5
206240,78,4
1472571,78,4
2267371,78,3
1628506,78,2
1689281,78,3
1814098,78,3
2252336,78,3
1620201,78,3
1834588,78,1
663654,78,3
1360752,78,2
2019635,78,1
825993,78,4
970222,78,2
2232104,78,3
1942005,78,3
1188195,78,4
2479320,78,2
1392518,78,2
388075,78,5
860723,78,3
483981,78,3
1583994,78,5
2072167,78,5
2404814,78,5
1288714,78,1
2625344,78,2
1251388,78,4
1018379,78,5
754329,78,3
1949664,78,1
2168244,78,1
257622,78,1
900455,78,3
1110574,78,2
1002648,78,3
1713587,78,5
706349,78,2
458967,78,3
49585,78,3
1839779,78,5
1845933,78,4
1242806,78,5
1148902,78,4
994838,78,4
2621254,78,4
2406034,78,1
1182454,78,3
1270565,78,4
1275672,78,3
443193,78,2
2489437,78,3
512303,78,3
282953,78,2
780160,78,2
401707,78,2
2173870,78,1
269689,78,4
80683,78,1
884944,78,2
836241,78,3
2330565,78,2
627312,78,2
2524846,78,2
205890,78,3
1201534,78,3
2322383,78,3
12987,78,3
1567202,78,2
474700,78,1
1860087,78,5
1847081,78,5
1925969,78,3
1668642,78,4
719972,78,4
706264,78,3
223803,78,4
2648287,78,4
327338,78,4
581441,78,4
2375964,78,3
1681172,78,3
420703,78,4
2204053,78,1
1088457,78,2
1995942,78,3
21522,78,4
2226365,78,2
1532125,78,4
1427380,78,3
1694423,78,2
345172,78,4
131752,78,4
438947,78,3
1272251,78,4
145992,78,4
25487,78,4
1490108,78,5
2559348,78,5
2419786,78,3
1103576,78,1
697601,78,3
614672,78,4
248239,78,1
1120781,78,1
860830,78,3
1876156,78,3
1372226,78,2
2236190,78,3
732682,78,3
1699240,78,3
255551,78,3
778615,78,3
586694,78,4
1965893,78,3
2627893,78,4
1563429,78,5
2035785,78,3
1293202,78,3
1427758,78,2
1903952,78,2
1422561,78,5
277916,78,1
830370,78,4
1994809,78,4
1613540,78,4
1145956,78,2
2278132,78,3
182637,78,1
924358,78,3
969753,78,1
769374,78,4
69285,78,3
1185600,78,3
2621269,78,1
912483,78,2
1251664,78,4
688135,78,2
1259176,78,3
394125,78,3
1894937,78,4
1283137,78,2
670238,78,3
831103,78,3
1090911,78,1
1121319,78,1
2017869,78,3
2396085,78,2
1468574,78,3
1328954,78,3
125765,78,1
1201467,78,3
419185,78,4
2215240,78,3
1280053,78,3
599145,78,3
27517,78,3
518770,78,2
389588,78,2
952053,78,4
1939822,78,2
123241,78,1
313419,78,5
67769,78,3
2206663,78,2
2450426,78,2
1052845,78,2
2100574,78,5
2203392,78,3
1342804,78,3
2372494,78,4
1176462,78,3
784766,78,4
1264135,78,5
2073545,78,2
1653521,78,2
1632435,78,1
1323979,78,4
209289,78,5
1210814,78,2
19476,78,2
2017252,78,1
1606739,78,3
1772203,78,3
619640,78,4
2322224,78,3
2275545,78,2
2289277,78,2
841135,78,3
307301,78,3
666480,78,3
868680,78,1
1676997,78,4
2248698,78,5
2439804,78,2
2205734,78,3
1255703,78,4
460446,78,1
923606,78,1
1082169,78,3
308719,78,2
2005703,78,3
1459526,78,3
1130133,78,2
2310317,78,3
1537873,78,5
2496492,78,1
26674,78,4
1666862,78,3
291396,78,2
296149,78,3
1025032,78,1
869583,78,4
1290156,78,1
2550324,78,3
1586647,78,3
769235,78,3
1860864,78,4
2344164,78,4
2240670,78,4
2468376,78,3
1173489,78,4
111085,78,1
412038,78,4
897436,78,2
2062763,78,1
756558,78,5
1253058,78,4
2056635,78,3
1797987,78,3
116348,78,2
807201,78,4
1705330,78,3
1659190,78,3
1050982,78,1
738304,78,1
280860,78,3
1685089,78,3
1631676,78,4
391799,78,4
1228514,78,4
441544,78,2
133000,78,3
2137816,78,1
2547661,78,4
2237185,78,2
504211,78,3
2306987,78,1
2364788,78,3
186874,78,4
2039293,78,3
2165295,78,3
1276353,78,4
974588,78,3
2542481,78,4
610997,78,3
350486,78,3
1779239,78,4
1366497,78,4
1024554,78,5
720083,78,2
2450858,78,3
216432,78,5
227076,78,2
1564978,78,5
859826,78,1
2618724,78,3
2147047,78,4
1532433,78,1
1018296,78,1
1851085,78,2
1467195,78,3
1462806,78,4
1376671,78,4
1470102,78,3
1816427,78,5
2484944,78,4
1927703,78,3
2460593,78,3
1154958,78,4
1942739,78,2
1983301,78,5
2647162,78,3
1089687,78,3
1387521,78,4
2490130,78,2
1823239,78,3
182016,78,3
1605122,78,3
443271,78,3
343712,78,2
1139570,78,2
1785368,78,4
892994,78,5
1161581,78,2
1894134,78,4
726823,78,3
80910,78,2
2339981,78,4
2075828,78,2
2379951,78,4
177581,78,3
382234,78,3
440852,78,3
419980,78,3
1758196,78,3
1071274,78,1
1844046,78,4
481523,78,2
270264,78,3
1434609,78,2
359509,78,5
2206502,78,3
1943753,78,4
1463088,78,2
195569,78,2
1866518,78,2
2439493,78,5
442485,78,3
765860,78,2
2081709,78,1
1739296,78,3
2344995,78,2
1938009,78,3
2501931,78,4
1603341,78,2
1564695,78,4
828335,78,3
1971183,78,3
1442088,78,3
535671,78,3
2219070,78,4
2140883,78,4
2589669,78,2
1151461,78,3
2519310,78,3
1149804,78,1
163063,78,3
1144048,78,4
1405655,78,1
2135677,78,3
420266,78,3
2212849,78,4
742888,78,5
528190,78,2
14422,78,2
2438287,78,2
2444710,78,2
595803,78,1
1669018,78,2
56985,78,2
1829526,78,2
308088,78,2
1684232,78,3
1682851,78,2
2622511,78,1
734534,78,5
171033,78,1
1832023,78,2
1831828,78,1
2557486,78,2
2341018,78,3
349285,78,3
1598514,78,4
695837,78,3
330833,78,3
2166365,78,2
805190,78,3
466827,78,4
1017698,78,2
147386,78,4
638046,78,3
604275,78,3
2183130,78,2
1232615,78,4
2273034,78,2
744956,78,4
460870,78,3
1704002,78,3
765640,78,4
472452,78,1
1606562,78,3
1087944,78,1
843523,78,3
363980,78,1
2018515,78,3
1411722,78,2
1317871,78,2
2168581,78,3
1615548,78,2
2478282,78,3
1850353,78,4
150738,78,3
814953,78,4
2069473,78,2
954289,78,2
2020448,78,3
1517061,78,3
1255425,78,2
667102,78,4
1497920,78,2
1418520,78,4
982875,78,2
515823,78,4
1403975,78,3
2549238,78,2
971999,78,1
994330,78,2
1701432,78,5
2056570,78,5
722142,78,1
1168633,78,3
1543289,78,2
1410683,78,3
702593,78,2
66179,78,2
2044511,78,1
2038778,78,2
1007577,78,3
189887,78,3
1141718,78,3
1091405,78,5
1046567,78,3
1033811,78,3
1200504,78,3
1906563,78,3
557914,78,2
2256454,78,2
451099,78,5
2373093,78,3
852010,78,4
2596548,78,2
85764,78,3
1793159,78,5
928807,78,3
1965252,78,2
1959049,78,3
543571,78,2
775924,78,3
2392226,78,1
1126222,78,3
2517394,78,3
2306842,78,2
2492673,78,3
2432893,78,3
1827543,78,1
124342,78,2
991783,78,4
2578839,78,4
2298561,78,3
247797,78,1
2635565,78,3
2597191,78,4
1007517,78,2
1452454,78,4
2383238,78,3
413336,78,1
2082673,78,3
57186,78,3
462107,78,5
1643961,78,4
1612973,78,3
2080674,78,2
1090065,78,3
1597367,78,3
927786,78,1
924960,78,4
2347033,78,1
667688,78,2
2147936,78,3
1253634,78,3
773899,78,3
492714,78,2
1391064,78,4
148719,78,4
459448,78,1
2435350,78,5
489223,78,4
316319,78,3
1691195,78,3
1512112,78,1
1200256,78,1
1143452,78,1
2560925,78,3
867406,78,4
926217,78,1
2345098,78,3
2376850,78,4
1437590,78,2
934339,78,2
933416,78,2
1948457,78,2
2360151,78,3
2284673,78,3
1510091,78,4
960912,78,3
1666957,78,3
907097,78,2
2474624,78,2
1187749,78,3
690435,78,4
1246772,78,1
492187,78,3
871851,78,3
1043979,78,4
1259969,78,3
324822,78,3
1520052,78,2
2034970,78,3
656977,78,3
50123,78,1
1777474,78,5
250509,78,2
2522672,78,2
2496479,78,3
18857,78,3
2128440,78,4
1414013,78,2
305111,78,1
1143837,78,3
934213,78,2
306004,78,2
1185475,78,2
2313950,78,4
2492756,78,1
2579439,78,4
684876,78,3
1564482,78,3
2021926,78,4
1720149,78,2
760837,78,2
2599262,78,4
1939441,78,4
149862,78,4
764785,78,2
382186,78,3
902702,78,5
1670302,78,4
1686277,78,4
803468,78,3
2257938,78,1
2567682,78,4
518126,78,4
257034,78,1
1409687,78,3
1135859,78,4
1129687,78,3
207017,78,4
412221,78,3
481049,78,3
1057750,78,2
1351769,78,3
2537719,78,3
949610,78,1
1228726,78,5
822400,78,1
2010144,78,2
2025153,78,2
1966351,78,1
87360,78,4
2552315,78,2
753231,78,3
1156578,78,3
1843816,78,4
1771252,78,2
1467298,78,2
1181710,78,3
17321,78,3
1757350,78,3
548695,78,3
651625,78,4
165288,78,3
1569853,78,4
2494012,78,2
2135164,78,4
200805,78,3
110279,78,3
129487,78,3
2456308,78,2
2631472,78,3
2333850,78,3
2407875,78,1
514829,78,5
660774,78,5
883136,78,4
1222621,78,4
1730537,78,4
296146,78,2
1358877,78,3
1214262,78,3
506155,78,3
1428381,78,2
1991118,78,4
1053976,78,4
1731102,78,3
1673911,78,4
2129646,78,4
452501,78,1
976601,78,3
2117999,78,1
75384,78,1
1880925,78,2
1312116,78,2
928948,78,2
2196193,78,2
763886,78,4
2026552,78,5
1209626,78,2
480288,78,1
2091736,78,4
202678,78,1
1885993,78,3
963705,78,2
2406958,78,2
867152,78,2
1751084,78,3
2035595,78,2
1691476,78,5
1752828,78,4
1859556,78,4
1110156,78,3
1515113,78,4
1174038,78,1
779371,78,4
1372908,78,2
1317059,78,5
679849,78,5
405285,78,2
1990616,78,4
1765734,78,3
1158787,78,3
74282,78,4
2589625,78,3
399376,78,4
355883,78,2
1062600,78,3
1524820,78,2
1933604,78,2
2318315,78,2
969042,78,3
2099954,78,3
483851,78,3
2221386,78,3
151136,78,4
1742319,78,1
1343027,78,3
67258,78,5
126083,78,2
364145,78,2
62270,78,1
2453989,78,1
2090573,78,3
2504241,78,1
1175389,78,4
117717,78,4
1308068,78,1
124742,78,5
2190466,78,5
1153564,78,4
2533606,78,3
2420837,78,5
791547,78,3
2101632,78,3
291198,78,2
412211,78,3
2474887,78,4
2208519,78,2
256465,78,2
2519454,78,3
916268,78,3
919394,78,4
1175652,78,1
1621519,78,4
2270392,78,3
986993,78,3
1321374,78,4
1564486,78,4
743633,78,5
2432349,78,5
702106,78,1
2050469,78,5
2009633,78,2
1084626,78,2
518666,78,3
1863820,78,2
1828365,78,3
2006914,78,2
2563488,78,4
1201695,78,3
2195071,78,2
2135424,78,3
281537,78,1
1774314,78,4
1234163,78,2
111033,78,2
2181532,78,2
174350,78,2
988895,78,1
1232194,78,4
1810670,78,2
1007688,78,4
2095922,78,4
2012563,78,4
2037890,78,3
2012341,78,2
106615,78,4
1270238,78,3
819132,78,1
1562481,78,2
2560582,78,2
755040,78,4
1951741,78,1
221926,78,2
1380273,78,3
1751471,78,3
1846965,78,1
984474,78,4
94189,78,3
852389,78,3
2510739,78,3
2044772,78,2
661571,78,2
1357786,78,3
2248080,78,2
901046,78,1
13227,78,2
583321,78,2
2349838,78,2
988972,78,3
2332009,78,4
1147641,78,5
1098351,78,3
2316125,78,3
1832143,78,2
408013,78,3
1088677,78,3
156848,78,4
2332765,78,3
593799,78,4
382891,78,3
2235104,78,4
607185,78,3
2193959,78,3
2536180,78,4
2437192,78,1
2644537,78,5
1119705,78,2
345186,78,4
2612104,78,3
884718,78,4
1359770,78,4
167041,78,3
294460,78,4
1597736,78,3
2001596,78,3
775794,78,3
863955,78,4
1883039,78,3
586895,78,3
1416480,78,1
2326664,78,3
2162151,78,3
716096,78,3
473884,78,4
1014412,78,3
834496,78,4
1570218,78,4
332698,78,2
165060,78,4
638020,78,1
879760,78,4
2425741,78,1
1986034,78,3
589279,78,4
997666,78,5
825045,78,4
2336123,78,4
148018,78,4
70950,78,4
2098963,78,3
2615549,78,2
1457102,78,3
262068,78,3
2227307,78,5
1390954,78,3
1011834,78,5
148242,78,2
1827859,78,1
1899162,78,4
2004004,78,2
2291750,78,3
566628,78,1
908708,78,4
1277678,78,3
1793530,78,2
1336814,78,2
1993007,78,2
1419978,78,5
2538389,78,2
2574924,78,4
1872540,78,5
394559,78,4
1327032,78,4
315168,78,1
2062857,78,3
2505593,78,3
73989,78,2
2378443,78,2
1229252,78,1
361403,78,1
975911,78,2
2101808,78,3
808161,78,3
1621545,78,2
1505821,78,3
1114349,78,2
790346,78,4
1902117,78,4
75888,78,2
1243198,78,3
2186639,78,5
102721,78,2
642537,78,1
1733121,78,2
2342718,78,4
2202777,78,3
384710,78,3
221936,78,2
2269892,78,5
1604464,78,1
740562,78,2
2026477,78,1
1731464,78,4
1399502,78,3
2336079,78,1
2110918,78,4
1262867,78,3
1120721,78,3
2499918,78,5
2905,78,3
713349,78,2
700005,78,4
2435716,78,3
2433077,78,1
527953,78,3
2051425,78,3
1200461,78,5
205752,78,3
1634790,78,1
2427398,78,4
2295623,78,4
1228066,78,3
905562,78,3
1417696,78,1
66885,78,1
1276799,78,4
2596426,78,3
2219287,78,2
1446775,78,1
686192,78,1
579038,78,2
827427,78,4
1933832,78,2
2541385,78,2
415303,78,2
336680,78,3
86191,78,1
1541102,78,1
607560,78,1
595778,78,4
1523671,78,4
364153,78,3
1621315,78,2
1125803,78,1
755503,78,1
210117,78,3
2322360,78,2
1950879,78,4
2494707,78,2
1974604,78,5
271453,78,3
2385239,78,3
2283479,78,3
1401016,78,4
2394211,78,3
2030198,78,2
2258288,78,3
2011258,78,4
2053690,78,3
2558401,78,3
845103,78,4
300777,78,2
922332,78,4
289023,78,4
1899876,78,3
1880009,78,3
78271,78,4
850067,78,3
1559093,78,4
1026507,78,2
1139933,78,1
1423063,78,3
1126958,78,3
858899,78,4
444470,78,3
2260820,78,5
2644121,78,3
1437304,78,3
2329786,78,3
1966201,78,3
2299951,78,2
214986,78,1
1452675,78,4
575029,78,4
434171,78,3
2205594,78,3
1066274,78,1
847313,78,2
2303680,78,1
1573228,78,2
2427474,78,4
2199237,78,1
2601048,78,2
1696594,78,2
738581,78,3
2307694,78,5
1522119,78,3
681227,78,4
2594995,78,5
162926,78,5
1273501,78,4
1536111,78,3
2531844,78,3
2124931,78,2
1447104,78,4
2182265,78,4
1136927,78,3
1376923,78,3
1790077,78,3
134046,78,4
753924,78,4
1399509,78,4
1135154,78,2
1576491,78,3
607675,78,3
1073747,78,1
865622,78,2
545306,78,3
2469425,78,4
1349743,78,4
1772284,78,1
1704009,78,4
323935,78,1
682970,78,2
1668044,78,4
1683346,78,4
992512,78,4
661089,78,4
1283508,78,3
1799716,78,5
496436,78,1
608648,78,3
2253829,78,4
189054,78,4
1277751,78,4
561124,78,3
1271679,78,5
2589623,78,5
1482841,78,1
1627867,78,4
1287017,78,2
456715,78,5
1646878,78,2
828654,78,3
1257450,78,3
2092609,78,2
1991038,78,2
481980,78,2
2099107,78,2
522534,78,3
2577954,78,2
1181215,78,3
713590,78,2
2215021,78,5
1973503,78,2
2127429,78,3
1636375,78,4
803074,78,5
357661,78,2
185900,78,4
1771365,78,3
1961456,78,3
1501048,78,3
1577560,78,5
2195606,78,3
2252502,78,5
1819382,78,4
812796,78,3
2112141,78,1
723408,78,3
97474,78,3
1287892,78,3
450111,78,2
1108719,78,4
992402,78,3
134680,78,3
2120610,78,4
1520179,78,5
1582647,78,2
2338157,78,2
2112700,78,4
156401,78,5
2197398,78,2
775171,78,3
484044,78,3
456367,78,4
234141,78,1
1737149,78,5
549416,78,3
1806387,78,5
2218160,78,3
1495982,78,3
1013603,78,5
596102,78,5
205225,78,4
2509717,78,4
1104417,78,2
2620210,78,4
2440605,78,4
1240186,78,1
1448959,78,3
2073913,78,3
1091882,78,3
412951,78,1
1184537,78,1
2461227,78,4
492896,78,4
1168789,78,1
1928961,78,1
299857,78,2
2341304,78,2
1316924,78,3
1028737,78,2
739139,78,4
2031395,78,3
1570952,78,5
386156,78,3
850699,78,2
408498,78,3
2426510,78,3
575767,78,3
2609628,78,4
817028,78,3
1216919,78,3
820895,78,2
1810141,78,3
2088152,78,1
562156,78,2
1727232,78,4
1638735,78,2
2523912,78,3
998502,78,1
1144950,78,5
1140109,78,1
2129864,78,2
2583530,78,3
1779083,78,1
2511993,78,3
914605,78,4
867670,78,3
44961,78,3
1764570,78,3
1390001,78,2
1135948,78,3
48170,78,2
950733,78,2
2151938,78,3
123750,78,4
285881,78,2
986875,78,2
1874390,78,5
1297517,78,4
12035,78,3
2260286,78,4
1798758,78,2
2574099,78,4
383451,78,3
1564095,78,3
1622098,78,4
1173267,78,3
2157035,78,4
2112383,78,5
1837058,78,2
483782,78,1
2039644,78,3
422879,78,3
1806750,78,3
2633509,78,4
253065,78,3
2283041,78,2
403915,78,1
1059661,78,1
486750,78,3
938931,78,2
432259,78,3
1892050,78,3
2316337,78,1
199435,78,3
2274507,78,2
2013867,78,3
990036,78,2
52352,78,3
2368736,78,3
1146632,78,3
2490847,78,4
507603,78,1
1872967,78,3
1217853,78,3
535197,78,4
212643,78,4
160306,78,3
1763979,78,3
2193771,78,3
71393,78,1
2147714,78,2
1179112,78,3
1275262,78,3
1494988,78,3
829366,78,5
272942,78,2
415002,78,3
1355675,78,3
1076077,78,3
2467365,78,3
1993126,78,4
2641668,78,1
1994385,78,3
2570444,78,2
2554084,78,3
43898,78,4
401545,78,5
935898,78,3
1935544,78,3
2025883,78,3
1368751,78,4
1353938,78,2
349149,78,1
1739230,78,3
2631821,78,3
2321435,78,1
623709,78,2
1538393,78,3
732505,78,5
1888796,78,2
1830690,78,4
1939158,78,3
763840,78,4
1476822,78,4
599529,78,2
431074,78,2
2205366,78,1
341649,78,1
769162,78,2
2182722,78,3
1391523,78,4
82065,78,3
2354593,78,4
333267,78,4
489363,78,3
2637755,78,2
97893,78,2
1032721,78,5
2351412,78,3
2061392,78,3
532653,78,3
936093,78,3
1816632,78,2
2564281,78,3
2391060,78,3
1102087,78,2
933003,78,4
983993,78,3
1834839,78,4
923645,78,2
816213,78,3
854925,78,3
2365084,78,4
1756925,78,2
2561799,78,2
584437,78,2
1571946,78,3
271944,78,3
1640334,78,4
2112089,78,2
797951,78,3
894519,78,3
529545,78,5
852166,78,2
1218946,78,3
960004,78,1
2304119,78,3
845452,78,3
1518289,78,2
572305,78,4
2195865,78,2
548549,78,4
505317,78,3
1028645,78,2
230966,78,1
188568,78,4
2252455,78,2
1930480,78,1
916460,78,2
690331,78,3
1901285,78,4
1979488,78,3
338131,78,3
597168,78,2
582683,78,5
906829,78,1
2252669,78,4
2392623,78,5
2520834,78,3
414536,78,1
1922931,78,2
1060854,78,4
161669,78,3
1373951,78,4
1298629,78,2
320314,78,5
2584980,78,3
1753439,78,2
836150,78,1
909432,78,2
2170295,78,2
1709295,78,4
705714,78,2
633256,78,2
658466,78,2
2083367,78,4
345672,78,5
437371,78,4
597767,78,3
2339734,78,4
1785100,78,5
1677306,78,4
793113,78,3
1889106,78,4
870715,78,3
1943378,78,5
100324,78,4
269344,78,2
1846387,78,3
983042,78,1
949303,78,3
1409853,78,2
2284354,78,3
2060067,78,3
315751,78,3
1327727,78,3
1630436,78,1
1357602,78,3
1096378,78,3
2643669,78,5
163874,78,3
1218908,78,2
1057915,78,1
1405396,78,2
732955,78,3
719725,78,4
2491575,78,1
157999,78,5
1222167,78,2
1223664,78,3
1131186,78,2
2432917,78,3
2159303,78,4
1818059,78,2
823666,78,3
1993553,78,3
1910919,78,4
547662,78,3
1780005,78,2
1276021,78,3
1403833,78,1
1301127,78,3
1415713,78,1
49493,78,3
613685,78,4
72607,78,3
1511148,78,2
1548219,78,1
808847,78,2
2569071,78,3
879858,78,3
1294790,78,4
2108500,78,1
2334859,78,2
2560486,78,5
1470123,78,1
1806454,78,1
1521774,78,2
593749,78,3
936891,78,4
113256,78,3
1924968,78,3
2183302,78,1
311875,78,1
1842265,78,4
1119695,78,3
2421772,78,4
3998,78,4
92394,78,2
1998723,78,2
1220079,78,2
1818527,78,3
2139762,78,3
2543376,78,4
375770,78,2
1685912,78,3
1650580,78,1
973313,78,3
1081426,78,4
2632868,78,1
774398,78,3
419691,78,2
1047634,78,3
671761,78,2
2604442,78,3
2368877,78,1
1958584,78,3
170910,78,2
768176,78,2
1454142,78,2
18907,78,1
701443,78,2
1730980,78,3
1183553,78,2
2370009,78,2
2273779,78,4
2349059,78,3
2081090,78,5
657095,78,2
2070031,78,2
151920,78,3
1864127,78,2
2155462,78,2
628567,78,5
1371541,78,1
1708723,78,3
846288,78,5
504794,78,4
1007254,78,3
510834,78,4
456590,78,2
385522,78,4
391661,78,3
425179,78,4
2318631,78,3
2586598,78,1
1421913,78,1
2115386,78,4
522278,78,4
1533355,78,3
2489831,78,1
1389844,78,3
1516834,78,3
395110,78,1
151699,78,4
695091,78,4
1902838,78,1
2503583,78,4
310055,78,4
1446909,78,4
895375,78,2
1691072,78,2
1408249,78,2
1077806,78,1
979468,78,3
98673,78,3
1754192,78,3
511795,78,5
2431382,78,3
486822,78,3
1482568,78,5
914358,78,3
2375585,78,3
2255529,78,3
1162874,78,5
2327743,78,4
1167511,78,2
2312803,78,4
1940995,78,1
2037365,78,2
259799,78,3
442555,78,2
1973114,78,1
205696,78,3
297896,78,2
595725,78,3
1171236,78,2
627531,78,3
698957,78,4
114910,78,3
201,78,4
812986,78,2
369646,78,4
413609,78,4
593428,78,4
2240010,78,3
1796886,78,4
1749637,78,4
62499,78,2
1921845,78,2
291620,78,3
378417,78,1
2554973,78,3
242260,78,4
263889,78,4
109541,78,4
2289798,78,3
1292216,78,3
1062954,78,3
2313162,78,5
1139355,78,3
382747,78,2
2597077,78,5
2180134,78,2
188846,78,2
1800701,78,3
1071305,78,3
1044332,78,3
48282,78,4
583344,78,4
323510,78,4
1948804,78,5
1078416,78,1
1995052,78,4
1713267,78,2
1361124,78,1
2123401,78,2
1019660,78,4
458962,78,3
2595816,78,2
1339769,78,2
1049315,78,3
1142380,78,3
314418,78,3
1325084,78,4
1694060,78,3
1577696,78,3
2568004,78,3
740515,78,3
2496715,78,2
2223273,78,3
2009114,78,4
2395304,78,3
1927855,78,4
1626928,78,4
385227,78,5
1645338,78,4
1424859,78,4
1894755,78,3
406841,78,2
1176925,78,2
612384,78,5
2380810,78,4
639317,78,3
931565,78,3
748967,78,4
155704,78,3
2033173,78,3
1357543,78,5
630024,78,3
1095791,78,1
2567935,78,3
660389,78,2
1476270,78,3
2043784,78,3
2208540,78,3
2372021,78,1
1547701,78,2
178089,78,1
1811688,78,2
2182331,78,2
1741154,78,2
2183793,78,4
2543158,78,3
976612,78,4
1527359,78,1
1618536,78,2
746911,78,4
690788,78,3
95100,78,2
2020877,78,3
2584548,78,5
2015498,78,1
2008803,78,5
2051756,78,2
1539813,78,3
101807,78,4
942920,78,1
462171,78,3
1764640,78,4
145822,78,5
2298725,78,1
1705964,78,5
468197,78,2
1984604,78,1
1560219,78,4
114111,78,3
429035,78,4
228194,78,3
2630385,78,4
2344621,78,3
2212610,78,5
1881843,78,2
2118152,78,4
874605,78,3
449556,78,1
2420828,78,3
1633211,78,3
123406,78,2
655340,78,4
1252558,78,3
214247,78,4
74427,78,5
504110,78,3
1802392,78,2
17451,78,4
2158839,78,3
1088630,78,4
2580482,78,5
2327122,78,2
905537,78,2
2358990,78,3
2611831,78,4
2161052,78,3
2265561,78,2
1712779,78,4
175484,78,3
366160,78,2
2620858,78,2
1939422,78,4
499225,78,2
1137522,78,3
126838,78,5
654304,78,1
1841056,78,3
2387672,78,5
1727869,78,3
1394012,78,2
2321416,78,3
2310027,78,2
1125171,78,4
220334,78,3
503178,78,3
755773,78,2
2371349,78,3
2479857,78,2
1094850,78,1
991635,78,5
1312635,78,2
1189210,78,3
727250,78,4
1190091,78,4
1424084,78,5
330866,78,3
2227327,78,5
1375325,78,3
2384703,78,3
894805,78,3
717338,78,4
939179,78,5
1514200,78,4
1511466,78,2
548173,78,2
78885,78,3
2446661,78,3
1391039,78,1
1693814,78,1
1490642,78,3
93419,78,3
2241438,78,4
936713,78,3
491739,78,3
975592,78,2
1379561,78,3
4315,78,4
2245671,78,2
1216860,78,2
2070560,78,3
1007643,78,3
2556923,78,3
168246,78,1
2283695,78,2
1753001,78,1
1558286,78,3
1606186,78,3
2152856,78,4
2526986,78,5
1944859,78,3
1255348,78,4
2264286,78,4
1967080,78,4
642572,78,4
1637213,78,4
1792238,78,4
2193044,78,3
310754,78,3
2489526,78,3
1104884,78,3
1738788,78,3
840763,78,3
2266136,78,3
936844,78,3
2087190,78,2
1424569,78,1
2576593,78,4
486278,78,3
1330849,78,4
286684,78,2
1795450,78,4
787331,78,3
2253062,78,1
1738198,78,4
1661774,78,1
1780281,78,2
459180,78,5
2560328,78,2
1007328,78,2
1784723,78,3
459908,78,2
1155602,78,5
1706831,78,4
674963,78,2
1167001,78,2
1255838,78,4
1684904,78,4
108223,78,3
2000315,78,1
1599263,78,4
864068,78,3
1280149,78,1
1011574,78,1
716761,78,3
57344,78,2
2086206,78,4
1257537,78,2
968184,78,4
1026202,78,3
1825647,78,1
1178846,78,4
977733,78,3
993550,78,5
1326994,78,1
2331403,78,3
1851429,78,4
176934,78,3
120549,78,4
773513,78,2
1950890,78,5
205438,78,3
722678,78,5
1092919,78,3
308054,78,3
1932987,78,2
2387919,78,1
774618,78,3
1143068,78,4
1026933,78,3
826444,78,3
2648572,78,3
2130009,78,5
2239537,78,3
1797525,78,2
1787218,78,3
862040,78,3
899018,78,2
879912,78,4
2227935,78,3
1776249,78,3
1588002,78,5
2575043,78,3
332895,78,4
243612,78,2
706500,78,5
370735,78,1
667253,78,2
1168051,78,5
1665949,78,4
1296127,78,1
1090319,78,3
2105883,78,5
75976,78,3
1012086,78,5
1852590,78,1
2280726,78,4
1389070,78,3
1051922,78,5
494024,78,5
1820824,78,3
668669,78,5
2341658,78,3
1675183,78,4
2297406,78,3
206272,78,3
751367,78,4
2422842,78,4
2537745,78,3
815067,78,2
867366,78,1
212794,78,2
1370666,78,3
1910955,78,4
1298511,78,3
184888,78,3
2570080,78,4
1969199,78,3
2559624,78,3
5145,78,5
254202,78,2
2054977,78,4
154089,78,3
1366155,78,4
93288,78,5
1282217,78,4
400162,78,5
1628640,78,5
1935592,78,4
1053421,78,4
825637,78,3
828349,78,3
954412,78,4
1040501,78,4
1678993,78,4
2459229,78,2
86246,78,4
1702561,78,2
2509976,78,2
46923,78,1
2186505,78,2
978624,78,5
2621524,78,2
1873783,78,4
2318762,78,2
223379,78,3
1766053,78,3
1985,78,5
1708931,78,4
20328,78,2
2098138,78,5
2134385,78,3
2572055,78,2
949900,78,3
1998128,78,3
2468476,78,3
962779,78,2
336239,78,2
1373027,78,2
1821474,78,3
466335,78,1
1400327,78,2
742415,78,2
1537898,78,3
1974267,78,4
668106,78,1
2625471,78,2
2610969,78,2
2370089,78,4
1590841,78,3
2179495,78,3
109446,78,4
1600623,78,5
1207661,78,3
2124304,78,3
2537578,78,4
2212386,78,4
733484,78,4
1262363,78,4
2099924,78,2
401108,78,5
150994,78,3
2242757,78,2
1603204,78,1
1117413,78,3
981753,78,4
1764745,78,1
965944,78,3
655385,78,3
1948186,78,2
704058,78,4
1295603,78,3
242098,78,3
299358,78,3
776618,78,2
2248484,78,1
585132,78,1
352245,78,4
425978,78,1
197101,78,4
1917540,78,3
465497,78,3
1248968,78,4
227295,78,4
464477,78,4
758634,78,3
1285198,78,4
319203,78,4
1392145,78,4
27318,78,5
2211440,78,3
835416,78,4
2577872,78,4
2429306,78,5
376600,78,4
737114,78,3
2639627,78,1
111736,78,3
202114,78,1
2640760,78,2
369812,78,3
2098404,78,3
808020,78,4
1037924,78,3
1718526,78,3
1892183,78,3
1512836,78,2
2525158,78,4
1297347,78,1
2458962,78,2
1180755,78,1
1511945,78,5
587142,78,2
409927,78,4
2100306,78,3
1373956,78,2
1125802,78,3
1045245,78,1
1085864,78,3
412040,78,2
2487603,78,1
984439,78,5
37797,78,5
2538768,78,3
2340602,78,5
1466453,78,3
1659198,78,3
1841229,78,2
1845415,78,2
294118,78,3
2472640,78,3
2586558,78,4
1513540,78,2
1823782,78,2
437586,78,5
1002943,78,3
2553056,78,4
497453,78,5
2164251,78,3
402413,78,3
2563277,78,1
1008085,78,2
248904,78,3
2372415,78,2
1539599,78,3
510765,78,1
1352593,78,5
539264,78,4
2213277,78,2
1739440,78,3
315894,78,3
275338,78,3
504947,78,4
1561553,78,2
109207,78,3
1245222,78,2
1932640,78,1
248587,78,5
611741,78,4
2382512,78,3
534515,78,5
1581139,78,2
1655778,78,2
2395077,78,3
2151581,78,3
540732,78,3
926392,78,4
2372141,78,4
549901,78,3
2550975,78,4
352684,78,2
2378393,78,3
73834,78,3
349331,78,4
10374,78,2
1655578,78,1
733896,78,3
672421,78,3
975229,78,3
409883,78,4
1288058,78,1
954403,78,3
2177738,78,3
2475375,78,3
2483638,78,2
104462,78,2
218343,78,2
1043729,78,1
722591,78,5
662330,78,4
2291306,78,1
387469,78,2
957678,78,3
712943,78,3
2012836,78,2
1457134,78,3
1132494,78,3
2264371,78,1
348244,78,3
1893662,78,4
939439,78,2
1720861,78,3
593241,78,3
1783292,78,4
1662973,78,3
2307445,78,4
1020730,78,4
1092625,78,5
378591,78,2
853135,78,2
329687,78,4
1344086,78,2
2212442,78,4
1709511,78,4
1750812,78,2
1728262,78,4
2142898,78,2
1676373,78,4
898642,78,3
335873,78,3
2264883,78,3
1111943,78,2
1898230,78,3
1339451,78,1
808435,78,1
660228,78,4
1521183,78,4
1287593,78,4
1238184,78,2
131639,78,2
1823831,78,3
312937,78,4
2465755,78,3
2098084,78,2
567909,78,3
1040173,78,4
980485,78,4
809505,78,2
473967,78,4
416150,78,5
36822,78,3
1155731,78,3
1773757,78,4
2487515,78,1
1978543,78,3
2406094,78,4
1306348,78,4
867068,78,3
1951798,78,5
914650,78,5
1203835,78,2
1108799,78,2
2445713,78,3
387106,78,2
1154164,78,2
1243530,78,4
598548,78,3
58718,78,2
2356911,78,3
227060,78,4
933262,78,3
393966,78,3
1483664,78,3
311565,78,5
1408953,78,4
1393981,78,2
1555917,78,3
1464600,78,4
2251447,78,3
1212566,78,3
847460,78,3
1955169,78,2
627435,78,1
2629765,78,3
2515812,78,3
1039394,78,4
1763606,78,1
734911,78,2
1804968,78,4
2473973,78,3
648582,78,3
2003837,78,2
2409227,78,2
1783226,78,4
658059,78,2
1671947,78,2
790780,78,3
1174338,78,5
1048629,78,1
2139353,78,1
1961021,78,5
582398,78,4
536535,78,5
1870227,78,1
1374572,78,2
1101587,78,4
1493531,78,4
1623525,78,4
2036973,78,3
974174,78,4
666611,78,4
2421283,78,4
2165686,78,5
1122804,78,3
1995860,78,3
295485,78,1
1110879,78,2
95146,78,2
2293827,78,2
1210211,78,1
1561760,78,3
2309047,78,1
15509,78,4
2037725,78,2
2575856,78,2
1232574,78,4
54614,78,1
2433610,78,1
1233239,78,5
2071037,78,2
2534061,78,2
1368422,78,2
351141,78,5
724270,78,5
1181022,78,2
2078018,78,3
1665250,78,2
319429,78,4
982346,78,2
1068799,78,4
1324581,78,3
2209351,78,5
529889,78,2
1399294,78,3
2425137,78,4
1877129,78,3
888450,78,2
2398821,78,1
1993633,78,3
826270,78,2
700049,78,3
2331421,78,2
217625,78,3
2482881,78,3
1900445,78,3
491531,78,4
1864662,78,2
2196938,78,2
452667,78,3
2446506,78,2
701176,78,4
2038743,78,2
1874602,78,4
609829,78,4
1434061,78,2
410672,78,4
1626661,78,3
342510,78,3
2152776,78,5
624432,78,4
357804,78,5
86305,78,3
45005,78,3
223582,78,2
1574597,78,2
2344346,78,4
786931,78,2
2523772,78,3
111002,78,4
458392,78,3
1316067,78,4
70281,78,5
1217608,78,2
2119505,78,2
2285053,78,3
636569,78,2
2105834,78,2
35747,78,4
1078536,78,4
522710,78,3
1340377,78,3
1018660,78,4
1729432,78,3
1258770,78,3
2229440,78,5
1182154,78,5
2156165,78,1
2385963,78,2
1268289,78,3
1720661,78,2
752853,78,2
862057,78,3
1778396,78,2
1195392,78,1
214501,78,2
2490545,78,4
1714116,78,3
2541442,78,1
655837,78,3
1348456,78,1
2065307,78,3
2639376,78,1
1907373,78,3
386947,78,3
2595841,78,5
1158518,78,2
608114,78,3
1374197,78,3
2147223,78,5
2440193,78,3
2021545,78,5
1163321,78,4
1258349,78,2
1836594,78,5
383404,78,1
564225,78,3
480305,78,3
1118530,78,2
731685,78,2
2316765,78,4
1085320,78,3
1172676,78,1
665996,78,3
670416,78,2
1308814,78,3
1687256,78,4
2316029,78,4
1108004,78,4
1213378,78,2
1993442,78,4
754185,78,1
107494,78,4
1357072,78,3
1329475,78,4
1363282,78,1
1865249,78,3
938161,78,4
522712,78,4
880654,78,4
1863899,78,2
2185511,78,2
306658,78,3
1660181,78,4
37609,78,4
279241,78,3
45392,78,4
1107575,78,5
891731,78,2
2311880,78,3
1702691,78,4
1788180,78,1
2351276,78,3
93769,78,2
966830,78,4
1558059,78,2
2434614,78,3
2424283,78,1
556464,78,3
163209,78,1
408457,78,2
569625,78,4
8200,78,3
2254929,78,1
2470851,78,2
1226051,78,5
367933,78,3
171852,78,4
560579,78,2
89611,78,2
2301396,78,4
1615404,78,4
257803,78,5
1402612,78,1
1910165,78,1
1231504,78,4
324590,78,1
116291,78,4
651010,78,4
730856,78,3
2512235,78,2
1111488,78,2
1432492,78,2
1152795,78,4
249979,78,2
2122699,78,1
1146000,78,1
2100718,78,2
2287323,78,3
354673,78,2
1259257,78,2
1448210,78,4
860647,78,4
1088391,78,4
1569176,78,3
901269,78,2
1649070,78,3
2022945,78,4
1849084,78,4
929407,78,3
429045,78,2
1505183,78,4
1215796,78,3
1017068,78,5
832134,78,3
2151973,78,5
1216299,78,3
369120,78,4
1537945,78,2
1993756,78,2
245371,78,4
1707563,78,4
437978,78,3
1027371,78,4
87118,78,3
1513550,78,4
2635326,78,4
2447368,78,1
1571489,78,1
759902,78,3
1920765,78,4
1996795,78,4
675644,78,3
1425325,78,2
1845472,78,3
79257,78,3
335501,78,4
623036,78,5
2378317,78,3
766158,78,1
2293062,78,2
1629574,78,2
1601558,78,3
2237957,78,1
1611303,78,2
1000851,78,2
927197,78,1
2510970,78,1
479605,78,1
1996154,78,4
1859983,78,4
1330226,78,3
623492,78,1
498949,78,1
198459,78,3
771094,78,3
1895746,78,3
1511623,78,3
933082,78,2
868795,78,2
795934,78,5
431326,78,3
2221201,78,4
993508,78,3
1070519,78,4
570694,78,3
1405485,78,3
662309,78,3
756211,78,2
1835729,78,4
294300,78,3
1983362,78,1
664835,78,5
1300036,78,1
1349711,78,3
2292354,78,3
803330,78,1
1566002,78,4
1078346,78,2
2497799,78,3
2562888,78,1
542323,78,2
1407299,78,2
1997485,78,3
1869540,78,4
1788305,78,3
2117797,78,4
1131685,78,5
375046,78,2
1801483,78,3
704117,78,4
1144207,78,5
1289459,78,3
2118863,78,3
1700006,78,3
278551,78,3
889796,78,5
1917357,78,3
1856679,78,4
1823245,78,4
2626881,78,4
1299887,78,1
184043,78,1
2578306,78,3
1532716,78,1
809525,78,2
659483,78,5
789014,78,4
1790247,78,2
736825,78,3
1002412,78,3
105532,78,3
1736311,78,3
369357,78,3
1026792,78,1
682716,78,3
2295594,78,5
532271,78,2
906035,78,4
2624480,78,3
766133,78,2
1829685,78,2
515039,78,2
815424,78,5
2439370,78,5
1991082,78,3
1567970,78,3
1638462,78,3
1678625,78,5
1071141,78,2
2555170,78,4
2192517,78,3
30893,78,5
1806913,78,1
1686136,78,3
2080240,78,2
1401447,78,2
682739,78,2
460751,78,3
423952,78,3
751126,78,4
2569369,78,4
1439577,78,2
1758261,78,1
1291392,78,3
819418,78,3
1988171,78,3
16272,78,2
978866,78,5
1830198,78,2
1480900,78,4
406722,78,1
2571860,78,3
1839777,78,3
1321145,78,2
1461818,78,4
1976615,78,3
2069869,78,4
2318316,78,3
1504229,78,3
2605962,78,2
1733289,78,5
1278390,78,4
1651302,78,5
470369,78,3
2117190,78,3
68297,78,3
1318471,78,1
742372,78,1
2273360,78,1
110260,78,4
381704,78,4
653174,78,3
755163,78,2
346233,78,1
1452298,78,4
1793172,78,3
2519397,78,3
1088988,78,1
895732,78,5
832833,78,3
1392358,78,3
1624293,78,3
259937,78,3
867462,78,3
31077,78,3
1482486,78,3
342877,78,4
2097445,78,3
1915732,78,4
2264726,78,2
2535916,78,1
2591450,78,4
845171,78,3
412439,78,3
1363523,78,3
1369633,78,2
1467105,78,2
385553,78,3
2369167,78,2
1212585,78,2
936113,78,1
2385206,78,3
1553361,78,2
916727,78,2
174962,78,3
2061176,78,3
1335591,78,3
1742122,78,2
121367,78,3
2263991,78,3
1118825,78,3
1562968,78,2
962164,78,3
366809,78,2
387916,78,3
1697769,78,3
2308865,78,5
584436,78,2
60466,78,3
415005,78,2
203495,78,1
1196252,78,5
2327365,78,5
144716,78,3
2426167,78,2
884461,78,3
1115472,78,4
1227649,78,3
439827,78,4
1097099,78,1
1840867,78,4
1187566,78,2
211008,78,4
2072840,78,2
2380258,78,5
2641824,78,2
1974838,78,2
2361396,78,4
1331636,78,3
1898348,78,4
1738851,78,3
299324,78,5
1402978,78,4
1041042,78,3
1066481,78,3
96145,78,3
1674073,78,2
944229,78,2
1397857,78,3
1553532,78,3
1376273,78,2
1921954,78,3
212846,78,4
561206,78,1
1194269,78,5
1426662,78,4
2050590,78,2
1833332,78,3
2360137,78,2
323450,78,2
1978815,78,3
2323668,78,3
2610950,78,3
1711480,78,3
289278,78,2
2202700,78,4
1573945,78,4
2150662,78,4
1665703,78,4
1866280,78,5
2234800,78,5
1554310,78,4
2490784,78,3
1031413,78,3
348337,78,4
1867265,78,2
2103314,78,2
1575030,78,3
416017,78,4
886841,78,4
1296498,78,3
265257,78,5
475075,78,3
1173488,78,3
158086,78,4
40004,78,3
2446117,78,1
577849,78,3
85960,78,3
2294728,78,4
567016,78,2
1476054,78,3
2232041,78,2
578869,78,3
1387099,78,3
1575939,78,5
2608047,78,2
1495864,78,3
2090369,78,2
42630,78,5
2372839,78,1
250017,78,4
1777163,78,1
377214,78,3
2509631,78,5
2622230,78,4
1714506,78,1
249078,78,4
279265,78,5
268962,78,1
131586,78,4
582957,78,3
1469231,78,3
1103937,78,2
664443,78,4
1953065,78,5
1001817,78,1
1880808,78,3
291050,78,3
645373,78,3
853918,78,4
1868611,78,2
707367,78,4
2631693,78,4
473597,78,4
983990,78,3
486529,78,2
1829748,78,2
1073354,78,3
2115145,78,1
1635582,78,2
1970088,78,3
2501461,78,3
720145,78,1
548581,78,4
898713,78,3
1374758,78,3
305344,78,4
2246659,78,3
774544,78,2
2482188,78,4
1129620,78,1
1531681,78,3
1290824,78,3
1743322,78,4
1403076,78,4
1099962,78,4
1945775,78,3
2538506,78,4
1515029,78,5
1994785,78,2
534816,78,4
524528,78,2
674997,78,4
2412180,78,1
11764,78,3
1157850,78,3
2470767,78,2
44434,78,2
2238894,78,2
1948296,78,5
1885142,78,3
567198,78,1
1404704,78,4
1557927,78,4
2637500,78,3
2077046,78,4
1469085,78,2
1221110,78,5
672801,78,2
408331,78,3
2167042,78,1
1278411,78,4
1217165,78,3
1466974,78,4
2628462,78,5
1766322,78,3
1296959,78,3
796093,78,2
1620205,78,2
1769018,78,3
2468830,78,4
2232616,78,4
2412874,78,4
1714874,78,4
2051003,78,3
219894,78,3
1978089,78,3
126551,78,4
2195565,78,4
688222,78,3
1710658,78,3
328741,78,3
2033070,78,4
416560,78,1
349199,78,4
1839542,78,3
2556455,78,2
2432205,78,5
765441,78,3
1052563,78,4
1538635,78,2
1546263,78,4
40174,78,3
1394516,78,2
1392952,78,2
1242585,78,3
2485278,78,2
1203347,78,2
1826093,78,2
1032684,78,4
1552624,78,5
1417234,78,3
2135802,78,3
1766397,78,4
857943,78,4
713765,78,4
2411453,78,1
1458818,78,4
2458868,78,3
1434880,78,2
793958,78,1
2459754,78,4
1653320,78,3
282654,78,2
1912542,78,1
2640656,78,2
2123456,78,2
2037693,78,1
308257,78,4
376576,78,3
300316,78,2
1378880,78,4
223213,78,2
53694,78,3
1326886,78,4
2326029,78,2
1647483,78,1
278961,78,2
1660519,78,2
1770367,78,4
1632503,78,4
746775,78,3
2147527,78,3
527495,78,3
2620277,78,4
1943174,78,1
2014482,78,4
260118,78,3
962151,78,3
588662,78,4
1979497,78,2
1263652,78,4
1265352,78,2
1187293,78,3
2204671,78,5
1641798,78,1
2597802,78,2
2241033,78,4
2288447,78,4
1194033,78,2
2591674,78,3
895443,78,3
287906,78,5
2319491,78,5
596964,78,1
1845071,78,4
280167,78,3
464571,78,4
711826,78,5
511847,78,4
1182475,78,3
2468774,78,3
2291457,78,2
2087132,78,3
611049,78,3
115531,78,3
2472066,78,2
2633019,78,2
110726,78,3
232877,78,3
184196,78,3
1538355,78,5
1376631,78,5
1846128,78,3
445152,78,4
649264,78,3
2340119,78,2
1096082,78,4
697745,78,2
1506186,78,5
2127496,78,5
1981151,78,3
2170243,78,3
2222177,78,4
2070124,78,1
1085566,78,3
381988,78,3
1400154,78,1
1988735,78,5
1564927,78,5
1610230,78,3
161013,78,1
477297,78,3
2352332,78,1
268855,78,2
1149153,78,5
2600927,78,2
490830,78,3
2539707,78,1
1651874,78,3
541831,78,4
1395778,78,3
1288627,78,2
516721,78,4
1726869,78,3
1250096,78,2
1934779,78,1
1059194,78,5
2199728,78,4
2314956,78,1
1115582,78,5
2073760,78,3
1024031,78,4
13197,78,3
2194622,78,5
2375855,78,4
1340560,78,1
296797,78,3
2097963,78,2
1737092,78,5
272299,78,3
2257323,78,2
306569,78,3
1490653,78,3
1780399,78,3
824459,78,2
339066,78,3
1554161,78,1
1068355,78,4
2536991,78,1
1725838,78,3
1516387,78,4
1814991,78,1
1777917,78,4
478425,78,2
829296,78,3
1322957,78,3
1993161,78,2
1776455,78,5
2543482,78,3
2420785,78,3
510535,78,3
670382,78,2
2005287,78,3
1169771,78,4
1991818,78,3
1347912,78,2
300435,78,3
1657195,78,2
2229846,78,3
10268,78,3
557578,78,4
2147585,78,5
1637253,78,4
2596404,78,3
1480781,78,3
988817,78,3
2479307,78,1
780768,78,4
1282966,78,5
1345959,78,4
1752058,78,3
1699752,78,2
1067761,78,4
2175579,78,3
2006046,78,3
1559109,78,3
429669,78,4
1610929,78,1
1333975,78,2
1166271,78,2
1529449,78,1
696793,78,3
1972099,78,5
1303228,78,4
1634461,78,3
2190578,78,1
2283439,78,4
640323,78,2
1916942,78,3
2205259,78,3
1631617,78,1
1800405,78,3
1525764,78,4
1189462,78,5
1017240,78,2
75673,78,2
1026926,78,2
1654616,78,1
2120924,78,5
206826,78,3
1483654,78,3
922539,78,1
2063452,78,4
429608,78,2
1586276,78,1
2019388,78,4
2551705,78,1
362008,78,2
1035298,78,1
1697451,78,2
742107,78,1
1223912,78,3
2098086,78,4
1522324,78,3
864647,78,5
1306676,78,2
2512749,78,3
2290591,78,2
204371,78,4
1003874,78,4
2316556,78,3
2559733,78,4
1132128,78,3
1186037,78,2
888463,78,5
60856,78,5
236384,78,4
1123618,78,3
358182,78,4
1145734,78,4
1160344,78,4
2379125,78,4
1571382,78,3
1979820,78,1
2417320,78,2
593252,78,2
1347523,78,1
1648347,78,1
2455437,78,2
1615800,78,2
2266421,78,4
878784,78,3
1778011,78,5
674927,78,3
1620319,78,3
758850,78,2
2467622,78,2
1854414,78,5
1940797,78,4
1860298,78,3
2355771,78,4
2646574,78,2
2044813,78,3
649109,78,4
287256,78,3
1148370,78,2
764914,78,2
2122285,78,5
1557206,78,3
1442164,78,1
633086,78,3
2244866,78,5
914728,78,2
1484157,78,2
411512,78,2
244957,78,2
1272965,78,3
1537757,78,1
1724291,78,2
689183,78,4
1897819,78,5
1638252,78,2
1452669,78,4
1083720,78,4
271355,78,1
740142,78,4
372095,78,2
1043955,78,1
1412897,78,3
1119859,78,4
631075,78,3
383442,78,4
1811452,78,2
2112235,78,3
223043,78,5
2155077,78,2
635758,78,2
483854,78,3
1124491,78,3
2110107,78,4
2388628,78,4
375816,78,1
1949766,78,2
2615044,78,5
608501,78,2
1045879,78,1
1418126,78,2
934387,78,2
717991,78,2
2448660,78,3
2628475,78,5
2499146,78,2
2185545,78,3
1525106,78,3
1285431,78,1
896653,78,4
920088,78,2
652700,78,3
1386737,78,3
1350399,78,3
820136,78,1
2174694,78,3
735296,78,3
2147746,78,4
1849872,78,3
512541,78,3
2638748,78,2
780850,78,1
14682,78,2
2638524,78,3
2267044,78,3
1849620,78,4
814408,78,2
1556532,78,4
1930402,78,2
719563,78,3
2032679,78,3
408284,78,2
2023638,78,2
626453,78,5
902603,78,1
744985,78,4
853893,78,1
1289745,78,3
960596,78,3
1296599,78,5
2005241,78,5
1085332,78,4
2332540,78,4
364983,78,5
1417383,78,5
402389,78,4
471880,78,3
1155825,78,3
2573957,78,1
1617216,78,2
1848938,78,4
2041008,78,4
1391588,78,3
193925,78,1
1633784,78,3
589682,78,2
2102565,78,2
2614122,78,3
292582,78,3
423990,78,3
2254449,78,5
315833,78,3
1302381,78,3
2619021,78,4
2379507,78,4
297100,78,3
274637,78,4
1532058,78,4
1644608,78,5
2648645,78,2
1851063,78,5
55432,78,3
1473095,78,3
1449277,78,2
2441762,78,1
626377,78,4
1089692,78,1
681746,78,4
1114818,78,3
1191821,78,2
227151,78,2
2518715,78,2
1386516,78,3
1998465,78,4
359068,78,1
2029705,78,1
575399,78,4
2603272,78,3
2191367,78,1
1601143,78,5
2547473,78,3
1006739,78,2
370222,78,2
2158747,78,3
2342999,78,3
399305,78,5
1990743,78,4
600546,78,4
1758572,78,1
1172816,78,4
2598477,78,4
2455281,78,2
490057,78,1
896254,78,3
188760,78,5
752642,78,2
2345454,78,3
1989110,78,4
282887,78,2
864904,78,2
1772964,78,3
1934089,78,2
2227295,78,3
844533,78,4
1145003,78,2
1364604,78,1
1054670,78,5
2307811,78,4
1121663,78,2
49355,78,2
1079992,78,3
2535132,78,3
227799,78,3
1904865,78,2
2359569,78,3
287114,78,2
2498046,78,3
465167,78,3
525597,78,3
926054,78,3
697054,78,4
464172,78,4
161533,78,3
529849,78,1
837619,78,2
1918910,78,1
555528,78,4
1062154,78,3
2574061,78,3
1870288,78,4
2237839,78,3
946972,78,2
1782175,78,3
831272,78,2
2267102,78,5
2464375,78,4
408037,78,4
418346,78,1
13972,78,4
1691547,78,4
1555531,78,3
2218735,78,4
1278834,78,3
504462,78,5
3419,78,4
1727408,78,2
167759,78,4
1797751,78,5
1908103,78,4
2034589,78,3
499146,78,4
1352110,78,3
1893772,78,3
1983060,78,3
1531817,78,3
391877,78,3
609306,78,2
175025,78,3
1080950,78,4
546751,78,5
1816577,78,1
1268666,78,3
2129120,78,3
2065772,78,2
1107588,78,2
1416853,78,4
888125,78,4
1921318,78,3
1362770,78,2
2539966,78,1
2018894,78,5
2464158,78,5
2365281,78,1
1123394,78,2
995925,78,5
351104,78,4
1133763,78,5
2152273,78,4
1521914,78,3
1227662,78,4
1687642,78,3
2237907,78,2
2466899,78,3
1125365,78,3
2165735,78,4
1755852,78,3
1291867,78,3
1224756,78,2
1963551,78,3
190197,78,4
788617,78,3
2649404,78,4
2153439,78,5
1780120,78,3
2332377,78,5
1983441,78,5
2317865,78,1
1192151,78,3
2325794,78,2
14628,78,4
2637209,78,3
2539408,78,1
1823875,78,3
1029561,78,3
2189871,78,5
1882992,78,2
190542,78,4
17864,78,3
2596410,78,1
1893017,78,1
1333129,78,3
2237101,78,2
882898,78,5
2589198,78,1
2029766,78,2
1534784,78,2
884689,78,4
73364,78,4
1526365,78,3
285668,78,3
534933,78,4
1686858,78,3
1661486,78,4
1714542,78,4
827097,78,5
236980,78,4
1083600,78,4
460308,78,3
1102302,78,1
2472759,78,3
2480001,78,2
2287903,78,4
934163,78,1
318196,78,4
1893557,78,5
1986937,78,3
1324871,78,2
2532737,78,3
1320395,78,2
280380,78,4
2337846,78,3
1071582,78,2
2608886,78,2
834028,78,3
175371,78,2
1573113,78,4
2161176,78,4
751174,78,2
504051,78,4
1569593,78,1
1103206,78,5
1245738,78,3
377539,78,2
1677421,78,2
456361,78,5
591753,78,3
2321519,78,2
1321225,78,3
2103047,78,5
1492162,78,4
2056022,78,2
1477783,78,3
672349,78,2
2535512,78,3
2394733,78,4
1836391,78,3
370037,78,2
1410553,78,3
662478,78,2
2305305,78,3
1992636,78,4
1860573,78,2
2241314,78,4
1300054,78,5
1615850,78,4
463450,78,3
1849174,78,3
845356,78,2
2470711,78,4
76916,78,3
134743,78,5
1351411,78,1
1277779,78,3
713389,78,3
230398,78,2
273054,78,3
2358949,78,3
40683,78,4
771977,78,4
508323,78,4
1337026,78,3
1699606,78,5
1943161,78,2
2164514,78,3
108311,78,4
1280761,78,4
2575367,78,3
679415,78,3
858340,78,4
325073,78,2
1312412,78,1
1273765,78,4
1381518,78,1
2524669,78,3
1720513,78,2
1325977,78,3
425343,78,3
838950,78,4
598781,78,1
730857,78,2
490472,78,3
1667019,78,4
16558,78,2
1048405,78,1
1327900,78,2
1088325,78,3
1252887,78,3
70328,78,3
1606779,78,3
1385340,78,1
2577985,78,4
1138833,78,2
842341,78,5
798104,78,3
1913186,78,3
567705,78,3
2070931,78,4
76444,78,3
535898,78,3
762650,78,4
351224,78,3
712405,78,3
708918,78,3
890829,78,4
854337,78,3
257501,78,1
407140,78,3
2023218,78,3
973622,78,4
1929765,78,5
1848292,78,5
1116915,78,1
354344,78,1
674519,78,3
2474839,78,3
1682277,78,2
1474260,78,2
1147448,78,2
2556700,78,5
47236,78,2
384084,78,1
2067849,78,5
1432790,78,2
2171824,78,2
60802,78,3
1816372,78,3
659373,78,3
36194,78,3
1445262,78,5
743043,78,5
1504759,78,4
1195688,78,5
907089,78,2
2596673,78,4
717137,78,2
1075465,78,2
1867391,78,1
1594270,78,1
667095,78,2
437955,78,3
1044050,78,1
2176501,78,2
1239283,78,3
679035,78,1
2219243,78,3
124255,78,1
199023,78,1
563942,78,3
2558268,78,3
1088035,78,1
415540,78,2
2171103,78,3
2305164,78,4
1077082,78,5
1254561,78,2
782261,78,5
426779,78,3
1447312,78,3
1888858,78,3
1178153,78,3
822507,78,4
502375,78,4
1073385,78,5
795658,78,4
39551,78,4
2642466,78,2
180687,78,2
1605081,78,3
13432,78,5
441231,78,3
331655,78,3
813594,78,2
1298190,78,5
211205,78,3
344738,78,1
566348,78,2
342035,78,5
567512,78,1
411290,78,2
264642,78,3
2622392,78,5
1772362,78,2
114576,78,4
524807,78,4
1510489,78,5
2045715,78,3
1698921,78,3
38643,78,3
2425998,78,4
715897,78,5
1478544,78,2
2262335,78,4
2390609,78,2
670488,78,5
1230845,78,3
1170093,78,5
498429,78,3
1265606,78,4
2059023,78,1
2409333,78,2
595846,78,4
1572097,78,3
196494,78,4
2156617,78,1
151926,78,3
1622462,78,3
2384928,78,1
2296164,78,3
487743,78,5
559753,78,1
1366472,78,1
2138793,78,1
2141847,78,2
1652556,78,3
1245275,78,2
2179550,78,1
1737191,78,2
1675152,78,4
2004345,78,3
1215709,78,4
2585154,78,5
678552,78,4
2097884,78,3
293906,78,2
2094579,78,3
2220732,78,1
1516350,78,1
2011405,78,3
767891,78,4
1413273,78,3
113262,78,2
2475552,78,1
2305404,78,4
1190829,78,2
2090689,78,5
2144299,78,1
1109711,78,3
1810656,78,4
979871,78,1
1630758,78,1
2361743,78,2
234639,78,3
1613281,78,4
1441077,78,1
329358,78,2
1549491,78,2
949401,78,3
1413657,78,3
1507291,78,2
2150831,78,3
45837,78,3
116252,78,4
2092641,78,5
1413434,78,3
1582575,78,4
520704,78,3
38377,78,3
1740973,78,4
2543253,78,4
288256,78,3
1038880,78,1
1781075,78,2
940084,78,5
706076,78,4
164114,78,1
141370,78,3
1107899,78,2
1624770,78,3
2139612,78,3
1724933,78,4
440166,78,4
964302,78,5
2351580,78,3
1648487,78,3
584162,78,3
1621615,78,3
1541916,78,2
2058781,78,4
1345312,78,3
181723,78,5
242444,78,4
218132,78,2
2322250,78,1
414947,78,3
933696,78,1
169028,78,4
247304,78,3
1072585,78,3
713326,78,4
1781160,78,3
778004,78,3
896114,78,2
523779,78,5
1922670,78,3
1908546,78,3
1296497,78,1
1459355,78,4
1935388,78,2
522180,78,1
2032398,78,2
237286,78,3
2204780,78,4
605274,78,3
2241897,78,1
798262,78,3
1801407,78,4
676013,78,3
2157060,78,2
2348429,78,3
488867,78,2
290371,78,4
1572717,78,3
2156404,78,3
1614007,78,2
1125516,78,2
1893263,78,3
2149136,78,2
529687,78,3
861911,78,2
1878548,78,1
1905962,78,2
453376,78,1
2412878,78,4
2243611,78,4
457097,78,3
2473843,78,3
1147338,78,1
1763199,78,3
1742759,78,1
800998,78,3
1422484,78,3
2187764,78,2
742873,78,3
2255950,78,2
365331,78,3
377114,78,1
2149357,78,2
91892,78,4
2254751,78,1
2090850,78,2
1855673,78,1
187160,78,4
821315,78,5
165831,78,3
343570,78,3
1003808,78,2
387418,78,2
416130,78,2
587372,78,4
1115372,78,5
1086684,78,3
751226,78,2
2476180,78,3
61928,78,1
423167,78,1
2253953,78,3
1062196,78,4
2072870,78,2
1895059,78,1
1932390,78,3
412632,78,3
1579537,78,3
1398885,78,4
2527057,78,4
1841265,78,4
1302495,78,3
970756,78,4
1009379,78,4
2104979,78,4
1925785,78,4
1652307,78,3
834412,78,3
1366860,78,1
1151698,78,5
2296193,78,2
2008298,78,3
791291,78,3
1301045,78,1
2325440,78,3
204154,78,1
756648,78,1
410568,78,4
2529630,78,2
752867,78,2
354269,78,3
1855779,78,4
1139218,78,3
791775,78,4
429260,78,3
399192,78,3
1726288,78,5
2214494,78,3
542678,78,4
2457184,78,4
22143,78,4
1334853,78,3
190305,78,5
1114324,78,3
809353,78,3
1727013,78,4
1660348,78,2
50677,78,1
1893018,78,5
749169,78,2
2208731,78,3
331034,78,1
2505243,78,2
917857,78,2
696076,78,4
1460622,78,4
827200,78,4
1813152,78,4
554511,78,3
459060,78,2
1035610,78,3
1029150,78,3
210637,78,3
2095910,78,5
1906611,78,4
629854,78,4
1715533,78,1
1043112,78,3
1930094,78,1
1764876,78,3
1474031,78,2
2113383,78,3
1685049,78,1
1114493,78,2
375341,78,3
747810,78,4
1262628,78,1
525654,78,4
857778,78,3
340479,78,2
2107068,78,3
225258,78,3
935060,78,3
1992642,78,5
2470021,78,2
2292122,78,5
1859236,78,2
1500017,78,3
2649296,78,3
2004783,78,2
133621,78,1
1022127,78,4
617546,78,4
727461,78,3
1427259,78,3
830438,78,1
1550627,78,3
2137952,78,3
2537089,78,1
2188441,78,3
2610420,78,3
1375610,78,2
785992,78,1
835528,78,4
2303683,78,3
875681,78,3
254668,78,5
1578405,78,4
901821,78,4
2205114,78,4
2080841,78,5
721209,78,3
1283215,78,4
958687,78,3
1287091,78,5
1672386,78,3
1993568,78,4
462128,78,3
1988310,78,4
1324830,78,5
1490506,78,2
712568,78,2
1298036,78,4
134182,78,3
1130863,78,2
356615,78,3
712238,78,5
670984,78,2
2199470,78,3
898123,78,5
895942,78,4
1576896,78,5
1288371,78,1
1478117,78,3
2646342,78,3
1229656,78,3
945583,78,4
2530993,78,4
2349268,78,3
15425,78,5
1013391,78,5
300451,78,4
924656,78,2
2360721,78,2
1195125,78,4
1160597,78,4
1389799,78,2
1581663,78,1
651849,78,2
2520506,78,2
1700595,78,3
1306378,78,4
2582052,78,1
1260855,78,1
1715603,78,2
773890,78,2
2084748,78,3
449424,78,3
1870517,78,4
1128780,78,4
1771677,78,4
1677741,78,3
2171187,78,4
42503,78,5
849959,78,5
185305,78,3
275600,78,4
390505,78,2
2047171,78,4
1337122,78,3
2572690,78,4
1398256,78,3
816046,78,5
118464,78,2
970330,78,1
218199,78,3
717024,78,3
961377,78,3
1243383,78,4
1592222,78,3
2490848,78,4
408645,78,3
1725753,78,2
1442150,78,3
1067801,78,4
2460229,78,5
2637793,78,4
162303,78,1
1949876,78,4
327365,78,4
1043805,78,3
2066475,78,4
2297164,78,3
699531,78,4
1793717,78,3
1461435,78,1
1267805,78,2
2021115,78,3
135594,78,3
765938,78,3
2222510,78,3
354013,78,4
886954,78,3
11796,78,1
27061,78,5
1439452,78,3
2027827,78,1
1662263,78,5
204273,78,4
1727718,78,4
861951,78,5
862413,78,5
1521705,78,2
631966,78,2
124504,78,3
624870,78,1
248801,78,5
1569395,78,3
1654464,78,3
636451,78,2
1373504,78,3
886442,78,1
521315,78,4
1401861,78,4
2287465,78,2
1343136,78,4
2154901,78,2
2032170,78,4
1070436,78,3
1477064,78,4
8980,78,2
653059,78,4
410989,78,5
2069442,78,4
1867238,78,1
983572,78,3
329475,78,2
1122282,78,4
2337789,78,5
1524711,78,4
1178246,78,4
532874,78,3
225203,78,5
256057,78,4
748454,78,3
2547949,78,2
1063747,78,5
877255,78,3
2284436,78,5
802939,78,1
1785209,78,3
510103,78,3
1840542,78,1
605082,78,3
2102669,78,5
2430918,78,2
2520364,78,2
1057992,78,1
1727410,78,3
935453,78,4
1904616,78,2
1614638,78,5
1059906,78,2
1893120,78,3
1551040,78,3
1026291,78,4
1139699,78,2
1377350,78,4
699937,78,4
1477400,78,2
485601,78,4
1194307,78,4
549859,78,3
948801,78,1
948457,78,3
947483,78,3
1279298,78,3
2010913,78,2
151004,78,3
1334401,78,2
785931,78,3
2293172,78,3
1981464,78,3
1377236,78,1
1408280,78,4
614930,78,2
94668,78,3
1774833,78,3
793202,78,4
1670329,78,3
1317086,78,1
1695287,78,1
1241958,78,1
2057703,78,4
734269,78,4
31503,78,2
931232,78,2
1084999,78,4
90362,78,3
2214487,78,1
1152044,78,2
2086615,78,2
2503506,78,4
1690279,78,2
112328,78,3
1515974,78,3
333843,78,1
2415034,78,3
1725324,78,4
2019776,78,1
964327,78,3
1730369,78,2
634569,78,4
214191,78,5
2449832,78,4
170248,78,5
67134,78,2
1044319,78,1
1360090,78,3
2076174,78,3
539850,78,4
1639792,78,1
290754,78,5
137362,78,1
1702328,78,4
1466323,78,4
686489,78,5
827801,78,3
2024833,78,3
1219878,78,2
1770403,78,2
142817,78,1
1576504,78,3
829943,78,3
1430841,78,4
57633,78,2
2354764,78,1
1361818,78,3
1599666,78,2
872591,78,1
104300,78,4
611999,78,4
38946,78,3
1654594,78,4
1257970,78,2
2507703,78,3
2338809,78,4
426070,78,4
538651,78,3
1681941,78,4
2137589,78,4
646277,78,5
2093105,78,2
418799,78,3
1019975,78,1
2623677,78,4
505653,78,2
1834394,78,4
1341033,78,1
2024236,78,2
589079,78,2
2221004,78,3
781021,78,3
642551,78,2
1934481,78,2
886671,78,3
1403973,78,5
1262684,78,3
2597230,78,3
273823,78,2
1489804,78,2
1019222,78,3
61940,78,2
2469479,78,2
284823,78,2
2577378,78,4
1385895,78,1
181740,78,1
980597,78,4
423361,78,1
2322752,78,3
1127117,78,2
1023470,78,4
2329800,78,2
1380707,78,1
2016474,78,3
1136724,78,3
1795821,78,1
2198123,78,4
1280311,78,1
1289499,78,5
913345,78,5
78404,78,2
55436,78,3
1807199,78,2
1014151,78,4
670059,78,4
998142,78,5
1952776,78,4
1033930,78,4
17890,78,1
1622890,78,4
622419,78,2
162473,78,2
1103890,78,2
344471,78,5
1836147,78,4
2108626,78,2
1832073,78,4
2414531,78,3
39375,78,4
1016303,78,4
2494394,78,4
2494816,78,1
1460561,78,3
2110645,78,2
2081956,78,5
1475516,78,4
779492,78,3
1749024,78,2
2268177,78,3
2136526,78,3
1574909,78,4
34669,78,3
40450,78,1
1718235,78,4
459468,78,5
2258090,78,3
2471738,78,5
322199,78,3
1522328,78,4
1607595,78,1
2425586,78,2
2295153,78,3
1470420,78,4
1002509,78,5
765766,78,1
2325040,78,3
1715522,78,4
1556692,78,2
1908051,78,3
2184274,78,2
558924,78,4
992795,78,2
1726223,78,4
2360354,78,1
240748,78,3
249836,78,4
2174380,78,3
1817069,78,2
831222,78,3
2339129,78,4
563034,78,3
629432,78,3
2022077,78,3
2291535,78,4
854082,78,5
309367,78,4
1648992,78,3
2648663,78,1
1676914,78,3
1114801,78,2
767337,78,4
319704,78,3
639132,78,3
1996248,78,2
1017411,78,3
636788,78,1
680324,78,3
1470255,78,1
2108672,78,3
400076,78,4
2630854,78,1
1699820,78,2
1952137,78,1
152858,78,3
1838390,78,2
2449812,78,2
1890044,78,2
2291746,78,1
2502736,78,2
19930,78,3
1220292,78,2
2349702,78,3
941522,78,3
2023200,78,3
1860025,78,4
683254,78,1
1806070,78,4
974009,78,3
1830165,78,1
709264,78,4
2554548,78,2
1891748,78,3
760943,78,1
1797427,78,4
1298126,78,3
1571453,78,2
737403,78,3
2202210,78,3
1844963,78,4
2208130,78,2
1880439,78,3
2203451,78,3
537270,78,1
901993,78,5
2327386,78,3
1878798,78,1
2407818,78,4
996461,78,3
628587,78,3
1822915,78,4
1480807,78,3
394014,78,5
2585665,78,2
900015,78,5
627111,78,4
2232563,78,2
2049734,78,3
363868,78,5
1707198,78,3
1852040,78,4
2400655,78,3
1363655,78,4
1600809,78,3
440111,78,3
2203809,78,3
626090,78,2
29401,78,1
2519271,78,5
2529138,78,5
2467730,78,3
1293893,78,4
2094287,78,2
1493118,78,2
1217874,78,4
832536,78,4
2305706,78,1
563486,78,2
1898315,78,3
30288,78,3
339318,78,3
711263,78,1
1001924,78,4
1275794,78,2
630026,78,4
2449942,78,3
2606295,78,5
418424,78,4
775895,78,3
1893871,78,2
246686,78,2
1951535,78,5
2305848,78,3
361152,78,4
2108381,78,3
1685922,78,4
1470701,78,1
427902,78,3
2369154,78,4
1816938,78,4
2597161,78,1
176222,78,4
2385763,78,4
2235166,78,1
2633243,78,5
1202737,78,3
2086515,78,3
1794003,78,3
1039555,78,3
213427,78,3
966983,78,3
1775740,78,2
366894,78,3
2505962,78,3
1512646,78,1
1836871,78,1
1030065,78,2
1620061,78,3
2130855,78,3
588527,78,5
2522709,78,5
235448,78,3
912687,78,5
1891868,78,4
1625075,78,1
470781,78,4
2412493,78,2
76312,78,2
408873,78,3
2005487,78,3
2320697,78,1
521765,78,5
150344,78,3
1592086,78,5
801128,78,3
499837,78,1
336109,78,2
1626829,78,3
1889050,78,3
458475,78,5
2172710,78,2
2468740,78,2
1179085,78,5
812587,78,3
391028,78,4
1942026,78,5
628582,78,4
1556648,78,3
1177427,78,4
1453826,78,4
1644346,78,3
2586253,78,4
561636,78,1
1319661,78,2
443447,78,3
2425260,78,1
543824,78,4
39810,78,2
1857639,78,1
812984,78,1
2506660,78,2
1769229,78,2
102442,78,1
1044871,78,3
1305108,78,2
1713026,78,2
896462,78,4
176039,78,2
1276983,78,3
87427,78,5
1413747,78,2
1632068,78,5
197483,78,3
372319,78,3
1109629,78,3
1746668,78,3
413634,78,3
1785531,78,2
1614163,78,4
1580917,78,2
303969,78,1
2037038,78,2
1573680,78,4
280614,78,3
1609189,78,5
1456579,78,5
1999237,78,4
237263,78,1
945759,78,2
126257,78,3
1344474,78,2
2408104,78,1
1836095,78,3
1362044,78,2
428688,78,3
426460,78,4
696672,78,2
1176779,78,1
1685548,78,3
985864,78,1
1086360,78,3
2115908,78,3
1723416,78,3
2502395,78,5
312695,78,2
1078333,78,3
1013302,78,1
1434214,78,5
642588,78,3
566842,78,3
654591,78,1
690000,78,4
410737,78,2
2513157,78,2
1143230,78,3
1534085,78,2
472021,78,5
188613,78,2
350266,78,2
2004947,78,4
1197978,78,2
272840,78,3
583086,78,3
2253504,78,4
943416,78,4
648614,78,4
1574599,78,4
98676,78,3
2076631,78,3
1181056,78,4
120061,78,4
1918556,78,3
2330649,78,4
78846,78,2
351296,78,3
1951970,78,3
945578,78,2
504401,78,5
2398656,78,3
2087448,78,1
2226046,78,3
1217751,78,1
1405040,78,3
1049071,78,1
85169,78,4
1769749,78,5
2600294,78,2
1766524,78,2
2049560,78,1
178266,78,3
1326341,78,4
2634622,78,1
2638107,78,2
363775,78,1
510438,78,2
175746,78,3
1122364,78,2
844410,78,3
2160829,78,2
2202158,78,4
1058034,78,4
916186,78,4
1714427,78,3
1848936,78,4
1984540,78,4
2331946,78,3
1074242,78,5
2142868,78,5
767826,78,4
1313126,78,5
309424,78,3
1573306,78,3
2169713,78,2
1848647,78,3
2172649,78,2
617654,78,5
25354,78,2
1357667,78,3
464774,78,3
1621025,78,2
1905393,78,2
122622,78,5
1416989,78,4
1301034,78,1
2641415,78,3
718012,78,2
2524725,78,4
892698,78,3
88433,78,3
911710,78,3
982006,78,3
610780,78,2
1476264,78,3
1340530,78,4
675468,78,2
858345,78,1
2042206,78,2
2338320,78,3
360347,78,3
726897,78,2
1399116,78,2
227903,78,3
1555081,78,4
813515,78,4
1688662,78,2
824880,78,5
1646525,78,4
373559,78,1
59763,78,2
1821996,78,2
2537879,78,4
493553,78,3
1044575,78,2
1295502,78,4
1403184,78,2
1513836,78,4
996505,78,4
1432466,78,3
311124,78,2
1939739,78,4
2323358,78,2
559886,78,5
2573509,78,3
2341389,78,3
1017144,78,1
2381902,78,2
1502727,78,3
2374424,78,3
2195240,78,1
171096,78,1
1782890,78,4
4983,78,3
2038059,78,3
70476,78,3
818093,78,3
1561134,78,3
601455,78,3
267248,78,5
208724,78,3
2400258,78,2
6206,78,3
1203467,78,2
880327,78,3
1633377,78,4
2633357,78,1
1325639,78,5
1385356,78,3
