1294425,84,5
1281187,84,4
2367275,84,4
2024848,84,2
221033,84,3
1456155,84,4
242544,84,4
39956,84,5
1443246,84,3
1626389,84,3
1068777,84,1
2525823,84,3
1394510,84,3
649770,84,2
326587,84,3
208356,84,2
341908,84,3
441290,84,3
497196,84,2
2158667,84,3
2060891,84,3
1033971,84,2
622194,84,5
1759074,84,1
1436640,84,4
1199658,84,4
2161899,84,1
628958,84,2
2418200,84,3
945783,84,3
1419398,84,3
60521,84,4
2488939,84,3
2293919,84,4
264160,84,5
908205,84,2
1248029,84,4
1219824,84,4
2340465,84,4
915001,84,4
591273,84,4
888934,84,3
2625420,84,2
189608,84,3
2343417,84,5
2207774,84,4
2562208,84,3
666299,84,2
1981733,84,4
2330735,84,3
2260788,84,3
2133463,84,3
1212608,84,4
759345,84,3
957447,84,3
1564243,84,4
2403193,84,4
453979,84,4
291645,84,3
502355,84,4
1698789,84,3
2504147,84,3
267742,84,4
75465,84,3
1935970,84,4
449337,84,3
2305843,84,3
2568401,84,4
173300,84,3
2105422,84,4
665030,84,3
318920,84,4
351981,84,4
47411,84,4
70566,84,2
535268,84,4
87878,84,2
1554601,84,3
319119,84,3
638998,84,4
2312028,84,3
449743,84,4
2508079,84,4
1720023,84,5
1498198,84,5
2168178,84,2
2542131,84,4
1591040,84,5
1386513,84,4
2068869,84,4
1150513,84,3
1034156,84,4
2402990,84,3
1613080,84,3
2125035,84,3
2346412,84,4
777522,84,2
1756721,84,4
41329,84,1
178991,84,2
2315741,84,3
1223397,84,3
2058950,84,3
2144844,84,4
813328,84,3
900634,84,3
750379,84,3
526129,84,3
455661,84,3
1872087,84,3
549534,84,4
152619,84,4
1825075,84,3
2475820,84,5
2076102,84,1
1721692,84,4
1968074,84,5
1684328,84,3
1858921,84,5
2527572,84,2
1630930,84,3
2088489,84,4
947651,84,1
1837439,84,2
119496,84,5
763779,84,3
1224299,84,3
2086264,84,3
950274,84,2
1563825,84,2
1617529,84,3
2535051,84,2
2235193,84,4
965764,84,4
289162,84,3
1232229,84,4
2646712,84,3
2554745,84,3
31764,84,5
2041435,84,5
1903175,84,4
1343332,84,4
2169283,84,4
2252238,84,4
806909,84,5
78535,84,3
764390,84,5
1761023,84,1
1348471,84,4
256329,84,3
427928,84,3
2131715,84,3
2192190,84,3
2031723,84,5
2591198,84,4
152178,84,3
770513,84,3
2604824,84,4
1236924,84,3
2595345,84,3
1690682,84,5
1805888,84,3
479779,84,3
1599855,84,2
43530,84,3
2186859,84,4
2278083,84,3
2559892,84,4
446537,84,3
486656,84,3
642060,84,4
2612648,84,3
2623095,84,4
43751,84,4
1179914,84,1
76668,84,3
2354054,84,4
989865,84,3
2419024,84,4
888155,84,3
822663,84,4
85550,84,4
2337965,84,3
389017,84,5
271192,84,2
525356,84,3
1232863,84,3
1504575,84,3
2286671,84,4
403026,84,3
1679741,84,5
2163203,84,4
1154287,84,2
1328996,84,3
1242044,84,4
1983493,84,3
848193,84,4
2139589,84,3
1787805,84,4
2566515,84,1
2250224,84,3
364274,84,3
296500,84,4
2400123,84,3
1195401,84,3
1840435,84,3
1084932,84,4
2110721,84,2
1932377,84,3
232955,84,4
79224,84,3
401047,84,1
1222291,84,4
1150754,84,3
1237674,84,4
256969,84,3
1185067,84,4
363163,84,5
2154453,84,5
1319449,84,3
1721623,84,1
2456942,84,4
1818967,84,5
1841531,84,3
921732,84,5
1630967,84,5
1033433,84,2
2537646,84,3
155342,84,1
2207573,84,3
464812,84,3
1569086,84,5
2508819,84,4
1457139,84,3
2223102,84,2
297901,84,4
2053014,84,5
1751847,84,3
488769,84,3
1481318,84,2
1718921,84,2
2266166,84,3
2455068,84,3
156200,84,3
1997619,84,3
2198130,84,3
250162,84,2
1676266,84,3
1233464,84,3
2522648,84,2
1574119,84,3
653399,84,3
901520,84,2
450924,84,5
2468521,84,3
2500671,84,5
1226844,84,3
1731008,84,3
870979,84,3
2551958,84,4
2133016,84,5
717542,84,2
1264935,84,2
177037,84,3
411519,84,3
900557,84,2
735244,84,4
1395543,84,4
1277904,84,3
758932,84,3
285031,84,3
2451368,84,2
2085252,84,1
1810453,84,5
209549,84,5
1990821,84,3
2172013,84,5
1001129,84,3
2036122,84,4
2570338,84,3
2191611,84,3
2149449,84,4
441669,84,2
2366848,84,3
2151115,84,5
1528438,84,3
825016,84,3
1328031,84,2
1536369,84,4
706198,84,4
796682,84,2
234535,84,4
1010364,84,2
179832,84,5
1451220,84,5
1711802,84,3
901111,84,5
644663,84,3
2128254,84,1
1721134,84,3
2472440,84,3
1086617,84,1
1574264,84,3
1466332,84,5
1459122,84,4
2448217,84,5
1316174,84,4
2129436,84,4
962098,84,3
1600039,84,4
668921,84,4
1208586,84,3
1877943,84,5
941600,84,3
163066,84,3
2387821,84,5
2252336,84,3
2239853,84,4
1717489,84,3
657556,84,4
2244190,84,3
295718,84,3
721541,84,2
1332983,84,1
1490750,84,4
2270992,84,3
1631433,84,4
1862392,84,3
536513,84,4
1036862,84,4
2435667,84,4
1956538,84,4
73190,84,2
2355807,84,4
2543788,84,2
92659,84,3
980181,84,3
2515102,84,4
2333683,84,4
1242806,84,3
695720,84,1
1579340,84,5
883478,84,4
2397914,84,3
143582,84,3
2099117,84,3
402966,84,3
969320,84,4
80683,84,1
627312,84,3
1434502,84,3
2396118,84,1
718085,84,3
1853024,84,4
2101662,84,4
189381,84,5
974911,84,3
1995942,84,3
1572796,84,3
1169151,84,4
1532125,84,3
816957,84,4
914979,84,5
1928507,84,5
1389120,84,3
534561,84,4
423345,84,4
2576504,84,5
2049054,84,4
1337532,84,5
145992,84,3
2409015,84,5
1563429,84,4
529963,84,3
1665776,84,4
695555,84,3
1292093,84,5
1937637,84,3
1415923,84,2
1788346,84,1
1323684,84,4
2130859,84,1
136270,84,2
2195736,84,4
1134459,84,2
1955408,84,4
1167097,84,1
2059620,84,3
1047147,84,4
40842,84,2
1062305,84,3
2325857,84,4
2396085,84,5
2094948,84,4
2523163,84,4
7284,84,5
2088377,84,2
1045227,84,5
273019,84,5
10947,84,3
1966321,84,5
1810691,84,3
2313732,84,4
1507728,84,3
7921,84,3
2146572,84,4
2232498,84,3
735710,84,4
544109,84,4
1098431,84,2
837202,84,4
918750,84,2
1391502,84,1
462457,84,3
1314869,84,4
1267783,84,3
38616,84,3
2100574,84,5
1419077,84,3
307301,84,3
1676997,84,2
968759,84,2
2032944,84,3
829701,84,3
2233232,84,4
864172,84,2
2043344,84,3
1311189,84,4
1666140,84,4
1427330,84,4
1356204,84,4
2344128,84,4
881702,84,4
995714,84,3
260430,84,2
958810,84,1
2062763,84,4
1923098,84,4
1926431,84,4
1308687,84,4
2113683,84,2
2080006,84,5
1501904,84,4
2160085,84,3
2237185,84,4
504211,84,2
2088599,84,3
1820891,84,3
1262236,84,4
1815541,84,2
1706765,84,4
1024885,84,3
604899,84,5
1705196,84,3
1166912,84,1
2393039,84,2
542483,84,3
2156206,84,1
359063,84,4
2119724,84,4
1271717,84,4
441070,84,5
2459084,84,1
684951,84,1
1606342,84,4
782611,84,3
1133946,84,4
1751764,84,3
1927527,84,4
1018296,84,1
2238187,84,4
2046549,84,4
753097,84,3
2508065,84,3
2472920,84,4
2031636,84,4
2062350,84,3
2339162,84,3
1172719,84,3
687337,84,4
1262307,84,4
1440666,84,4
4103,84,2
1977057,84,2
1097806,84,4
853491,84,3
94915,84,3
2244619,84,3
397407,84,4
2379951,84,1
2571687,84,5
2416772,84,3
1933255,84,3
1003143,84,5
434764,84,2
1819462,84,1
428831,84,1
2473882,84,2
122223,84,4
432467,84,1
34449,84,2
288133,84,3
2395230,84,3
2439493,84,1
765860,84,4
479924,84,5
809956,84,5
2534630,84,2
1015569,84,4
889897,84,4
1010491,84,1
454808,84,3
418653,84,3
170758,84,3
2042015,84,3
324634,84,3
73094,84,3
1198604,84,3
2347167,84,2
2250951,84,3
1429854,84,3
1012498,84,3
698252,84,5
2352521,84,2
2638015,84,3
838554,84,4
2011343,84,4
2400569,84,3
1381976,84,3
2483694,84,3
1172699,84,4
1682851,84,2
1770738,84,1
632191,84,4
1542669,84,3
1713064,84,2
708839,84,3
391325,84,4
1477973,84,4
991497,84,4
1555238,84,1
2159419,84,4
1017698,84,4
2005212,84,5
1467756,84,3
147386,84,3
1134379,84,4
392312,84,5
78047,84,4
505544,84,2
1814763,84,1
509860,84,4
797114,84,3
2462877,84,1
1084928,84,2
2479356,84,2
1949795,84,1
433213,84,3
624035,84,3
2185614,84,3
2263419,84,3
1100765,84,3
991452,84,1
1824389,84,4
1671233,84,5
925897,84,5
342695,84,4
327721,84,2
1919173,84,3
2149203,84,5
351005,84,3
2336948,84,4
928807,84,3
124699,84,1
62279,84,3
1712930,84,4
1113666,84,4
1985841,84,1
645772,84,2
2632674,84,4
2632713,84,4
584282,84,3
527276,84,4
1959049,84,1
464621,84,4
948572,84,3
2392226,84,3
174783,84,3
2297340,84,2
1419404,84,1
2205119,84,1
2625430,84,4
123151,84,4
604052,84,3
97370,84,4
890925,84,5
1655613,84,2
561536,84,2
483909,84,4
1422937,84,3
2597191,84,4
149857,84,3
146879,84,4
1318951,84,1
72255,84,3
492714,84,2
1818803,84,3
256054,84,3
1393827,84,5
1187749,84,3
48222,84,5
1935192,84,4
2544311,84,4
1345929,84,4
554096,84,3
1847393,84,5
2424907,84,3
1238443,84,2
2353111,84,1
1672447,84,3
1658172,84,5
1947413,84,1
1211496,84,4
2155681,84,3
2371948,84,3
1140762,84,3
1679094,84,4
1300687,84,2
2125153,84,3
680148,84,3
157631,84,4
2585347,84,2
2599422,84,3
2204483,84,2
1473980,84,3
1372893,84,5
1007717,84,5
2488357,84,2
1649986,84,3
1394988,84,3
1682194,84,3
1869082,84,4
328212,84,3
642036,84,3
565510,84,3
1960942,84,4
949610,84,2
2571459,84,5
460526,84,1
2523111,84,4
332476,84,5
1295471,84,4
448083,84,4
2340228,84,3
2412167,84,4
2631472,84,3
461564,84,3
1730537,84,3
594014,84,5
2482190,84,2
255507,84,4
761916,84,4
1275277,84,4
674849,84,1
1511325,84,3
732907,84,4
1782189,84,5
157179,84,1
1219097,84,2
2091736,84,5
202678,84,1
2603031,84,3
2123734,84,5
1290175,84,5
971424,84,3
2052652,84,2
847536,84,3
2035595,84,1
34826,84,4
1624090,84,5
641719,84,3
1110156,84,2
447839,84,3
1028463,84,1
205036,84,4
1227875,84,2
1317059,84,5
1645365,84,3
568224,84,5
1061465,84,3
2081837,84,3
659029,84,3
776100,84,3
2441351,84,4
130107,84,3
1623216,84,3
522846,84,2
892937,84,4
332022,84,1
2224112,84,2
170162,84,3
1657886,84,3
163205,84,1
1436357,84,3
364892,84,4
1173675,84,4
1916277,84,3
787277,84,1
1125499,84,4
1153564,84,3
951185,84,1
2236214,84,3
1903373,84,2
2464924,84,4
904354,84,3
2353017,84,2
682169,84,5
1606381,84,4
2589962,84,4
599111,84,4
790787,84,2
614714,84,5
1417474,84,2
2222083,84,2
226422,84,2
2643844,84,5
2577898,84,3
922251,84,3
73814,84,5
2221551,84,3
838661,84,4
2362208,84,3
1666903,84,2
537132,84,3
1375430,84,3
439914,84,2
349407,84,3
2045407,84,4
2228803,84,4
589006,84,5
489383,84,3
1903324,84,1
2300336,84,4
2236414,84,3
1087416,84,3
2644264,84,1
1789236,84,3
1897433,84,3
452582,84,3
2339969,84,3
2333055,84,5
1750778,84,3
393787,84,2
676718,84,2
447836,84,4
988972,84,3
2044679,84,3
2220725,84,5
2308589,84,4
1563750,84,5
382891,84,3
1969578,84,3
1652443,84,5
1681954,84,4
1270517,84,3
270890,84,4
2058629,84,3
2294930,84,4
799672,84,2
2424683,84,2
2000579,84,1
276617,84,1
2249634,84,2
165060,84,2
70950,84,4
879760,84,4
2425741,84,1
1986034,84,2
2213131,84,3
60250,84,2
965104,84,3
1551980,84,1
787779,84,3
973247,84,3
1014412,84,3
1306442,84,4
745235,84,2
866841,84,5
1445215,84,4
780687,84,3
446196,84,5
1340232,84,3
2646471,84,2
2510760,84,5
1423977,84,3
1425756,84,4
606249,84,3
1362612,84,3
2512128,84,3
1225385,84,2
1584352,84,3
1382523,84,4
791629,84,5
725412,84,3
972914,84,4
2421668,84,2
1434604,84,3
1218654,84,3
1397075,84,3
839757,84,2
596995,84,1
1430258,84,4
1885242,84,4
1306344,84,4
84410,84,2
1919269,84,3
73234,84,2
1156589,84,3
1685161,84,4
277837,84,1
384710,84,5
1393584,84,3
1425403,84,3
2499918,84,4
1809161,84,1
700005,84,3
2420531,84,1
1256318,84,4
407252,84,3
890608,84,4
1041943,84,3
1338301,84,3
2486584,84,4
2386059,84,4
2118269,84,5
614805,84,5
2364796,84,3
570721,84,2
1359533,84,2
2200470,84,3
406020,84,3
1909219,84,4
2422300,84,4
1693002,84,4
1350837,84,2
458861,84,4
1828157,84,5
1076811,84,3
232083,84,1
1105029,84,2
332241,84,3
2067780,84,3
1763459,84,4
2321314,84,2
858899,84,4
590607,84,2
2398923,84,3
886059,84,4
884424,84,3
1423063,84,3
1110014,84,2
477938,84,4
1062580,84,3
2551686,84,4
2011258,84,5
1371426,84,3
312140,84,3
1452675,84,3
1872461,84,3
1573228,84,1
836015,84,3
623164,84,4
2355433,84,2
342008,84,4
1641747,84,3
2357895,84,2
1698187,84,3
1723350,84,4
2367657,84,3
2608884,84,3
1785544,84,4
1528418,84,3
537601,84,4
1683615,84,4
2539101,84,3
2134761,84,3
1778918,84,3
994993,84,4
248982,84,2
682970,84,3
1995832,84,2
496436,84,2
609240,84,3
1316762,84,4
149335,84,3
632320,84,3
171232,84,3
1259454,84,4
403754,84,1
880045,84,3
172229,84,3
2633152,84,2
88255,84,4
1062123,84,4
1696993,84,3
837071,84,3
2633486,84,3
1653464,84,2
35887,84,2
182861,84,4
467380,84,1
2051538,84,3
1725885,84,3
1242301,84,4
1873623,84,3
1132339,84,1
105730,84,3
110514,84,4
767958,84,4
1525615,84,4
2120610,84,4
709185,84,2
156401,84,3
775171,84,1
2364213,84,2
2566670,84,3
1721994,84,3
160446,84,3
1174141,84,2
1174678,84,4
31462,84,4
2096942,84,4
1928574,84,5
151821,84,4
408200,84,3
2315073,84,3
741977,84,4
594805,84,3
1796576,84,4
1862017,84,3
922804,84,2
2381028,84,2
2379262,84,3
1243987,84,5
1602339,84,4
1330346,84,4
1831623,84,2
1406895,84,4
1810141,84,3
99847,84,3
419225,84,1
671859,84,3
583797,84,5
1727232,84,3
1479892,84,3
1880766,84,3
2097935,84,3
2259506,84,3
2206066,84,2
1976520,84,4
342512,84,5
1222126,84,1
279835,84,1
1831040,84,5
280826,84,4
2345340,84,4
1669171,84,3
272183,84,3
2029979,84,3
140498,84,1
1594061,84,2
403915,84,3
327366,84,3
938931,84,4
1013465,84,3
2203201,84,4
734454,84,3
1606086,84,4
2616401,84,5
990036,84,3
1604238,84,4
923517,84,5
2643375,84,3
1551333,84,3
1943141,84,3
2147714,84,5
999984,84,5
2088393,84,3
2431563,84,4
838537,84,2
954228,84,4
86298,84,4
1820992,84,4
732936,84,3
478103,84,3
678430,84,5
1277590,84,3
2570444,84,3
2085644,84,4
2608542,84,3
1873315,84,4
1830690,84,4
1568735,84,3
482468,84,4
1495960,84,3
1561857,84,3
1137456,84,3
1106518,84,4
1753870,84,4
273598,84,4
2456613,84,4
1979083,84,4
1168359,84,4
2537543,84,1
257648,84,3
158954,84,3
76590,84,4
213232,84,4
1920828,84,3
948234,84,2
1552437,84,2
1835006,84,3
1141189,84,5
622214,84,3
458495,84,2
894519,84,4
2282030,84,1
495542,84,2
1695151,84,3
1207913,84,3
2074643,84,3
588285,84,1
572305,84,4
79,84,3
2306210,84,3
2253438,84,2
71107,84,2
87637,84,4
614689,84,5
639089,84,4
1494821,84,2
1008517,84,3
825695,84,4
407560,84,4
738819,84,3
1985267,84,3
1178284,84,3
729527,84,4
2260832,84,1
2022657,84,2
2055243,84,2
1102112,84,3
1940080,84,3
41068,84,1
2250323,84,2
361141,84,3
2002416,84,4
1122219,84,5
2503473,84,3
2531920,84,1
2085932,84,4
1758438,84,2
182179,84,4
2552319,84,3
1243562,84,3
1644255,84,3
616131,84,1
163874,84,5
1685610,84,1
249274,84,3
1947062,84,4
780484,84,3
1531360,84,1
1124916,84,4
1106863,84,4
418763,84,4
767028,84,3
1808587,84,4
675283,84,3
2209212,84,4
878036,84,5
1709963,84,4
1013676,84,2
2328186,84,4
1404770,84,5
2288028,84,3
29972,84,4
2227283,84,1
1629636,84,4
1370443,84,3
416265,84,3
119738,84,2
1504496,84,1
1153186,84,3
438776,84,4
1371018,84,2
1312661,84,4
347789,84,3
397126,84,4
1254452,84,2
92249,84,3
2401147,84,4
3998,84,5
408256,84,3
979155,84,1
2153894,84,3
1437343,84,4
1426989,84,4
253758,84,2
2086265,84,3
1605781,84,4
157667,84,3
887191,84,3
930538,84,4
406090,84,4
2245965,84,5
2156497,84,3
1849453,84,2
157094,84,5
1578321,84,4
297453,84,3
1655031,84,5
1128834,84,5
438674,84,4
2118885,84,3
1522205,84,4
2081090,84,3
2520401,84,5
1421913,84,3
990419,84,3
1969651,84,3
91893,84,4
1373696,84,3
1533355,84,3
505015,84,3
1825443,84,5
2636167,84,1
213486,84,3
153263,84,5
367741,84,3
2477018,84,3
388643,84,1
835473,84,5
128863,84,1
803489,84,4
1072312,84,4
1664010,84,5
602165,84,1
752492,84,3
914358,84,2
1954151,84,5
2049015,84,3
644681,84,3
2327743,84,2
921363,84,1
2060199,84,4
1725374,84,4
1902937,84,5
1918182,84,5
214932,84,3
737081,84,3
871312,84,2
1241231,84,4
823630,84,4
1975589,84,4
2599586,84,3
948447,84,3
1393159,84,3
942013,84,2
2374782,84,3
1603693,84,4
2624184,84,3
564016,84,3
1441959,84,1
638108,84,3
1522015,84,3
1603694,84,2
1831550,84,3
2157606,84,4
1198528,84,3
389210,84,4
2597077,84,3
1948804,84,4
2557171,84,5
1642678,84,4
2455050,84,3
2441439,84,4
1613359,84,3
1111283,84,5
2026118,84,2
576990,84,1
2395412,84,3
507094,84,3
212895,84,4
2637251,84,3
314418,84,4
2223273,84,3
2349392,84,3
572481,84,1
1198211,84,4
76754,84,3
1645338,84,4
1745340,84,2
1521272,84,2
67432,84,2
759440,84,5
2012039,84,4
1257912,84,2
44620,84,3
1848148,84,5
380078,84,4
1476270,84,3
2369493,84,3
2462919,84,3
1757417,84,3
2442891,84,3
651629,84,5
1360742,84,5
53548,84,4
2026010,84,4
630590,84,3
2289733,84,4
2082018,84,4
862443,84,3
455024,84,4
10901,84,5
2260213,84,4
466247,84,4
1217689,84,2
1426120,84,3
850983,84,1
462171,84,3
2484878,84,3
2080562,84,3
1827937,84,3
291407,84,4
994848,84,4
2020022,84,2
219746,84,5
1991658,84,3
2250305,84,5
2099473,84,5
1111868,84,5
1109357,84,2
1600579,84,3
1081119,84,3
722447,84,4
514415,84,4
366160,84,3
1621646,84,2
2135590,84,2
436156,84,3
2310027,84,3
1782533,84,2
1496851,84,3
2328303,84,2
865181,84,2
761595,84,3
2367823,84,5
1241893,84,5
1234968,84,3
1058842,84,3
681121,84,3
750863,84,2
931040,84,5
1348840,84,3
1960014,84,3
30715,84,5
68979,84,1
110938,84,5
2509048,84,5
1021822,84,4
882170,84,5
129161,84,2
2574573,84,1
762846,84,3
2198612,84,3
1780281,84,2
1693516,84,3
1317861,84,4
1769640,84,5
1307884,84,3
2498932,84,4
1784723,84,3
2430907,84,4
505171,84,4
2387973,84,2
2514777,84,4
1619064,84,2
775883,84,4
1093500,84,3
507140,84,2
1825647,84,5
737480,84,1
993550,84,1
2082100,84,4
987740,84,3
2427512,84,2
785937,84,5
1043581,84,3
2538055,84,1
108506,84,3
2358148,84,1
1932987,84,3
2514204,84,3
851479,84,2
2246248,84,4
2330618,84,5
2152842,84,4
1962176,84,3
2536547,84,3
1635276,84,5
40112,84,4
2575043,84,5
1608783,84,4
1246998,84,5
1653746,84,1
590581,84,1
1826684,84,3
340453,84,2
1544666,84,4
2137979,84,3
2409753,84,3
1795371,84,1
135337,84,3
972267,84,3
2212303,84,2
2391540,84,1
1922270,84,3
927541,84,2
671556,84,3
2135060,84,3
841073,84,2
795380,84,3
1517890,84,3
1282217,84,2
1599233,84,4
2346294,84,2
1572755,84,4
1856091,84,3
1949871,84,3
1685948,84,3
1346630,84,5
1703544,84,3
875437,84,5
430134,84,1
1207567,84,3
1581535,84,4
907730,84,2
592026,84,3
2284770,84,4
2285734,84,4
641364,84,3
1315776,84,4
1218115,84,4
155366,84,5
2635943,84,5
1629440,84,4
2585641,84,4
1537898,84,2
1337166,84,3
1821474,84,3
41366,84,3
1181480,84,4
942513,84,4
1157165,84,3
871675,84,3
1018094,84,3
933819,84,3
60343,84,5
655385,84,5
2373330,84,3
2327767,84,3
352373,84,2
465497,84,3
1679274,84,3
725822,84,3
1131917,84,3
134001,84,3
1773601,84,3
2226546,84,3
899431,84,1
388639,84,5
923864,84,4
1536691,84,5
378913,84,3
2629365,84,3
27318,84,4
2393981,84,4
704132,84,3
1718526,84,3
2543611,84,5
1529076,84,4
2100306,84,4
295135,84,4
500440,84,3
1280404,84,4
315398,84,3
1607163,84,5
2023354,84,4
956851,84,4
1752417,84,4
47597,84,4
2290732,84,3
2626336,84,1
1783288,84,5
1950225,84,2
767947,84,3
2466494,84,3
773432,84,4
2479620,84,1
1739648,84,5
1567322,84,5
2519614,84,4
2647661,84,3
2601377,84,2
1326135,84,5
571625,84,4
2384880,84,4
611741,84,3
518337,84,3
1429789,84,3
109285,84,2
1059977,84,3
257445,84,3
1336618,84,3
1716251,84,3
759051,84,3
4477,84,3
2437021,84,3
744365,84,4
3604,84,5
549901,84,3
117874,84,2
1144783,84,4
2364842,84,3
1179164,84,3
694454,84,4
25483,84,2
257095,84,1
69444,84,4
772009,84,2
104462,84,3
126045,84,3
1493913,84,5
963050,84,4
316748,84,3
722591,84,3
164085,84,4
2306057,84,2
2015182,84,3
2579012,84,3
2627190,84,5
1043729,84,4
1608091,84,1
2016521,84,3
853135,84,4
963972,84,1
2088784,84,5
1709511,84,3
1454642,84,2
554083,84,4
20421,84,4
53503,84,3
685565,84,5
1536782,84,3
507498,84,3
959164,84,2
687066,84,4
1521183,84,4
2120857,84,5
1758100,84,1
576304,84,4
1756360,84,2
1431557,84,3
2050532,84,3
1909922,84,4
557037,84,3
1276071,84,5
2350500,84,2
1616870,84,4
1309403,84,2
2077006,84,4
2042475,84,3
2356911,84,4
740482,84,3
722340,84,3
1083666,84,3
2401413,84,5
1661736,84,3
1600684,84,3
2354642,84,5
417045,84,1
777752,84,2
1779945,84,3
2337557,84,4
1730533,84,4
1645455,84,4
1085738,84,5
847460,84,1
2437174,84,3
788358,84,5
1044697,84,4
1951516,84,4
1914670,84,3
411341,84,3
850052,84,2
375567,84,4
2238070,84,3
1727443,84,2
1116511,84,5
2536114,84,4
696309,84,1
2359326,84,5
1093671,84,4
1995860,84,3
2081462,84,3
2534061,84,1
1188144,84,5
467366,84,5
1141007,84,2
1741126,84,3
1052453,84,4
1244886,84,3
2309982,84,3
1857889,84,1
2208512,84,3
730423,84,3
1951978,84,1
452667,84,1
510820,84,3
681782,84,1
214784,84,3
1844397,84,3
945132,84,2
2068028,84,3
651541,84,3
891561,84,4
1188774,84,3
744546,84,3
2161891,84,5
2147765,84,3
1378561,84,1
2485091,84,2
1148157,84,4
1555020,84,5
522710,84,3
235466,84,5
687235,84,4
451220,84,4
1446054,84,5
1737862,84,3
332466,84,1
1260240,84,2
2300261,84,4
1195392,84,2
180392,84,3
1374049,84,1
1907373,84,5
1731527,84,3
2004155,84,3
726434,84,4
6544,84,4
2089599,84,3
134972,84,3
320856,84,1
1746395,84,4
872221,84,4
704381,84,3
453432,84,3
1333390,84,3
2037947,84,4
1091318,84,3
1416439,84,3
1421652,84,3
1987190,84,3
233298,84,3
381217,84,2
1363282,84,3
106870,84,4
665732,84,4
1792545,84,3
2606799,84,5
489454,84,3
1084108,84,4
2351276,84,3
761476,84,3
139445,84,3
1187021,84,2
690747,84,2
1995008,84,2
2328992,84,5
1851346,84,4
1273651,84,4
587301,84,3
1993583,84,3
1054153,84,2
769794,84,5
1687386,84,3
455269,84,3
1737549,84,3
679414,84,2
1088391,84,3
996575,84,2
429045,84,3
584714,84,3
1355066,84,4
38284,84,3
2351316,84,3
976385,84,4
87118,84,2
1030830,84,4
1416532,84,3
2135813,84,2
74213,84,5
478558,84,4
968423,84,5
880157,84,4
1845738,84,5
99884,84,5
2221791,84,5
1399783,84,4
1398397,84,4
696970,84,3
818857,84,4
479605,84,3
1318402,84,5
431326,84,3
2288856,84,3
746762,84,3
2452276,84,3
953486,84,5
1646846,84,2
1595652,84,4
891798,84,2
2518730,84,5
1363820,84,4
1723455,84,4
1988375,84,4
716173,84,4
2549694,84,5
2310461,84,3
759737,84,2
172118,84,3
1983362,84,3
2420083,84,3
2138889,84,4
212985,84,3
591184,84,3
2193891,84,4
704117,84,3
1299887,84,5
1037769,84,3
160896,84,3
373013,84,4
730961,84,4
331278,84,5
1190655,84,1
2032264,84,2
659483,84,3
789014,84,2
798296,84,1
633151,84,3
1639153,84,3
2460032,84,4
2592263,84,3
1782346,84,5
2120700,84,5
1567970,84,3
1860673,84,4
2131432,84,3
682963,84,3
1357428,84,3
205982,84,5
978904,84,4
2389345,84,1
2424705,84,2
753537,84,3
1209911,84,4
720261,84,1
928480,84,2
2267322,84,1
1665636,84,5
1385728,84,3
1657168,84,5
58485,84,3
1370564,84,3
1648882,84,1
1587543,84,4
2571017,84,1
2110951,84,3
1838731,84,2
1469632,84,3
2134752,84,1
1073214,84,3
1185379,84,5
863045,84,1
1153562,84,3
2214253,84,1
2048079,84,1
1116290,84,4
385553,84,3
1290148,84,3
1396368,84,2
2173786,84,2
688090,84,5
51453,84,3
27434,84,1
2517833,84,3
852629,84,3
1118825,84,3
833951,84,4
1872532,84,3
79464,84,4
1338946,84,3
1725008,84,3
2067117,84,3
488770,84,3
1992205,84,4
1097099,84,4
201321,84,4
946655,84,4
2390255,84,3
1231617,84,2
1856481,84,3
551459,84,1
1605288,84,3
1425453,84,1
366815,84,3
1955486,84,3
2377641,84,5
1833332,84,4
2360137,84,1
2595413,84,1
220655,84,2
536740,84,3
258764,84,4
433868,84,4
2356793,84,4
1025818,84,4
2534832,84,4
18415,84,2
2517588,84,4
1151483,84,3
911940,84,4
1290688,84,2
2353154,84,4
349271,84,3
1948576,84,3
2522148,84,3
265257,84,3
100712,84,1
567016,84,4
2043149,84,4
1530363,84,3
1023493,84,3
151153,84,3
1031393,84,3
1878729,84,3
1625620,84,2
1126718,84,5
1329110,84,4
1777163,84,3
279265,84,4
2492989,84,3
2150985,84,1
397923,84,2
1747163,84,2
664443,84,5
2602923,84,2
640455,84,4
1340327,84,4
2007432,84,4
1845582,84,5
671618,84,2
1729889,84,3
1430587,84,3
1821408,84,4
2473867,84,5
1674496,84,5
2033167,84,4
104422,84,4
305344,84,2
2569099,84,1
2369933,84,5
2388498,84,2
655021,84,3
1168577,84,2
276968,84,4
1907859,84,4
2002495,84,2
1986551,84,1
1064752,84,3
1975416,84,4
2226525,84,4
2394336,84,3
797401,84,4
1852680,84,4
508573,84,3
211815,84,3
2507479,84,2
1120541,84,2
2395368,84,3
1335436,84,3
635056,84,3
2004689,84,4
919624,84,5
1050908,84,4
2081385,84,3
433941,84,1
1689816,84,2
1140336,84,5
1909214,84,4
1274768,84,4
2311110,84,3
870170,84,4
161313,84,3
1318329,84,3
810093,84,4
2099446,84,3
1888060,84,1
2320097,84,2
2280291,84,3
1710658,84,3
2210170,84,1
167551,84,4
1956794,84,1
1826093,84,4
2098276,84,4
876171,84,3
1593551,84,5
2278766,84,4
639533,84,2
2458868,84,3
2037693,84,1
1156951,84,4
300316,84,3
2083947,84,4
751362,84,1
1012830,84,1
112201,84,4
1187293,84,3
2390219,84,5
2419814,84,3
2011383,84,4
1363355,84,4
433593,84,4
676515,84,2
1712181,84,3
458177,84,3
832928,84,4
1539933,84,3
2424509,84,3
2147139,84,3
2148796,84,5
1428930,84,3
280167,84,4
974697,84,4
1104415,84,3
1032736,84,2
1655284,84,3
862213,84,3
2178493,84,3
2444721,84,4
808261,84,5
476695,84,1
2340119,84,3
2303987,84,5
2177340,84,3
1988735,84,3
788508,84,4
1600254,84,4
1066090,84,1
646136,84,3
1195709,84,3
792884,84,4
2501215,84,3
748874,84,5
2603405,84,3
972651,84,3
724151,84,4
1862405,84,5
2188684,84,3
1548866,84,3
1292658,84,3
1064540,84,4
94686,84,5
478425,84,2
252515,84,3
985339,84,3
558086,84,4
1841600,84,4
2291251,84,3
1181146,84,3
611176,84,3
732600,84,2
1031218,84,4
1997391,84,3
1114717,84,3
306148,84,3
2141173,84,2
230211,84,3
1837730,84,5
1193575,84,4
794215,84,4
701495,84,5
1224403,84,4
138834,84,4
1683266,84,3
315374,84,2
2584676,84,1
2205259,84,1
827130,84,4
27120,84,3
1912439,84,4
1246929,84,2
2506564,84,2
381509,84,3
2487054,84,5
2198988,84,4
1191060,84,4
1650616,84,4
1736534,84,4
1448938,84,5
1171410,84,4
2490222,84,4
1709543,84,4
1035298,84,3
1938303,84,3
1829534,84,5
384788,84,2
2137795,84,4
1613983,84,1
925091,84,2
2021092,84,3
798930,84,5
2155829,84,5
1773947,84,3
753901,84,3
2315012,84,1
2304298,84,4
2417320,84,3
388847,84,3
1615800,84,3
490384,84,3
758850,84,3
2509533,84,3
1242322,84,3
267606,84,1
1033246,84,5
360264,84,3
343946,84,2
166198,84,2
1073396,84,5
2222815,84,3
162554,84,4
2334970,84,3
2534715,84,3
1312882,84,2
70147,84,2
1452669,84,4
1134670,84,3
46011,84,3
680040,84,2
159159,84,3
1510943,84,3
740929,84,4
387897,84,3
2435006,84,5
1038183,84,3
1630241,84,5
2016725,84,3
2333632,84,3
363195,84,3
202002,84,4
2644945,84,4
584690,84,2
1751577,84,2
2448660,84,1
1873021,84,5
972399,84,4
735952,84,4
55825,84,3
190446,84,3
683447,84,3
1480821,84,3
2027967,84,4
558720,84,5
1266589,84,3
2239460,84,1
589682,84,2
423990,84,3
315833,84,3
2244657,84,3
574547,84,3
57326,84,1
2583960,84,3
1442089,84,2
210622,84,3
1432474,84,3
1902365,84,3
45656,84,3
2474661,84,2
2583187,84,3
74439,84,3
927271,84,3
1653942,84,1
403697,84,1
1152594,84,3
928636,84,4
1783225,84,2
12812,84,2
2030201,84,4
752642,84,1
1531512,84,3
128040,84,3
1238991,84,5
844533,84,4
1145003,84,3
1232251,84,4
1079992,84,3
1075444,84,3
1679822,84,3
2241309,84,3
1885016,84,1
2386069,84,3
964235,84,3
296307,84,4
938764,84,4
1370506,84,3
337994,84,3
1438498,84,4
1829484,84,5
1691547,84,4
2511464,84,3
2575964,84,3
1726741,84,3
1583664,84,2
2021544,84,1
666743,84,5
2023672,84,2
1775437,84,5
2124531,84,3
2450203,84,3
609306,84,4
569365,84,2
479222,84,3
2482819,84,3
1075030,84,3
1068705,84,3
1750779,84,2
1416853,84,1
1036167,84,5
2092416,84,5
2485642,84,4
1182820,84,5
444548,84,2
1525681,84,3
707558,84,3
340509,84,2
1503267,84,3
617475,84,4
334846,84,4
2479648,84,4
2148412,84,4
1258980,84,3
140082,84,3
1623138,84,4
1126131,84,4
609231,84,3
2491066,84,3
2530159,84,4
2157854,84,5
2173428,84,4
2021291,84,4
2343970,84,4
1958056,84,5
238857,84,4
2332377,84,2
872924,84,3
1436851,84,1
663830,84,3
2539408,84,4
1202537,84,3
1558821,84,5
1402106,84,4
2030777,84,3
1714542,84,3
1283365,84,4
2444052,84,1
534933,84,2
23347,84,3
364376,84,3
2547059,84,1
220157,84,4
504051,84,3
1103206,84,4
1961161,84,3
1384334,84,3
2056022,84,1
677804,84,3
2328113,84,4
1178805,84,2
592277,84,5
2139288,84,4
536598,84,4
1407758,84,3
1855452,84,4
1660356,84,2
298020,84,2
219888,84,4
1367589,84,3
1615850,84,1
1759950,84,3
2470711,84,3
1277779,84,3
1722054,84,5
437275,84,1
421669,84,4
1087457,84,4
2029276,84,2
815569,84,3
2468701,84,1
1182024,84,2
471654,84,4
1191408,84,2
1425971,84,3
1855394,84,5
1315963,84,1
1273765,84,2
1469999,84,4
442657,84,4
76444,84,3
1824680,84,3
1363136,84,5
2500623,84,2
835091,84,2
715335,84,3
1031610,84,3
168877,84,1
2228750,84,2
968906,84,3
785997,84,3
1848292,84,3
2329113,84,2
982331,84,4
1147448,84,4
2556700,84,3
729187,84,3
1181108,84,4
2469669,84,1
2162367,84,3
1547173,84,4
612666,84,2
2316429,84,5
2427575,84,5
2142088,84,5
1044050,84,4
1855593,84,3
2976,84,3
1778808,84,5
604078,84,3
2147902,84,2
1803687,84,4
1439882,84,3
318617,84,1
279433,84,4
2375687,84,4
1057021,84,4
2176465,84,1
2638601,84,1
1792411,84,5
320226,84,4
1933539,84,2
2224065,84,3
2494244,84,3
1365941,84,4
2081775,84,4
446752,84,3
150038,84,3
2572878,84,3
2441687,84,2
251855,84,3
1959845,84,3
2334416,84,3
1511595,84,3
1501869,84,3
2483306,84,3
830770,84,4
2622068,84,5
643372,84,2
2252217,84,3
169462,84,4
2358810,84,4
1576186,84,4
525179,84,4
171587,84,4
1093643,84,3
1946645,84,2
2262335,84,3
917247,84,5
2115977,84,4
2109386,84,5
176535,84,5
1266440,84,1
357871,84,3
1598629,84,4
1160772,84,1
1036641,84,3
294213,84,2
1545267,84,3
926585,84,4
57347,84,4
2640335,84,3
1079032,84,4
2527932,84,4
219703,84,2
2186920,84,4
1182345,84,4
1415865,84,3
953110,84,4
322064,84,1
509532,84,2
2482290,84,4
1795822,84,3
2006759,84,3
918761,84,4
795592,84,3
949401,84,3
394528,84,2
1135589,84,4
538085,84,2
1413434,84,1
707496,84,3
1320504,84,3
38861,84,3
1806515,84,3
2552268,84,5
2142535,84,5
2024111,84,4
1814335,84,4
386915,84,4
2118461,84,5
1045766,84,5
155233,84,3
2386868,84,3
2131423,84,5
713326,84,3
1234430,84,4
157805,84,2
1172213,84,2
2378899,84,3
2070389,84,2
239686,84,2
1478590,84,3
1628484,84,4
798262,84,4
1401726,84,5
2277018,84,4
2438166,84,1
1114619,84,4
2048728,84,4
1820564,84,2
1114134,84,4
1122200,84,4
2125852,84,4
634989,84,4
741744,84,4
2010579,84,2
841869,84,2
846859,84,3
387418,84,1
2477546,84,3
659991,84,4
1823920,84,3
2180817,84,4
1989066,84,5
2188443,84,3
956866,84,4
1402285,84,5
2405421,84,3
471530,84,5
1548670,84,2
232984,84,4
2117747,84,1
533719,84,3
226113,84,5
437578,84,2
1135420,84,3
270702,84,4
1314083,84,3
2257189,84,3
2177085,84,4
2341353,84,4
1005966,84,4
75006,84,1
2457184,84,3
1716427,84,2
257332,84,3
2520933,84,5
216640,84,3
1857572,84,5
1114324,84,3
1839934,84,3
1522110,84,2
1571691,84,2
183860,84,4
100473,84,1
1640655,84,4
1868691,84,4
1849656,84,2
1962695,84,4
1558988,84,2
2149035,84,4
947935,84,3
1576255,84,4
1906611,84,4
2527951,84,4
787030,84,2
2096722,84,3
1813329,84,5
1800256,84,4
2201132,84,3
1089664,84,1
1266214,84,3
2249532,84,3
1006623,84,2
2344843,84,1
1629989,84,3
867800,84,4
2040484,84,4
2384834,84,3
1879238,84,4
893014,84,3
2570657,84,4
1163151,84,5
1360895,84,5
1948646,84,3
1795159,84,3
2321310,84,5
326401,84,4
847863,84,4
794999,84,5
1114342,84,3
1732841,84,5
1277412,84,3
254668,84,4
1762125,84,4
2012412,84,4
1532527,84,3
1324830,84,3
1298036,84,3
356615,84,1
898123,84,4
43104,84,3
69151,84,3
930473,84,2
1500319,84,4
755607,84,3
2646342,84,4
635874,84,4
610995,84,3
32902,84,3
1061195,84,4
999452,84,5
1631698,84,4
2070952,84,3
2452802,84,3
1773695,84,5
1357894,84,1
363114,84,4
1963949,84,2
153550,84,3
414941,84,4
1620158,84,4
1961167,84,3
1432751,84,3
1302981,84,3
2409772,84,4
1127936,84,4
1909041,84,2
1350616,84,3
2275860,84,5
669825,84,4
2509782,84,2
1796019,84,4
522304,84,2
2497515,84,4
2007970,84,4
2270103,84,3
1255241,84,3
557895,84,4
1907889,84,3
974573,84,5
114924,84,3
1793717,84,3
1461435,84,1
1604525,84,3
764415,84,3
5027,84,2
2367680,84,4
2089848,84,3
1290543,84,4
804335,84,4
531010,84,4
2565773,84,4
2540263,84,5
694070,84,4
2116105,84,5
1001928,84,3
1874618,84,1
2198129,84,2
1104620,84,3
124504,84,3
921585,84,3
597480,84,5
182203,84,1
2069442,84,5
1253792,84,5
329475,84,3
253434,84,5
803824,84,3
2311867,84,3
2022092,84,5
1817171,84,4
740642,84,4
74720,84,4
1711270,84,3
1488983,84,3
1772242,84,3
2294611,84,4
485601,84,3
151004,84,5
972853,84,3
657550,84,3
1570885,84,3
2293172,84,3
1407973,84,3
1247766,84,3
889332,84,2
1407919,84,3
378732,84,4
2065147,84,3
108190,84,2
2034154,84,2
2467626,84,4
2222960,84,5
191869,84,3
1835511,84,4
1282282,84,4
879910,84,2
1942891,84,2
1467435,84,3
682406,84,3
881956,84,2
2014931,84,4
1515974,84,4
2223918,84,5
1847613,84,3
295936,84,2
345297,84,1
1730369,84,3
115682,84,4
33639,84,4
1639792,84,1
2190004,84,3
1668323,84,4
290754,84,2
1879135,84,3
924256,84,3
557121,84,2
2544449,84,5
44355,84,3
1515355,84,4
314018,84,5
128311,84,3
1352747,84,1
1094132,84,5
2636305,84,1
2408965,84,4
173613,84,3
2552810,84,1
666023,84,3
2417170,84,4
659871,84,3
1929741,84,3
2502098,84,3
942737,84,4
1534004,84,3
1715184,84,5
353292,84,3
2103689,84,3
1074490,84,1
222276,84,1
2634348,84,3
480181,84,4
1156180,84,3
642551,84,2
1971467,84,4
361880,84,2
639179,84,3
2522355,84,3
1519722,84,5
1152554,84,3
2524011,84,3
1804811,84,4
614224,84,5
780460,84,2
2172689,84,3
956749,84,3
1475156,84,4
408998,84,4
583555,84,1
2179295,84,5
1552015,84,4
2154672,84,4
535008,84,3
853256,84,1
2362017,84,4
1376053,84,3
1577578,84,3
1178659,84,3
39375,84,4
2569978,84,2
2308472,84,4
122756,84,4
2426498,84,4
2136526,84,4
687113,84,5
1854270,84,4
1651228,84,3
459468,84,5
920617,84,4
1818509,84,3
2227701,84,3
569118,84,3
800584,84,3
1838864,84,5
1002509,84,1
190071,84,3
2516783,84,3
1945704,84,4
1043061,84,4
995154,84,4
1909121,84,3
699210,84,2
1130461,84,5
1361614,84,1
747281,84,5
300315,84,4
1363781,84,4
1821068,84,4
616251,84,4
1498824,84,3
2054355,84,4
1699820,84,4
663118,84,1
1066256,84,4
2354057,84,2
709817,84,2
541938,84,4
1830165,84,1
658645,84,2
1944538,84,1
1236617,84,3
2597934,84,1
2283211,84,4
1766371,84,3
2238060,84,5
152858,84,3
1804938,84,4
78703,84,3
512278,84,4
650651,84,4
1710369,84,3
960542,84,3
842271,84,3
1782799,84,5
1738952,84,2
662236,84,2
879551,84,1
1091202,84,3
2029858,84,1
1112365,84,3
1264553,84,4
824465,84,5
2503070,84,4
1852040,84,1
2425037,84,4
1878780,84,3
1793847,84,4
846786,84,4
1769993,84,4
1626347,84,3
2591268,84,2
1333453,84,4
2606398,84,5
1346751,84,2
2110114,84,5
1787255,84,5
1426357,84,4
325427,84,5
959834,84,1
1995265,84,4
610024,84,2
287566,84,5
750426,84,3
1910387,84,2
540648,84,3
966983,84,3
1013793,84,4
1897308,84,4
1604003,84,4
2426066,84,2
356812,84,3
2439009,84,4
2197368,84,3
2089141,84,4
1716976,84,4
2289107,84,2
1811676,84,1
29706,84,3
2516156,84,3
2405966,84,1
964662,84,2
2320697,84,2
478688,84,5
1066383,84,3
1817143,84,3
1354723,84,4
1208659,84,2
314043,84,4
1327340,84,1
1401922,84,4
869434,84,3
646031,84,1
1654617,84,3
1319661,84,4
1134623,84,2
1769229,84,3
944531,84,4
2498989,84,2
2389001,84,4
34473,84,2
2269542,84,4
1632068,84,5
1443607,84,1
623671,84,1
1226583,84,4
376277,84,1
1305625,84,5
1323366,84,5
1577524,84,3
285174,84,5
1899904,84,3
2230355,84,4
886536,84,3
2467598,84,2
598261,84,3
126257,84,3
1344474,84,3
1614972,84,3
234429,84,5
2360801,84,4
74301,84,5
786654,84,5
892029,84,4
1668322,84,3
1833201,84,5
654591,84,5
1102824,84,1
1386546,84,5
1232914,84,3
21823,84,3
1175472,84,3
252926,84,2
1087423,84,3
1444177,84,5
2000928,84,3
1143604,84,4
1712388,84,2
483361,84,3
844410,84,3
218261,84,3
1795680,84,1
829946,84,4
160488,84,3
2130318,84,2
2446871,84,3
1499220,84,5
943129,84,2
914704,84,1
2233460,84,5
2625566,84,4
1411831,84,4
1475306,84,5
1511134,84,3
2446246,84,3
2169713,84,3
1328361,84,3
1474753,84,2
1679324,84,4
1054248,84,5
1733623,84,4
250091,84,5
2593651,84,3
2631614,84,1
2339084,84,1
1621025,84,2
1416989,84,3
2263378,84,4
1125075,84,4
1285692,84,3
973782,84,3
2351153,84,3
2482502,84,3
470582,84,3
1477119,84,4
875719,84,5
1466959,84,2
1023991,84,3
959079,84,5
509486,84,2
1081134,84,3
172805,84,3
2058870,84,3
2327526,84,4
2634967,84,1
2030409,84,3
1259374,84,3
1740238,84,3
1400752,84,5
1939739,84,3
2323358,84,4
1842810,84,4
559886,84,3
1384900,84,4
2332186,84,5
1550207,84,4
208255,84,5
1208743,84,3
208724,84,3
1602924,84,3
600160,84,2
611504,84,1
1534585,84,2
219336,84,5
1023176,84,3
1677862,84,4
1587840,84,4
502274,84,2
1649781,84,5
