2187374,17,4
2503129,17,5
263315,17,3
728311,17,5
838369,17,4
2261008,17,3
1922825,17,5
608309,17,3
1691737,17,4
2336678,17,2
679929,17,2
1068777,17,3
1772361,17,3
1646939,17,3
673076,17,5
1907667,17,3
1351377,17,3
1863587,17,3
193223,17,3
1966514,17,2
1370157,17,4
1910881,17,3
97315,17,3
2581970,17,3
1488844,17,2
1456155,17,4
671065,17,3
1857486,17,3
691772,17,3
2295232,17,3
764281,17,3
672200,17,3
180849,17,3
492722,17,5
2248449,17,2
1176140,17,1
1194006,17,2
2406318,17,3
2603559,17,1
86062,17,4
780936,17,4
166595,17,3
172622,17,3
2338545,17,3
1302772,17,4
1590948,17,3
649770,17,2
974195,17,1
1075579,17,3
755848,17,1
15863,17,3
2296924,17,5
1544677,17,3
1101043,17,2
2421552,17,2
1528362,17,3
726795,17,2
2254934,17,3
1859325,17,3
68845,17,2
1232734,17,4
1869654,17,4
823519,17,4
1656837,17,2
1355247,17,3
808888,17,3
880048,17,3
996288,17,3
858362,17,4
1694062,17,3
1884203,17,5
1576064,17,4
2093289,17,4
842327,17,3
1797166,17,5
447223,17,1
672980,17,4
1412961,17,3
2071147,17,4
1134700,17,4
22178,17,3
2422360,17,2
2375761,17,4
1390272,17,3
1977904,17,3
1539341,17,1
1918576,17,3
1376696,17,4
1038499,17,3
659348,17,5
834491,17,1
1591166,17,3
2044720,17,1
2535052,17,3
998862,17,3
908205,17,3
1918591,17,2
1941399,17,4
1975539,17,3
2394174,17,3
2597480,17,2
553931,17,2
2324522,17,4
611315,17,2
2239227,17,3
672241,17,3
321658,17,3
2445685,17,2
875691,17,2
2500511,17,2
1368985,17,3
1040726,17,2
1654137,17,1
2053583,17,2
776794,17,2
607905,17,3
1857164,17,3
1990536,17,1
630953,17,3
452088,17,3
754935,17,3
433300,17,4
1310250,17,3
2469324,17,3
2024169,17,3
736288,17,4
279482,17,2
1295028,17,1
1238221,17,4
510615,17,1
1158774,17,3
228323,17,5
892566,17,3
1888450,17,4
660587,17,1
462231,17,4
2181148,17,3
1964818,17,4
2474141,17,2
429787,17,2
1923388,17,3
1441135,17,2
1823388,17,2
668360,17,3
2253845,17,3
2397066,17,4
2267906,17,4
2281492,17,3
756136,17,4
7602,17,4
2536720,17,4
2584690,17,4
134023,17,3
2074266,17,3
576803,17,2
188415,17,3
582321,17,4
1865808,17,3
1009741,17,3
27014,17,4
287177,17,1
2483672,17,2
793754,17,2
50704,17,3
917118,17,3
1731659,17,1
761609,17,3
1390950,17,2
401355,17,4
225535,17,3
2586826,17,3
1754989,17,4
509786,17,3
1253958,17,3
2631649,17,4
1828000,17,1
1624864,17,3
1298157,17,5
2586076,17,5
416036,17,1
2542972,17,3
2467883,17,4
775347,17,4
1882935,17,3
252015,17,3
149766,17,3
65847,17,5
1798956,17,4
1087756,17,3
500326,17,3
17184,17,2
907156,17,3
807743,17,2
73899,17,3
881921,17,2
973476,17,1
741155,17,1
365862,17,3
1800794,17,3
571280,17,2
97350,17,3
1293845,17,2
429281,17,4
486463,17,2
612402,17,1
1445374,17,2
354425,17,1
1982465,17,2
314009,17,5
172031,17,5
2439296,17,2
152147,17,2
1387019,17,3
94912,17,3
256600,17,2
1906255,17,3
2027699,17,1
1875557,17,4
107589,17,3
2125428,17,4
2577867,17,3
1853290,17,3
1224591,17,2
1692650,17,1
695144,17,3
694109,17,2
1678745,17,4
1910665,17,2
263494,17,4
2395017,17,3
1712438,17,1
1713873,17,3
1548286,17,3
376638,17,3
373119,17,3
1483548,17,4
2010742,17,2
639524,17,3
1905111,17,4
392255,17,5
1231117,17,4
2492503,17,3
2178605,17,2
409239,17,3
2190948,17,4
1998829,17,2
2228032,17,4
1759536,17,3
290142,17,2
2637948,17,2
1336135,17,5
1396516,17,2
303948,17,3
1579413,17,3
1128771,17,2
2488910,17,1
549667,17,4
2243703,17,4
1183244,17,3
513699,17,4
122431,17,3
9971,17,3
923710,17,3
2384855,17,3
2446292,17,4
1295876,17,3
971511,17,1
670658,17,3
1222938,17,2
995871,17,4
1447402,17,4
1332250,17,4
429038,17,4
88799,17,2
921485,17,1
1853328,17,3
632970,17,3
1593443,17,4
1422947,17,3
746605,17,3
1697375,17,3
826409,17,4
42099,17,3
1058639,17,4
1328716,17,2
287439,17,2
1035650,17,3
1095714,17,4
1065691,17,4
712319,17,3
2632227,17,3
22662,17,4
1644222,17,4
2295460,17,4
1372557,17,2
2497395,17,1
1965830,17,3
1131364,17,2
2624371,17,1
16455,17,4
363824,17,4
2068950,17,1
2608988,17,4
2197996,17,2
2111366,17,3
910044,17,1
385583,17,3
511340,17,4
1749615,17,2
890526,17,4
1442604,17,2
2508119,17,3
2465894,17,2
1016403,17,1
678561,17,5
543825,17,3
1104580,17,2
1192460,17,2
2517484,17,4
1320413,17,2
381310,17,3
2035625,17,2
2543946,17,3
1675105,17,3
1961322,17,3
1049640,17,3
1612455,17,3
659931,17,2
2435614,17,3
2324465,17,3
1227322,17,1
686752,17,3
1998064,17,3
2602249,17,3
1743487,17,4
928925,17,3
1206353,17,4
2263519,17,3
503540,17,3
954973,17,3
2014827,17,3
1859420,17,4
1856677,17,3
1536302,17,3
1372672,17,2
252426,17,3
1225293,17,4
756085,17,4
340339,17,2
1218816,17,3
1397445,17,3
152178,17,3
2635792,17,3
2409147,17,4
2604824,17,3
2241469,17,3
688665,17,4
2481937,17,5
2398440,17,3
1381395,17,4
2225404,17,1
2237922,17,2
867912,17,3
2581715,17,2
2286123,17,1
1221507,17,4
2052306,17,3
2007891,17,3
1560412,17,2
2309640,17,1
1045725,17,3
2493338,17,3
421130,17,2
1529950,17,3
1746351,17,4
1062016,17,3
1256920,17,3
2177570,17,2
2156002,17,1
2616386,17,2
290215,17,2
451913,17,4
1580481,17,4
2065868,17,4
1240047,17,2
2503813,17,5
579814,17,4
455645,17,3
324395,17,1
1056433,17,5
1373283,17,3
2420366,17,2
944114,17,2
2225671,17,2
2567417,17,4
114150,17,1
1106301,17,3
1154813,17,1
2186853,17,1
1471205,17,2
2253960,17,4
97439,17,2
1585555,17,3
947210,17,3
989837,17,1
1641491,17,4
2141194,17,3
1771735,17,1
1303978,17,3
1510044,17,3
1837290,17,1
2401963,17,2
2090127,17,3
548690,17,3
1887440,17,3
640941,17,3
534508,17,2
2489626,17,3
530026,17,1
1485394,17,2
2574654,17,4
1987812,17,3
1240206,17,3
1840356,17,4
360888,17,2
2281159,17,3
1295097,17,4
1551908,17,2
482328,17,4
2266721,17,3
1688945,17,2
2553988,17,3
590442,17,3
600278,17,3
1168662,17,3
1034984,17,2
1189269,17,5
214955,17,4
1620399,17,2
2146271,17,3
1144708,17,4
1943935,17,3
1423293,17,2
766064,17,1
1203779,17,2
856985,17,3
575110,17,4
342330,17,2
1365840,17,3
913872,17,3
2524312,17,4
2280760,17,3
347799,17,2
664537,17,4
1210123,17,5
2549461,17,3
2171355,17,3
664895,17,2
1750069,17,4
856146,17,3
1904973,17,3
1754459,17,5
313857,17,4
247448,17,4
2473345,17,5
460000,17,3
344779,17,3
1608989,17,3
1388216,17,3
66109,17,3
385977,17,5
974053,17,3
1523984,17,1
525356,17,3
1042353,17,1
2426903,17,4
474679,17,4
2434276,17,1
2390444,17,4
1780442,17,3
1113913,17,4
648988,17,2
1872595,17,5
2189821,17,3
2422967,17,5
1933327,17,2
458287,17,4
193190,17,1
2393572,17,3
2378332,17,4
487068,17,3
843387,17,5
2285686,17,2
1035097,17,2
1674916,17,3
178655,17,3
1900329,17,3
985872,17,1
1748268,17,2
1996271,17,4
2149545,17,4
1058379,17,4
492102,17,2
1871180,17,3
1620868,17,3
423343,17,1
782781,17,1
2622314,17,3
2559186,17,3
256921,17,3
1021233,17,1
2476668,17,2
1661213,17,1
1478264,17,1
2054944,17,2
1734544,17,4
840,17,2
906091,17,5
634447,17,4
754688,17,3
1650068,17,2
1624447,17,3
1842971,17,2
71030,17,4
1058166,17,5
1581163,17,2
2039777,17,4
695828,17,3
312362,17,2
2002604,17,3
642621,17,2
1827796,17,2
1403661,17,5
2176092,17,3
1357068,17,3
480759,17,2
1049975,17,2
742359,17,4
664209,17,2
2605408,17,3
572585,17,2
1863442,17,1
1416836,17,2
252944,17,3
734464,17,2
1994254,17,3
2154650,17,1
995437,17,3
1819271,17,2
1464442,17,3
2154098,17,2
484812,17,3
741587,17,1
2426008,17,1
2162730,17,4
732237,17,3
723700,17,3
178062,17,4
1115743,17,3
286106,17,4
2495094,17,3
1784150,17,5
2117038,17,4
1738046,17,3
57494,17,2
390674,17,2
2537985,17,3
334536,17,2
640982,17,3
912623,17,5
636400,17,4
1010782,17,3
327993,17,4
1167980,17,4
1414999,17,4
1668270,17,3
2594509,17,3
38473,17,4
1318167,17,4
506290,17,3
873291,17,2
1182349,17,3
320648,17,3
2126327,17,4
2548211,17,5
2524529,17,3
2604811,17,2
2430951,17,3
175503,17,3
1216313,17,3
1208146,17,3
2287695,17,3
302719,17,3
2083744,17,5
2386551,17,3
1950793,17,4
1628934,17,4
2619882,17,4
1899301,17,5
2442016,17,4
1228534,17,2
1481737,17,3
957263,17,3
856474,17,3
1941324,17,3
1181880,17,3
2181354,17,2
705703,17,3
1686401,17,4
583284,17,4
2402611,17,2
1000303,17,3
1752727,17,2
108484,17,2
1277410,17,2
1272558,17,5
1623070,17,2
1394682,17,3
679277,17,3
1170482,17,2
1658224,17,2
1451907,17,2
294902,17,3
2018339,17,2
2217043,17,2
1526008,17,2
562001,17,3
1687553,17,3
2435052,17,4
10981,17,1
158197,17,2
1397461,17,3
979517,17,3
1559022,17,3
2258479,17,1
417410,17,3
1509905,17,2
1727625,17,2
821292,17,3
2141387,17,3
1428389,17,4
2100928,17,3
454501,17,1
901520,17,3
2503785,17,1
1079598,17,3
2601695,17,2
1883719,17,4
2643418,17,4
717542,17,3
1926295,17,1
2476271,17,3
355914,17,1
646129,17,3
1068303,17,5
2335766,17,4
1599798,17,3
294908,17,3
656997,17,3
2533024,17,3
309224,17,3
1756494,17,5
21527,17,3
2284938,17,3
633045,17,2
2273177,17,2
1570444,17,4
559498,17,4
1935746,17,4
404654,17,3
650454,17,4
1690809,17,3
1349706,17,3
97849,17,4
380135,17,3
1001129,17,2
632842,17,3
2424449,17,2
2260942,17,2
2418984,17,1
1304376,17,4
1446510,17,2
1229876,17,4
2288591,17,3
787052,17,4
1270360,17,4
2600827,17,4
2535359,17,3
503384,17,3
229983,17,2
814742,17,4
1290767,17,3
2369301,17,2
835544,17,3
116789,17,3
357635,17,3
1672380,17,3
646715,17,3
1855975,17,2
535081,17,4
919422,17,5
700931,17,4
1855117,17,3
1957622,17,2
875092,17,3
2383391,17,1
435009,17,3
318523,17,3
1225820,17,2
2403699,17,4
1738672,17,4
1787526,17,2
1818137,17,2
749662,17,4
333273,17,2
1431761,17,3
55878,17,3
376204,17,3
1193505,17,5
1559703,17,5
782392,17,3
2265708,17,4
1168026,17,4
789969,17,1
2387707,17,3
2433476,17,2
2198579,17,2
1610263,17,2
1704488,17,4
2220559,17,5
2109296,17,5
1542509,17,2
1971822,17,2
910619,17,3
1880295,17,1
818831,17,5
1106982,17,3
2561713,17,3
519720,17,2
229617,17,1
2140887,17,1
1673904,17,5
894859,17,4
1195746,17,3
717073,17,2
658833,17,3
1977612,17,3
2424839,17,3
1350815,17,3
846465,17,3
2598028,17,5
631747,17,3
110622,17,4
2381928,17,3
588779,17,3
838465,17,2
1523413,17,3
1337089,17,1
781575,17,2
2409103,17,3
943452,17,2
1446574,17,3
973336,17,4
1318686,17,4
465496,17,3
987924,17,1
613753,17,5
2020368,17,3
1122229,17,3
591468,17,3
1941075,17,3
1721134,17,2
1145629,17,3
2311262,17,2
1130703,17,2
811568,17,3
1029763,17,4
1824845,17,2
999070,17,3
2303558,17,3
2605852,17,1
2472308,17,2
117939,17,2
2522932,17,3
1696925,17,4
2218909,17,1
2120934,17,4
2621998,17,4
872323,17,3
594161,17,3
1353740,17,3
1952433,17,4
1191405,17,3
2459124,17,1
2002136,17,3
1412906,17,4
2609688,17,3
1208586,17,3
2048107,17,3
1599394,17,1
1927638,17,3
2470342,17,2
2572565,17,3
826796,17,2
172639,17,1
2257122,17,4
1877713,17,2
2359969,17,5
1430431,17,3
2260447,17,1
2289197,17,2
1097115,17,3
80124,17,3
2435106,17,5
968242,17,2
511664,17,2
1629773,17,2
1417806,17,2
933248,17,5
631285,17,2
1423249,17,3
1207040,17,3
2640550,17,3
2344622,17,3
1640414,17,3
2586776,17,3
74758,17,3
255768,17,3
1031050,17,2
356457,17,3
900398,17,4
245905,17,1
2375683,17,2
1792607,17,4
322874,17,1
423110,17,2
1398194,17,4
2421395,17,3
469607,17,5
2507581,17,2
1978728,17,4
2348692,17,3
580414,17,3
1146138,17,3
1629943,17,2
2418001,17,2
1554241,17,4
1018379,17,3
2072594,17,4
1697143,17,2
432983,17,2
2145986,17,4
1071829,17,3
1668803,17,3
1703511,17,3
999527,17,3
1487557,17,3
295876,17,1
14642,17,2
1947456,17,3
1155347,17,1
424437,17,3
2166592,17,5
374310,17,3
880166,17,4
856068,17,3
1947128,17,5
2188731,17,2
1193336,17,3
912171,17,3
2472925,17,3
2542073,17,4
144328,17,3
1472424,17,3
981883,17,4
1441790,17,1
261204,17,3
1727751,17,3
987587,17,2
1545907,17,4
999159,17,3
727242,17,1
1692502,17,4
2489799,17,1
565010,17,1
1326792,17,4
930328,17,2
2269470,17,4
1558269,17,3
1516638,17,3
779336,17,5
1154387,17,4
2357588,17,2
274662,17,3
626301,17,1
1866591,17,2
1857240,17,4
2565696,17,3
2281406,17,3
946731,17,2
2212725,17,2
1746335,17,5
1821084,17,2
1655346,17,3
2595156,17,2
2282634,17,3
2455846,17,2
1602583,17,2
1005910,17,1
1673047,17,3
2400329,17,4
581319,17,2
261816,17,3
1132910,17,1
1508417,17,2
1259776,17,3
1695990,17,3
285791,17,2
429441,17,4
835310,17,3
1841657,17,3
1239654,17,2
81782,17,4
2567663,17,3
793629,17,3
1558950,17,3
1039471,17,2
2068218,17,4
2105375,17,3
9979,17,2
2256065,17,3
1246742,17,3
2398629,17,3
2002998,17,2
1315079,17,1
742875,17,3
1520950,17,4
307000,17,4
1340355,17,4
447812,17,3
776959,17,4
1932785,17,2
2463421,17,3
377808,17,4
1024632,17,2
899029,17,1
1766996,17,3
1160505,17,2
433559,17,2
966992,17,3
2584153,17,2
1674237,17,3
685086,17,2
169029,17,1
1552934,17,2
273351,17,4
392589,17,1
2211065,17,3
1821812,17,3
1440917,17,4
361095,17,3
645639,17,2
2630187,17,5
2306393,17,1
2133,17,2
1865205,17,4
112165,17,3
167123,17,1
1274964,17,3
935673,17,4
1607940,17,2
89976,17,3
1805448,17,2
1500938,17,3
488271,17,4
1145354,17,5
2447694,17,2
30010,17,3
25487,17,5
1174251,17,3
1512206,17,3
1613650,17,4
375022,17,2
2326116,17,4
675922,17,3
897734,17,3
86730,17,4
2481120,17,1
1632957,17,4
1134084,17,2
1939143,17,3
162925,17,3
1443192,17,3
2307557,17,4
2534367,17,3
641760,17,3
2236190,17,2
1813076,17,2
793467,17,3
1949490,17,3
167698,17,3
1462488,17,3
1699240,17,3
698958,17,3
89438,17,3
972193,17,4
534748,17,3
1005129,17,3
1195099,17,3
795478,17,4
1974945,17,5
1445365,17,1
2009307,17,2
1481468,17,4
1448475,17,2
1305985,17,2
694107,17,2
537964,17,2
1136255,17,4
2361430,17,2
1613540,17,2
989416,17,2
1341849,17,3
1874239,17,2
1054564,17,3
2015481,17,3
1785345,17,2
1316604,17,2
721546,17,4
1640400,17,3
2308912,17,3
2194062,17,3
374606,17,4
800705,17,2
1101177,17,3
152166,17,4
122518,17,3
2643933,17,2
851339,17,3
1251664,17,1
462344,17,3
35036,17,3
1510425,17,2
2467647,17,3
721162,17,4
1320774,17,1
178568,17,3
458243,17,3
1557095,17,3
2340105,17,3
2447861,17,4
1911792,17,1
63493,17,3
803043,17,5
697701,17,2
181549,17,3
82457,17,3
2440488,17,4
143468,17,4
1739974,17,3
20392,17,5
1429293,17,4
2057826,17,3
565559,17,2
1562770,17,3
2043607,17,2
1101320,17,4
1176482,17,5
466962,17,3
2487566,17,4
2090165,17,2
191454,17,4
2121865,17,5
487253,17,5
1652683,17,3
1172929,17,2
1593840,17,3
1314869,17,3
2349412,17,2
2033994,17,2
1077044,17,3
926859,17,4
955395,17,2
1098431,17,3
2462187,17,2
851410,17,3
55711,17,3
2464265,17,4
1371120,17,4
689508,17,3
1762537,17,3
678662,17,1
1500614,17,2
2558832,17,3
1498365,17,2
1359759,17,1
766982,17,5
164312,17,2
2630022,17,2
1700151,17,1
731950,17,3
1950722,17,1
952768,17,2
1923732,17,3
1643250,17,2
1240240,17,2
321216,17,3
1437452,17,2
2325999,17,4
2291497,17,2
907802,17,2
2566878,17,3
2320638,17,3
1100453,17,3
67188,17,2
1882485,17,4
2310317,17,3
2335191,17,3
760096,17,2
103141,17,2
1762403,17,2
312057,17,3
2419060,17,1
2452603,17,2
1565127,17,1
1492556,17,3
1513590,17,3
1352529,17,1
2086576,17,4
1244512,17,2
1510839,17,2
735078,17,2
556633,17,1
1978977,17,2
810634,17,4
30956,17,5
2408577,17,2
1244116,17,2
632903,17,3
1057372,17,4
1754028,17,4
2346154,17,3
532377,17,4
636262,17,2
280547,17,1
971507,17,2
1857098,17,4
1773256,17,2
2614862,17,3
2026043,17,4
1754348,17,3
1337636,17,3
949465,17,5
1464980,17,2
2510580,17,4
2021377,17,3
1134738,17,3
2080842,17,1
808076,17,3
2417317,17,3
2115174,17,3
2582404,17,4
1230247,17,3
2586762,17,4
1233695,17,3
2381405,17,2
1862554,17,3
600835,17,3
2030805,17,3
1816468,17,3
756962,17,2
776242,17,1
1557576,17,5
2060352,17,2
1874145,17,3
1727342,17,1
1348662,17,5
1276353,17,4
272699,17,2
2373078,17,3
2317177,17,4
1872258,17,4
1166912,17,3
1218743,17,3
1635170,17,3
1993267,17,3
1576991,17,3
2161337,17,3
534043,17,3
968808,17,4
434922,17,3
1981650,17,3
737121,17,5
1831151,17,1
1452544,17,3
1783599,17,3
1732670,17,3
1849541,17,3
272817,17,2
1733839,17,3
1007181,17,4
2068306,17,2
376365,17,3
1329316,17,4
557116,17,4
2176223,17,2
919347,17,4
1612774,17,2
163650,17,4
2473404,17,3
1534359,17,5
2453708,17,3
1405051,17,3
1888289,17,2
1489800,17,3
2254872,17,3
2609563,17,4
1186487,17,1
2404017,17,4
2542847,17,3
346761,17,2
2085116,17,1
1438222,17,3
1218194,17,3
2315135,17,2
358673,17,3
1886113,17,1
2055474,17,2
1388549,17,4
740443,17,4
2519220,17,1
237655,17,3
1707145,17,2
1391723,17,3
13762,17,4
1905561,17,3
2306526,17,1
37877,17,3
2422321,17,3
752402,17,3
2349759,17,3
2251965,17,3
1623438,17,3
2003855,17,4
2050877,17,4
2458231,17,3
2314158,17,3
1258080,17,3
1867184,17,3
1400123,17,2
989483,17,3
1420765,17,4
418322,17,3
2608615,17,4
1467867,17,2
2346813,17,3
2418808,17,2
1252784,17,3
602389,17,3
567782,17,3
2175557,17,2
2358651,17,3
1202465,17,2
2540389,17,3
316322,17,2
393815,17,4
1109899,17,3
920107,17,1
1450860,17,1
1155747,17,3
2235640,17,2
1989647,17,3
340002,17,5
2005819,17,3
1012940,17,3
285880,17,3
1386321,17,3
2616705,17,3
1418365,17,2
2220966,17,5
1672902,17,3
2171071,17,3
905199,17,2
391276,17,3
203975,17,3
1818847,17,3
2366446,17,3
645237,17,3
2593960,17,3
1668455,17,4
2394277,17,4
319833,17,3
1572554,17,3
847853,17,3
1758413,17,3
1239593,17,4
2002970,17,2
1416401,17,3
2380395,17,2
1647972,17,5
2439493,17,1
786733,17,3
758574,17,1
1574003,17,2
2160595,17,2
1764451,17,3
1931149,17,2
722859,17,1
1225406,17,5
613799,17,4
1233911,17,2
2447992,17,1
2558576,17,2
1046723,17,2
855762,17,3
621316,17,4
1273222,17,2
1715150,17,1
599711,17,3
1937148,17,4
498988,17,3
1968107,17,5
2640907,17,4
2638719,17,3
1494275,17,1
1647868,17,3
2142899,17,3
326630,17,3
895741,17,3
1981652,17,1
296354,17,4
1905465,17,3
291682,17,3
567057,17,4
860456,17,1
121056,17,3
1058508,17,4
1664020,17,1
2391370,17,1
971033,17,3
1499794,17,2
1120332,17,1
2596387,17,2
2258132,17,2
543507,17,4
1802253,17,4
1298147,17,4
1225081,17,2
2518928,17,3
143831,17,2
420080,17,2
840236,17,3
1314367,17,3
1992360,17,2
388992,17,3
2220312,17,3
1637804,17,3
298689,17,4
574613,17,4
2545300,17,2
2511017,17,3
398610,17,5
147428,17,4
1987956,17,3
1658397,17,4
946101,17,1
928941,17,1
2429545,17,2
262275,17,5
1482288,17,2
2251365,17,3
125569,17,3
1851493,17,2
2368618,17,4
1155376,17,2
609742,17,4
951992,17,3
2644460,17,4
2122854,17,3
1037493,17,2
807511,17,3
1522645,17,3
2107119,17,4
2370869,17,1
1130484,17,4
1778723,17,3
912092,17,3
318739,17,3
1538131,17,4
772579,17,3
1396571,17,4
2004258,17,2
2250021,17,3
1361836,17,3
1073849,17,1
1970653,17,2
6110,17,1
737147,17,3
1929180,17,3
1255271,17,3
413787,17,3
127215,17,3
147386,17,2
614246,17,4
295262,17,2
214762,17,3
1850618,17,3
638046,17,3
1208629,17,4
1537424,17,4
1949631,17,3
2494022,17,2
432447,17,3
2418498,17,4
2110738,17,1
2227857,17,2
844242,17,4
1418866,17,1
1387181,17,4
646666,17,1
437389,17,2
1630419,17,3
1961066,17,1
321703,17,4
950522,17,2
1063753,17,5
777212,17,3
1461473,17,2
1717911,17,5
2405330,17,2
814953,17,3
625312,17,3
1257744,17,3
2362938,17,1
1318085,17,3
925510,17,3
1300516,17,4
223077,17,1
164412,17,4
1652948,17,3
1982495,17,4
119196,17,3
2104319,17,1
1235033,17,3
593928,17,2
1059699,17,4
2084601,17,3
1340599,17,1
2368688,17,3
1374020,17,2
2622616,17,5
1467708,17,2
215089,17,2
1654790,17,3
1776694,17,3
1227056,17,4
16588,17,1
2082942,17,2
2549238,17,1
1926168,17,3
1310195,17,4
273411,17,4
94726,17,2
156782,17,3
1543739,17,3
173301,17,3
1388664,17,3
2633489,17,2
967217,17,5
992330,17,2
1913,17,3
1857615,17,2
649116,17,3
99329,17,2
128361,17,1
1552309,17,3
2064078,17,2
1159967,17,3
564863,17,3
2180836,17,3
2413648,17,2
392981,17,3
2170871,17,3
826758,17,4
1219833,17,2
1656761,17,3
42064,17,3
879567,17,3
1689598,17,3
663209,17,2
885830,17,2
1092205,17,3
2480509,17,5
2465597,17,3
2310463,17,4
1344467,17,2
2242366,17,5
2578839,17,3
2177471,17,3
910356,17,5
1179719,17,1
1549806,17,3
2164425,17,2
1018649,17,4
2088649,17,1
666639,17,4
559493,17,1
1551936,17,3
1858964,17,5
1638098,17,2
808604,17,3
168479,17,1
1844045,17,2
2458526,17,3
1169571,17,3
2554126,17,4
1460835,17,5
1491836,17,3
378214,17,4
1608466,17,1
819855,17,4
2302079,17,3
1553197,17,4
2318876,17,4
516127,17,3
732221,17,3
165393,17,3
1393246,17,3
152737,17,3
822859,17,3
1889956,17,2
32583,17,2
39970,17,2
2612476,17,4
2537489,17,1
1882347,17,3
2647104,17,3
961383,17,2
631824,17,1
558473,17,3
785793,17,3
1691195,17,5
119110,17,4
170957,17,4
265069,17,4
1979806,17,3
9816,17,4
2053193,17,3
1094597,17,3
809762,17,4
755939,17,3
2419504,17,2
2050128,17,3
1367790,17,4
2432482,17,4
1172522,17,4
1551469,17,3
2152909,17,3
750988,17,4
295813,17,3
1947767,17,3
573571,17,3
1184580,17,3
2235949,17,3
2416188,17,3
2173700,17,2
1162286,17,2
563481,17,3
1634443,17,3
880471,17,3
843418,17,3
2082179,17,4
622150,17,3
1421179,17,4
2207510,17,2
1496291,17,3
772659,17,2
1291338,17,4
1476762,17,3
598610,17,4
2210258,17,4
735071,17,3
671743,17,3
2200842,17,2
1582786,17,1
797655,17,3
1125226,17,3
712384,17,2
29236,17,3
2200325,17,4
751987,17,3
357808,17,3
1762818,17,3
812948,17,2
2586454,17,1
131917,17,3
575846,17,5
2269750,17,3
943056,17,3
1962820,17,4
1554977,17,3
1167321,17,3
1218541,17,3
1851893,17,3
1256176,17,4
462526,17,3
2233486,17,3
2507985,17,2
1308127,17,5
1173784,17,2
2613076,17,1
773045,17,3
1540380,17,3
1300687,17,3
2430171,17,2
539607,17,3
1024854,17,3
2535468,17,3
768810,17,2
1622455,17,3
1192062,17,2
1949305,17,3
206356,17,2
1835980,17,3
516689,17,3
38731,17,3
1520371,17,3
140440,17,3
1905763,17,2
62982,17,1
950764,17,2
2180176,17,3
1781448,17,3
2403722,17,2
1099895,17,4
763337,17,1
2411619,17,3
1842255,17,5
104663,17,3
2565856,17,4
1710240,17,3
2424360,17,1
393955,17,3
365119,17,3
1320551,17,3
1477137,17,3
1462799,17,3
1814949,17,4
2054519,17,5
2428329,17,1
1733326,17,5
1822095,17,5
1833279,17,3
1007717,17,2
2018169,17,2
1005196,17,1
1473980,17,3
2237439,17,3
1879435,17,4
2099969,17,3
675798,17,4
2406529,17,2
1593784,17,5
131887,17,5
597781,17,4
1688453,17,3
992640,17,4
1011442,17,3
1137390,17,2
559622,17,2
462936,17,2
369558,17,3
1101669,17,2
1081877,17,5
1653218,17,2
376013,17,3
1669091,17,4
244633,17,3
1405644,17,4
1770376,17,2
2120324,17,3
71874,17,3
2076802,17,4
1539640,17,3
479898,17,3
791635,17,3
2179853,17,3
1223431,17,4
465885,17,2
434821,17,2
1288954,17,4
2595108,17,4
1481622,17,2
1494299,17,3
1273193,17,3
814304,17,3
1335835,17,3
1845440,17,3
328433,17,2
1304847,17,5
660764,17,3
1120505,17,1
380577,17,3
739380,17,5
1135293,17,5
198169,17,2
87360,17,4
1487268,17,4
2079484,17,4
495418,17,4
360379,17,3
463846,17,1
1185083,17,2
1859762,17,5
2372879,17,3
1628034,17,2
1975939,17,4
1007100,17,1
2521619,17,3
2076071,17,4
430240,17,3
924421,17,3
1152553,17,1
605520,17,4
2029981,17,2
1689045,17,2
2356018,17,1
1416097,17,3
87897,17,3
1435282,17,3
1278055,17,2
82391,17,3
807802,17,2
1109978,17,3
1999059,17,2
1213911,17,2
1060234,17,3
2117569,17,5
2196426,17,3
22941,17,4
1964363,17,2
2170606,17,5
416400,17,4
458881,17,3
1308361,17,1
2276555,17,3
33714,17,4
924498,17,2
1683491,17,3
2419649,17,5
1565489,17,2
2097121,17,4
2121726,17,3
1552647,17,1
1778733,17,3
1451389,17,2
2151110,17,3
2398196,17,4
1408584,17,2
2065448,17,3
1039641,17,3
2060540,17,2
648173,17,3
1290356,17,5
2391325,17,3
2183036,17,5
1137509,17,3
930199,17,2
35856,17,1
1460449,17,2
895102,17,1
1287670,17,5
841050,17,3
2527608,17,3
2361784,17,5
80894,17,3
1307666,17,2
242793,17,4
2055615,17,2
2108637,17,3
1246653,17,1
1290175,17,4
680991,17,5
1207854,17,2
1309983,17,2
2091736,17,5
893946,17,3
2189988,17,3
1569480,17,3
69065,17,4
75384,17,3
543746,17,2
2274195,17,2
63475,17,4
1481138,17,3
1467743,17,4
169343,17,3
393577,17,2
845440,17,4
224162,17,2
1545850,17,4
1679715,17,3
1659052,17,3
1523223,17,3
961855,17,2
1955013,17,3
2482513,17,3
2119484,17,3
2589625,17,2
1909798,17,5
1233658,17,2
692592,17,5
1109553,17,3
258918,17,4
428397,17,4
2439170,17,4
1388519,17,3
2620157,17,5
1928916,17,3
1274307,17,4
1266208,17,4
1599277,17,4
2539525,17,3
591587,17,3
356311,17,3
1910107,17,2
2275764,17,2
2218590,17,3
1683746,17,3
2578045,17,2
2165908,17,3
1652167,17,4
916214,17,3
1876690,17,3
518682,17,3
1567086,17,4
2375482,17,3
1894954,17,2
1607454,17,3
524610,17,3
554567,17,3
1960129,17,3
2095445,17,3
1339768,17,2
922451,17,1
1030074,17,3
1432067,17,3
1277136,17,2
1463732,17,2
743633,17,5
1517901,17,1
2291943,17,4
337202,17,3
1587429,17,3
1660565,17,3
1279509,17,3
2565961,17,4
850660,17,2
2271758,17,4
1448865,17,3
2629490,17,4
1773219,17,4
2522829,17,5
1704647,17,3
874382,17,2
1561703,17,3
1449358,17,3
251421,17,2
1940737,17,3
1458124,17,5
2605264,17,3
538319,17,2
1871800,17,1
412211,17,3
2570166,17,3
1858484,17,3
1677522,17,2
962225,17,4
1035725,17,1
1807784,17,3
673295,17,1
1619277,17,2
1626533,17,3
2606497,17,1
2469918,17,3
1178902,17,3
1380299,17,3
154776,17,1
1691661,17,3
826801,17,4
2032327,17,3
2437565,17,4
403918,17,4
707913,17,2
1574079,17,3
674739,17,3
922251,17,3
896702,17,4
2325058,17,3
795483,17,4
819132,17,3
823370,17,3
2468649,17,3
1274638,17,4
2003544,17,2
497102,17,4
1268728,17,3
384137,17,4
654703,17,1
682418,17,3
2033811,17,2
95388,17,2
587471,17,2
492313,17,5
825876,17,3
1341224,17,3
2272710,17,2
1630811,17,2
1071602,17,3
596759,17,3
1543119,17,3
542907,17,3
1086540,17,3
940631,17,3
755562,17,4
568605,17,3
2581605,17,3
1969996,17,4
1175674,17,3
543280,17,2
2325727,17,5
1648423,17,3
785771,17,2
1269406,17,3
1857067,17,3
1503748,17,1
1579179,17,4
1762449,17,2
734773,17,2
2053674,17,3
443925,17,1
1534096,17,1
2365581,17,2
1440260,17,3
1539622,17,5
143737,17,4
1238210,17,3
252770,17,3
1014299,17,4
1561577,17,2
320159,17,4
858502,17,3
373186,17,3
90273,17,2
783862,17,2
102617,17,5
2455,17,3
1406309,17,3
2392436,17,4
1823570,17,3
740475,17,3
554078,17,4
668097,17,2
349574,17,2
1963126,17,3
2046448,17,3
1360360,17,5
1825603,17,3
1689219,17,3
324092,17,3
148576,17,3
645334,17,4
551783,17,3
1123870,17,3
707412,17,2
449051,17,4
2260472,17,1
2437794,17,3
1627246,17,3
1462506,17,4
239992,17,4
868045,17,3
232847,17,2
1670022,17,3
1890939,17,4
791784,17,4
67385,17,5
1674523,17,3
1963508,17,4
2062214,17,3
1561037,17,3
2315349,17,4
115543,17,3
2332765,17,1
1683450,17,1
1098351,17,3
1677252,17,1
1928915,17,1
1383675,17,3
1450970,17,5
2248080,17,3
1079227,17,3
661730,17,2
610132,17,4
878083,17,1
467638,17,2
975497,17,5
38559,17,4
1634107,17,3
779744,17,4
1244805,17,1
1763680,17,4
2119370,17,4
1493912,17,3
979205,17,4
2461142,17,3
227391,17,2
1516711,17,2
214221,17,4
983122,17,3
2501118,17,3
174394,17,3
26673,17,4
1320246,17,3
1207796,17,2
1090713,17,1
2522224,17,2
2114347,17,5
402754,17,2
1782033,17,1
2363246,17,5
1429880,17,4
1337561,17,3
820878,17,3
340848,17,2
1986034,17,4
1430873,17,5
1068410,17,5
2609840,17,2
1154280,17,4
2203889,17,4
474578,17,4
654888,17,2
2198070,17,3
384188,17,2
451827,17,2
2429320,17,1
501823,17,5
1975202,17,3
288431,17,4
2286388,17,3
1963163,17,1
702974,17,3
1684108,17,1
1177841,17,4
482300,17,2
1119220,17,3
2625479,17,1
551988,17,3
647423,17,3
475094,17,2
745235,17,3
2463351,17,2
1637126,17,1
198515,17,3
2140943,17,1
1192023,17,3
873684,17,3
1572350,17,4
1589834,17,2
2521941,17,1
844517,17,3
32465,17,2
2617972,17,2
1927439,17,4
104744,17,1
1687862,17,4
2299624,17,3
1250966,17,3
554859,17,3
1399177,17,4
1120160,17,1
363680,17,2
2349204,17,3
38765,17,1
1930281,17,4
2574258,17,2
91373,17,2
1554630,17,3
2365390,17,4
1277194,17,3
3826,17,2
460889,17,3
788414,17,5
2087267,17,3
1263943,17,1
2066624,17,1
2438016,17,4
792958,17,2
1306556,17,2
2368442,17,3
490051,17,2
1922072,17,3
1121526,17,4
482705,17,5
900976,17,4
2095697,17,2
532292,17,5
2032252,17,3
1175411,17,2
308868,17,2
1796481,17,5
1808356,17,3
1513327,17,3
1413269,17,3
1018915,17,4
1589111,17,2
1521410,17,2
1575732,17,3
347273,17,1
178150,17,4
2515313,17,3
2165574,17,3
1112982,17,3
1260360,17,3
177089,17,2
2320253,17,3
147460,17,1
1814839,17,3
596255,17,4
1684348,17,2
496686,17,5
1200461,17,3
500537,17,3
394895,17,4
56623,17,3
1681131,17,2
2116482,17,3
1262327,17,3
1225237,17,5
1173193,17,5
2166962,17,5
863239,17,4
2370423,17,2
1217736,17,4
611680,17,5
733464,17,5
1049221,17,3
1881612,17,4
1652306,17,2
503960,17,3
874435,17,4
1889073,17,2
1351136,17,3
1215431,17,5
284433,17,1
1967371,17,4
2330830,17,4
1867854,17,3
2265286,17,3
1757328,17,2
797930,17,2
1416929,17,4
984989,17,4
1418188,17,3
896736,17,3
2167984,17,4
829192,17,3
1105029,17,1
1693002,17,4
1365379,17,3
2455155,17,3
975216,17,3
1776566,17,3
1030812,17,1
1189026,17,3
2164802,17,3
1021691,17,1
1398211,17,3
456534,17,5
456813,17,5
2604138,17,4
2356870,17,3
1165898,17,3
2362776,17,3
2405091,17,3
1698900,17,3
471177,17,2
1251028,17,3
1683020,17,2
54333,17,3
2490251,17,4
448934,17,3
30493,17,1
1523822,17,1
2076277,17,1
2047112,17,2
1019475,17,4
210117,17,3
2407925,17,3
1634605,17,3
1225490,17,3
1915644,17,4
1595740,17,3
1212509,17,3
15732,17,4
2369316,17,3
364618,17,3
2479438,17,3
590607,17,4
159287,17,5
699988,17,3
1716223,17,3
1826520,17,1
1979157,17,4
446292,17,5
1232860,17,2
1141105,17,4
835265,17,4
2495881,17,3
784477,17,2
2503546,17,3
52008,17,4
1035403,17,2
1773391,17,3
321188,17,2
1698904,17,5
746086,17,3
2166655,17,3
1689740,17,2
2095554,17,3
217811,17,4
634216,17,3
69549,17,3
1847504,17,2
987214,17,4
680958,17,3
835319,17,2
2498220,17,2
2118912,17,3
1296565,17,5
2247045,17,5
179199,17,2
302598,17,1
2477893,17,4
2129052,17,3
1210669,17,4
291519,17,4
302336,17,4
1387766,17,2
2315635,17,5
2335184,17,5
875754,17,1
2094781,17,3
1157088,17,5
280546,17,3
876961,17,5
1576111,17,4
1273501,17,3
1640805,17,3
501529,17,1
2394035,17,4
1063535,17,2
280763,17,2
603057,17,3
351357,17,3
1094761,17,5
475278,17,3
590461,17,4
2196549,17,4
300572,17,2
1760594,17,3
482840,17,2
1646312,17,2
415099,17,3
2004994,17,4
1061020,17,3
1093904,17,3
1128705,17,3
1996407,17,5
1026367,17,4
1563848,17,4
1684909,17,5
91272,17,3
727257,17,2
171824,17,3
2012142,17,4
2299152,17,3
18906,17,3
949923,17,3
1770939,17,2
13003,17,2
868118,17,3
623359,17,4
531542,17,2
2042497,17,3
356157,17,5
65605,17,4
2137295,17,5
334736,17,2
2454469,17,4
69801,17,2
1942761,17,3
347018,17,3
1491496,17,5
2303465,17,4
2430913,17,3
440463,17,3
16475,17,2
2246014,17,2
990441,17,2
1711346,17,5
1419757,17,3
845620,17,2
1799716,17,2
874852,17,4
785023,17,2
1136979,17,1
1579628,17,2
1588170,17,2
215364,17,1
841968,17,2
357661,17,2
914327,17,1
567852,17,2
196952,17,1
2069846,17,4
2308573,17,3
2143181,17,2
1165621,17,2
725406,17,3
201887,17,3
2138142,17,1
112900,17,3
2267504,17,4
1240877,17,4
1257450,17,3
1820443,17,3
539868,17,3
1789234,17,2
2317788,17,4
463563,17,3
662426,17,3
591376,17,3
2626992,17,3
630651,17,3
510959,17,2
488148,17,1
749117,17,2
1599003,17,3
1881668,17,2
1752602,17,3
2122256,17,4
1583971,17,3
1020449,17,4
1737149,17,3
2482691,17,4
1590815,17,1
995957,17,2
1760989,17,4
760264,17,3
1792303,17,3
1850378,17,5
2616210,17,3
52021,17,3
1455342,17,3
1587997,17,5
2343076,17,2
777760,17,3
898370,17,1
1624047,17,3
1175588,17,1
2021298,17,4
1997685,17,4
362523,17,2
1874973,17,4
295864,17,2
2568738,17,3
1213860,17,1
793041,17,4
2204860,17,2
206243,17,3
256803,17,4
1800443,17,2
539952,17,5
1015657,17,4
1664047,17,2
2485550,17,3
1266847,17,3
1256976,17,3
500447,17,2
2209525,17,3
684576,17,2
933206,17,3
1057259,17,4
1144461,17,2
107761,17,5
1537052,17,2
1161915,17,2
378645,17,4
2391186,17,1
2343602,17,5
1135311,17,4
2309157,17,5
1100703,17,3
2044892,17,3
1355139,17,3
1965780,17,4
1062751,17,4
1807973,17,3
2070655,17,2
1247307,17,3
2164718,17,4
1859542,17,5
2379041,17,4
419660,17,2
1410283,17,4
2636787,17,4
149170,17,3
2341304,17,3
976355,17,3
809945,17,5
890518,17,3
1844537,17,2
1776587,17,3
1420172,17,4
946175,17,2
1388877,17,3
2643325,17,1
1431946,17,3
1396351,17,2
2456906,17,4
347088,17,4
723473,17,3
448644,17,3
230813,17,2
387273,17,2
2112383,17,4
2582887,17,4
184705,17,3
206839,17,3
1262187,17,5
559608,17,2
265174,17,4
1407114,17,3
2260761,17,3
1591705,17,3
2449999,17,3
1297517,17,3
262518,17,1
2273191,17,4
428610,17,3
2151938,17,3
1681937,17,4
1506913,17,3
914155,17,5
871882,17,2
417940,17,3
263675,17,2
2108491,17,3
1790161,17,2
2152347,17,3
956561,17,3
2617405,17,1
1804492,17,3
990916,17,3
1022909,17,3
34044,17,3
1224891,17,1
1123175,17,3
1035219,17,2
1319658,17,3
653300,17,3
190184,17,1
2420162,17,4
170901,17,3
1551799,17,2
297624,17,1
1844304,17,3
1289293,17,3
2419108,17,5
796459,17,1
923517,17,5
956917,17,3
1806076,17,2
2245049,17,4
800030,17,3
507603,17,1
845654,17,2
621334,17,4
1778415,17,3
1967929,17,4
629260,17,3
1529715,17,3
549730,17,1
2219228,17,2
2096346,17,5
158242,17,2
1798346,17,3
325111,17,3
1440126,17,2
220553,17,3
2208454,17,4
1451964,17,3
1802262,17,3
616691,17,3
2175870,17,1
130288,17,2
549158,17,4
1040151,17,3
2019358,17,3
1153435,17,4
64347,17,3
1159458,17,2
182761,17,4
1032909,17,3
897102,17,2
2512221,17,1
1850737,17,2
2304892,17,4
2307866,17,3
2566718,17,3
801884,17,3
1765963,17,4
814432,17,3
820216,17,3
39708,17,4
1839424,17,2
326482,17,3
2199072,17,2
810392,17,3
1315670,17,4
806785,17,3
2213584,17,3
1233800,17,2
468484,17,1
1939763,17,4
2402896,17,4
1383393,17,3
2620146,17,3
12475,17,2
1130762,17,3
1315525,17,4
68384,17,3
934389,17,3
1717184,17,4
158119,17,3
2471823,17,2
617225,17,3
133381,17,3
488961,17,3
2058088,17,3
710154,17,4
629141,17,2
1772441,17,3
1315536,17,2
394749,17,3
1135847,17,2
1761577,17,3
2463612,17,2
985856,17,2
256374,17,4
88944,17,2
1769057,17,3
745264,17,3
1018107,17,3
1162041,17,2
1786613,17,3
306454,17,2
1391523,17,4
591167,17,3
1425639,17,2
1966266,17,3
1116413,17,1
2064713,17,3
2519822,17,3
2234028,17,3
1508550,17,3
584437,17,3
243821,17,4
1405395,17,3
1505434,17,4
95075,17,4
1054182,17,3
2112089,17,3
2232622,17,4
1152704,17,1
43991,17,1
621764,17,3
703105,17,3
1008388,17,3
2351412,17,2
1225680,17,1
1314105,17,4
598375,17,3
2322521,17,4
158931,17,3
91479,17,5
1141189,17,4
464129,17,5
860520,17,3
2623929,17,4
2002846,17,3
915816,17,4
663985,17,2
1070712,17,5
938687,17,3
468334,17,4
1748249,17,3
122503,17,3
1498163,17,3
1044742,17,4
1557116,17,4
714995,17,4
2633375,17,2
1208322,17,3
1428028,17,5
1449412,17,2
2342142,17,3
2044364,17,1
1944110,17,4
1914263,17,4
800061,17,2
2210523,17,2
325862,17,3
2185752,17,2
1561273,17,3
342880,17,2
172217,17,3
1430660,17,2
1091280,17,1
1703330,17,5
1256752,17,5
1586184,17,3
1048728,17,3
1171370,17,1
1839274,17,3
126934,17,4
2058978,17,4
801265,17,2
517633,17,4
1469669,17,4
482564,17,1
1134130,17,3
803714,17,4
2573241,17,3
1936210,17,2
2391817,17,3
2412576,17,5
230966,17,2
1095815,17,4
744640,17,5
882224,17,3
1379487,17,3
1788541,17,3
1056265,17,3
623281,17,3
598757,17,2
2026207,17,3
452901,17,5
322009,17,3
1071873,17,3
1130326,17,4
835406,17,3
456408,17,2
606803,17,2
1548025,17,2
865801,17,2
839176,17,3
1345921,17,3
2521051,17,4
1854679,17,1
1140910,17,3
653722,17,1
953946,17,3
2058669,17,3
1567979,17,4
1416569,17,2
293595,17,3
2312842,17,4
1704841,17,3
1473033,17,5
2085932,17,1
1083630,17,1
1700453,17,3
1940080,17,3
2522212,17,3
1838530,17,2
852490,17,4
1406528,17,3
1388257,17,3
1204080,17,3
2383520,17,3
1320408,17,3
2432917,17,3
1131186,17,2
1421309,17,3
1443269,17,3
1818059,17,3
1129526,17,3
383064,17,3
1606520,17,3
1960381,17,3
121735,17,2
993657,17,1
769024,17,4
1369630,17,5
1270218,17,4
2599634,17,2
1957169,17,2
2314153,17,3
2235548,17,2
2567323,17,3
1514839,17,3
1173086,17,4
2480877,17,3
150784,17,2
1693929,17,3
545115,17,4
1472075,17,2
105685,17,4
1888873,17,3
890294,17,2
1266043,17,2
1085879,17,3
1643068,17,4
1997736,17,1
2286380,17,4
2647406,17,4
2441958,17,3
950712,17,2
149588,17,5
1951754,17,3
1079410,17,3
1874635,17,3
1436327,17,2
2006567,17,1
2351230,17,3
2091075,17,1
1474603,17,5
2458437,17,3
1231460,17,5
1157668,17,3
903579,17,2
1260854,17,2
1366152,17,3
1582289,17,3
1924968,17,4
631733,17,3
864128,17,2
2215947,17,4
2428731,17,4
2104170,17,1
793951,17,4
16150,17,2
1537599,17,3
380488,17,1
416265,17,3
2289293,17,3
1639739,17,3
2647648,17,4
702085,17,3
1389849,17,4
989829,17,4
2557693,17,4
896309,17,3
459892,17,2
148224,17,2
766333,17,4
2276382,17,3
682795,17,3
2572594,17,4
1047904,17,3
2291607,17,4
669790,17,4
1530803,17,1
867021,17,4
1102418,17,5
2141105,17,3
1349656,17,3
752825,17,3
1215343,17,2
1841327,17,3
2524353,17,3
28338,17,4
2221639,17,2
996566,17,5
1548847,17,2
2012835,17,2
1096456,17,4
1228499,17,2
1259487,17,4
181207,17,4
588352,17,4
2194591,17,2
853979,17,3
902861,17,1
121699,17,3
304697,17,2
735685,17,2
2466211,17,3
1957786,17,3
654884,17,5
962537,17,3
820576,17,4
871885,17,5
144149,17,2
1420693,17,3
192284,17,4
2391026,17,4
2385034,17,3
243025,17,3
325503,17,3
1016386,17,5
2521037,17,4
1002876,17,2
491691,17,2
1933698,17,3
621462,17,3
1533545,17,3
451309,17,3
40927,17,2
2203225,17,1
2221751,17,3
136127,17,3
2586218,17,2
1166681,17,3
1240875,17,3
1764513,17,4
2189276,17,4
2453611,17,4
575455,17,2
2378189,17,4
346036,17,3
519940,17,3
736977,17,3
1231755,17,2
413175,17,3
708269,17,2
2029889,17,2
860147,17,2
1796370,17,5
368032,17,5
1130882,17,5
1930453,17,5
505488,17,3
1523477,17,4
1478134,17,4
114620,17,2
627836,17,4
1735045,17,5
1025944,17,2
287212,17,2
1929063,17,4
2564464,17,3
2286785,17,3
227626,17,3
1473782,17,3
239903,17,2
1478655,17,3
123423,17,4
1026505,17,3
2535635,17,2
1072072,17,3
30873,17,4
646726,17,2
1078816,17,2
613953,17,3
640531,17,2
1072312,17,4
579403,17,3
2222233,17,3
129941,17,3
252073,17,3
206997,17,5
1849338,17,3
1131860,17,3
2621071,17,4
1656352,17,4
2311323,17,5
1993796,17,3
1870555,17,2
1984237,17,4
2327480,17,2
244162,17,3
1766531,17,2
714346,17,1
167321,17,2
1289706,17,2
2479667,17,4
682152,17,4
1106378,17,3
1701438,17,1
1613260,17,1
842107,17,1
990419,17,2
467045,17,3
2336488,17,3
78213,17,3
1951361,17,4
1839398,17,3
1465308,17,2
1588901,17,2
2082392,17,2
1408249,17,3
1312013,17,3
2557901,17,2
640004,17,3
1734794,17,1
478821,17,2
338998,17,4
1971391,17,3
1768630,17,2
1577811,17,1
2547733,17,3
629519,17,4
1096430,17,3
1844790,17,2
1791334,17,3
1094418,17,3
2364568,17,3
2210746,17,3
1047559,17,4
179438,17,3
440927,17,3
360260,17,3
2070439,17,3
143105,17,2
2065100,17,5
237936,17,5
1756082,17,5
1384960,17,3
100888,17,3
1218250,17,3
552568,17,2
889738,17,2
1415745,17,1
239460,17,3
650898,17,4
302705,17,3
1148103,17,1
626342,17,2
2449477,17,2
15402,17,3
154186,17,1
1134374,17,3
2471500,17,3
57816,17,4
1873345,17,3
411030,17,2
557625,17,2
2335403,17,3
1108094,17,4
369646,17,2
1812840,17,3
2296560,17,4
1484890,17,3
1738559,17,2
1932884,17,4
2334695,17,4
713640,17,3
1126150,17,3
1935981,17,3
1863002,17,2
2050613,17,4
2423113,17,2
2193590,17,3
593428,17,3
462,17,2
2077994,17,2
363252,17,3
1062213,17,3
928181,17,5
2420654,17,2
935837,17,3
569634,17,4
1759835,17,3
1145403,17,4
2583822,17,2
1154480,17,2
1407450,17,5
1945875,17,3
167860,17,3
1018789,17,3
650900,17,3
737081,17,2
2065265,17,3
480809,17,1
1646956,17,3
895587,17,3
2514433,17,3
1738197,17,4
1049315,17,3
2441439,17,1
2236317,17,3
450915,17,3
2140533,17,1
200875,17,2
2573624,17,1
2579203,17,3
1486742,17,1
2107249,17,2
1215177,17,2
1718912,17,4
1324775,17,3
2031869,17,1
42667,17,4
1949498,17,2
1533900,17,1
1836980,17,4
1611219,17,4
768747,17,2
783142,17,4
1849838,17,3
1568281,17,2
89326,17,1
1333265,17,3
2633727,17,2
101237,17,3
59218,17,2
2481477,17,3
1965321,17,3
2437183,17,2
1219858,17,4
1486994,17,5
2337603,17,4
499257,17,3
395098,17,2
1430398,17,4
297387,17,3
1848832,17,3
2068968,17,3
1004790,17,4
237672,17,5
2442369,17,3
1855439,17,4
630024,17,4
690426,17,3
2310196,17,4
1002400,17,2
566847,17,5
1025498,17,3
512438,17,3
2333025,17,3
2100514,17,3
1060052,17,2
1501962,17,2
1844813,17,5
79745,17,4
1102622,17,1
332300,17,1
572481,17,1
2373412,17,2
194096,17,4
1626568,17,4
923331,17,4
930336,17,2
1562263,17,2
1214570,17,3
1798940,17,3
776274,17,3
1393001,17,4
532124,17,4
2130547,17,4
236444,17,2
2363525,17,5
2194360,17,1
967464,17,4
2091407,17,2
2454448,17,2
351584,17,4
2062661,17,2
252183,17,1
966097,17,3
83650,17,4
294454,17,2
2421926,17,2
604519,17,3
862031,17,1
1229037,17,2
2098090,17,2
1186765,17,1
2152777,17,3
1430845,17,3
2219255,17,3
749118,17,2
1793842,17,1
2543158,17,3
168190,17,2
2264144,17,3
1666486,17,3
1871659,17,4
2587256,17,3
1996938,17,4
62346,17,4
1952797,17,4
42836,17,1
1883043,17,3
1803599,17,3
892085,17,2
753107,17,3
2419474,17,2
862596,17,4
862656,17,3
1555047,17,3
1276392,17,4
1898714,17,4
212808,17,1
1915171,17,2
1926426,17,3
1405228,17,3
2134746,17,4
2555344,17,4
323806,17,2
1297591,17,4
2579199,17,3
2524866,17,3
1146568,17,4
101807,17,3
2066932,17,5
2033448,17,2
347839,17,2
2443038,17,3
1266111,17,1
1572270,17,3
49942,17,1
780286,17,3
630964,17,3
1609016,17,1
1099140,17,1
680128,17,2
303658,17,1
394789,17,4
728380,17,3
1540447,17,3
491,17,3
2155609,17,3
1641845,17,3
488238,17,3
2090214,17,3
268210,17,3
2225332,17,3
146656,17,3
1894824,17,2
1336785,17,2
714566,17,1
76397,17,1
2265768,17,3
199374,17,1
42501,17,3
1705964,17,5
2447769,17,3
1889206,17,3
2113612,17,2
2179463,17,3
1502511,17,4
2481052,17,2
1298766,17,2
735915,17,4
2262247,17,3
1734103,17,3
2344621,17,3
1893708,17,4
1633211,17,3
1467857,17,3
423517,17,3
1254685,17,2
671255,17,2
619027,17,2
2504144,17,1
441304,17,3
1701977,17,2
17451,17,5
982408,17,2
400916,17,2
437934,17,2
2101921,17,1
2417784,17,5
732590,17,4
2135590,17,2
526661,17,1
1035565,17,4
2019346,17,4
1736133,17,3
1065873,17,1
662956,17,3
822801,17,3
1051390,17,4
2408647,17,3
257165,17,3
355445,17,3
1349751,17,3
578699,17,3
2646456,17,2
1736217,17,3
2061246,17,2
1279283,17,4
1247489,17,2
560237,17,3
2006505,17,2
51408,17,3
1723861,17,3
1922803,17,2
2649426,17,4
940984,17,3
1938254,17,4
2343870,17,4
1786989,17,3
1317252,17,3
412235,17,3
2302505,17,3
1010690,17,1
950524,17,3
1150128,17,2
778896,17,3
5945,17,2
1865788,17,3
1599256,17,2
347885,17,2
1235179,17,1
2477733,17,2
795780,17,1
1196423,17,3
2500738,17,3
2453264,17,4
1742804,17,3
717338,17,2
280120,17,2
781389,17,2
2238785,17,3
1001912,17,4
679104,17,3
1476713,17,3
1362663,17,3
1726261,17,3
1118108,17,3
163357,17,1
146194,17,3
1200046,17,1
2454575,17,3
2208906,17,3
2359219,17,4
41152,17,3
2446661,17,3
2610874,17,3
973655,17,3
1379561,17,3
1461923,17,4
2193044,17,4
2509360,17,3
803596,17,3
1566233,17,2
320362,17,2
214907,17,4
2482626,17,3
2015233,17,2
441999,17,3
2113745,17,3
1558286,17,2
2392201,17,4
975592,17,2
849237,17,3
1788741,17,2
1190904,17,3
2642196,17,3
746654,17,4
1270647,17,3
1052942,17,2
2337634,17,2
2414063,17,3
517190,17,3
2469449,17,4
2608846,17,5
919820,17,3
486802,17,4
1857508,17,3
1253562,17,4
2475217,17,4
2194095,17,3
1782410,17,4
269776,17,4
2236922,17,2
1706506,17,2
2423486,17,2
1524915,17,5
1117152,17,4
713224,17,3
1720313,17,5
711471,17,3
540586,17,2
382449,17,2
2245245,17,1
2413773,17,5
1723102,17,1
273564,17,3
40835,17,1
963178,17,4
840763,17,1
909019,17,4
1801739,17,4
1020584,17,3
131853,17,4
1381004,17,3
624338,17,5
539530,17,2
1116113,17,3
1776847,17,2
1406688,17,2
220757,17,4
1503082,17,4
249391,17,3
1686999,17,3
411119,17,5
612358,17,2
721015,17,3
533844,17,5
1193818,17,2
1460819,17,3
735242,17,4
570686,17,3
894114,17,3
384720,17,2
2538055,17,3
1686361,17,2
1328449,17,2
499803,17,4
2189430,17,1
2547405,17,3
1516320,17,1
452001,17,3
710783,17,3
2472886,17,2
2371777,17,3
1231254,17,3
1896550,17,2
968184,17,1
594177,17,4
1689330,17,3
1635636,17,2
2495205,17,3
2427512,17,2
194759,17,4
1381271,17,4
513575,17,3
477168,17,4
602357,17,3
2034770,17,3
1092814,17,4
1644879,17,3
1185240,17,4
1043581,17,4
738622,17,1
54514,17,2
2406031,17,2
2186515,17,2
2202771,17,2
1990783,17,5
516256,17,1
1508365,17,5
695238,17,4
1484108,17,3
1490148,17,4
474884,17,2
1871161,17,2
426981,17,2
2212292,17,2
2371319,17,3
274921,17,4
184415,17,3
1953422,17,2
1548220,17,4
764040,17,3
2531839,17,3
2337144,17,2
1919141,17,3
252477,17,3
1702389,17,3
624943,17,3
482855,17,5
1697410,17,2
1315201,17,1
1469830,17,3
11762,17,3
2500869,17,3
1066423,17,3
2387369,17,1
2613069,17,3
514476,17,2
1034221,17,1
2275040,17,3
382817,17,5
2476916,17,2
644264,17,4
2498201,17,4
2038959,17,3
2135496,17,2
2062092,17,3
211022,17,3
2415919,17,3
1801463,17,4
2552409,17,3
2090833,17,2
935384,17,3
1172525,17,3
1169319,17,3
273369,17,3
1361720,17,2
332627,17,2
1330896,17,2
1799311,17,2
345507,17,4
535261,17,3
888448,17,5
1504919,17,2
1569185,17,2
1865253,17,3
1053421,17,3
2057839,17,2
1584667,17,4
1475141,17,2
1916271,17,4
115586,17,2
2196309,17,3
1388111,17,3
450014,17,1
1459388,17,4
1666613,17,5
1906832,17,5
1762768,17,1
1716156,17,2
1389207,17,4
130727,17,3
839077,17,3
2199355,17,3
675684,17,3
379625,17,3
370285,17,1
2215180,17,4
1420255,17,4
529609,17,3
745229,17,2
1364974,17,3
2134385,17,2
2459229,17,2
1752680,17,3
1593386,17,3
1758460,17,1
2285980,17,4
1976023,17,4
2341524,17,2
1664957,17,4
2114086,17,2
2545823,17,2
2312364,17,4
2177032,17,1
334578,17,3
2315849,17,5
1917456,17,3
1850209,17,4
2428423,17,2
2567280,17,3
1289557,17,3
1785727,17,2
2349225,17,3
2136217,17,3
1612159,17,4
30767,17,3
392274,17,3
1755584,17,3
2268359,17,3
1316616,17,4
427395,17,2
146256,17,3
1590690,17,1
1063192,17,3
1243832,17,2
663627,17,3
1385259,17,4
1968568,17,5
647575,17,4
2566231,17,2
1344624,17,1
827234,17,3
2378097,17,2
273350,17,1
2416829,17,4
2550095,17,3
922591,17,2
1531781,17,2
1460594,17,2
493263,17,4
2313194,17,2
2574128,17,2
703719,17,2
773046,17,2
1255940,17,3
390416,17,3
93045,17,3
1481817,17,4
2455567,17,2
2032415,17,2
440838,17,3
368940,17,3
1163547,17,3
684526,17,4
1865265,17,3
964158,17,2
1068252,17,4
92258,17,2
2370089,17,4
368222,17,4
2490539,17,3
1915478,17,3
2088632,17,2
2379541,17,3
918877,17,4
1652110,17,3
1044160,17,4
1251196,17,3
84852,17,2
673508,17,2
1755534,17,2
1442361,17,5
300294,17,4
220460,17,2
1593352,17,2
273251,17,3
2060177,17,3
1566886,17,2
1542060,17,3
91807,17,3
1557189,17,2
708005,17,4
2093047,17,3
640554,17,4
2359505,17,3
684149,17,1
361746,17,4
1636269,17,3
2365658,17,3
2354772,17,5
1965113,17,4
2381692,17,4
2017026,17,4
476721,17,4
2110956,17,4
1365991,17,1
2639876,17,4
225765,17,3
978274,17,4
2498017,17,3
749861,17,4
175869,17,2
1379133,17,3
168281,17,3
2458068,17,4
1799013,17,3
2050704,17,3
1813734,17,3
1917910,17,4
2262903,17,2
2299488,17,4
221776,17,4
54897,17,3
2607300,17,3
249773,17,5
1079056,17,2
812458,17,3
187479,17,1
1223933,17,3
1512836,17,1
2547406,17,3
710398,17,1
1989920,17,5
506778,17,3
2549460,17,3
926596,17,2
616636,17,3
1846724,17,3
1626468,17,3
2399502,17,4
965894,17,3
868236,17,2
884098,17,2
2229171,17,2
1700594,17,2
227463,17,4
2218750,17,3
415581,17,2
2070271,17,4
32951,17,3
496374,17,3
2580383,17,2
552558,17,2
670496,17,4
1327441,17,2
1062150,17,1
972648,17,4
2400234,17,4
849867,17,3
831603,17,3
576059,17,1
454366,17,2
288861,17,3
2127105,17,3
37797,17,4
294118,17,3
662124,17,3
248904,17,3
245210,17,2
1330703,17,4
1653368,17,5
1368585,17,4
1637938,17,3
1344646,17,1
960268,17,3
1889384,17,2
179073,17,3
2448908,17,4
1175511,17,4
433428,17,1
2526309,17,3
2626336,17,3
992096,17,4
2139217,17,3
1215374,17,3
1026687,17,3
1873081,17,5
189541,17,4
2485957,17,4
2472640,17,3
1658595,17,3
1608824,17,2
1717275,17,2
428325,17,3
349821,17,4
2141085,17,2
554630,17,3
1313609,17,3
840319,17,2
1604357,17,3
1427149,17,4
2585947,17,4
75255,17,4
260163,17,2
1106716,17,3
411468,17,2
1634780,17,2
1106280,17,4
860796,17,2
938590,17,2
1771372,17,1
1130559,17,3
2151581,17,1
2184168,17,5
361070,17,2
454777,17,3
952063,17,1
87113,17,3
1652692,17,4
1187833,17,4
66120,17,4
608216,17,2
1176645,17,3
1449548,17,1
333011,17,1
2397281,17,4
1074282,17,2
1645159,17,5
997647,17,4
2297595,17,1
438727,17,5
2591537,17,3
20215,17,4
857757,17,3
2316426,17,4
2535175,17,3
15961,17,2
1543465,17,2
1962921,17,3
1416745,17,2
1721469,17,4
2477304,17,4
334553,17,3
2579677,17,4
101107,17,2
1328568,17,4
12253,17,3
1149569,17,2
1254945,17,4
1919296,17,3
1191096,17,4
1333752,17,3
1787323,17,3
10374,17,3
2564293,17,3
2479992,17,3
572530,17,3
1411491,17,3
1468746,17,3
1392742,17,3
1815283,17,4
1789097,17,4
14210,17,3
2080663,17,4
2015182,17,4
1569109,17,2
202501,17,3
2166492,17,1
1263062,17,3
2439868,17,3
757706,17,2
1033235,17,3
105803,17,3
681935,17,1
500793,17,2
492819,17,3
1207214,17,3
911,17,4
2385082,17,2
2607964,17,3
114618,17,1
188964,17,2
2560573,17,2
1078860,17,3
644116,17,2
979398,17,3
562508,17,3
1062094,17,4
842863,17,3
1583383,17,5
1011077,17,2
689035,17,3
1579502,17,5
1018156,17,4
1875299,17,1
1363006,17,5
1666713,17,2
786982,17,1
1295894,17,3
169936,17,3
1742103,17,3
1697865,17,3
1918965,17,1
1746773,17,3
1272234,17,2
263736,17,3
2553072,17,3
1197916,17,3
2269644,17,3
197313,17,2
654840,17,4
360545,17,3
2412698,17,5
9204,17,3
2506110,17,2
2476026,17,3
3321,17,2
1439944,17,4
1356520,17,3
2204853,17,4
1587220,17,4
1421402,17,3
446027,17,3
1416673,17,4
991810,17,4
2549929,17,3
1616870,17,2
58495,17,3
808435,17,1
2503337,17,3
103767,17,4
2491696,17,5
1614734,17,2
195497,17,2
111647,17,1
1852891,17,4
1416113,17,2
1253144,17,3
2061738,17,2
2477969,17,4
989201,17,3
640147,17,2
498935,17,4
876716,17,2
825819,17,3
1430935,17,2
2500166,17,3
2454444,17,3
2533480,17,3
1489666,17,4
1070727,17,4
2401693,17,5
1637067,17,3
2040232,17,3
212565,17,2
1459374,17,2
1180830,17,3
2554566,17,4
188461,17,3
117065,17,3
977087,17,3
2185058,17,3
1739398,17,3
2387716,17,4
2324405,17,2
1220468,17,2
551702,17,5
450102,17,3
1132208,17,2
1434295,17,3
311675,17,3
111653,17,3
1390159,17,3
2024172,17,4
1817590,17,4
1835914,17,4
44230,17,1
2149107,17,2
1765294,17,2
554580,17,1
1817690,17,4
2301006,17,2
561624,17,4
514290,17,4
916970,17,3
1925775,17,3
85487,17,1
1789629,17,5
1749017,17,2
320972,17,3
666611,17,3
1148828,17,2
1443181,17,2
1823838,17,3
1327885,17,1
1627746,17,1
643374,17,3
2019608,17,4
2233309,17,3
2361605,17,3
1278546,17,1
1286028,17,1
2002198,17,3
2620170,17,4
1521465,17,3
1742654,17,3
2373311,17,4
1196871,17,3
1598023,17,1
1666003,17,4
1129838,17,1
1780326,17,2
1234983,17,4
1418722,17,3
1146551,17,3
2145026,17,1
2074041,17,3
299483,17,3
1152904,17,3
657404,17,3
1460509,17,5
2182221,17,2
500041,17,3
575419,17,3
255012,17,4
115240,17,2
896130,17,1
1755886,17,2
7949,17,3
1607009,17,3
2223968,17,3
2212232,17,3
2535249,17,3
754659,17,3
2560342,17,4
1753242,17,2
1624040,17,2
1541326,17,3
483288,17,2
1719533,17,2
2179510,17,1
195742,17,1
1966153,17,1
237367,17,1
1524966,17,4
14824,17,2
571286,17,4
1294348,17,5
2623331,17,2
2298752,17,3
1595427,17,2
331776,17,1
2224458,17,4
1869046,17,2
1259106,17,3
2144829,17,4
2476717,17,2
1536043,17,2
863096,17,2
131221,17,4
2363204,17,4
376407,17,1
57043,17,3
1317671,17,2
59697,17,4
1557622,17,3
1356507,17,3
2052963,17,2
464185,17,2
923835,17,3
878915,17,2
2138437,17,3
2411611,17,3
491531,17,5
1837049,17,3
387050,17,3
1637748,17,3
218417,17,2
1085870,17,4
1172250,17,4
2568002,17,3
2064316,17,2
1434061,17,2
1710263,17,5
342510,17,3
378232,17,3
1815818,17,3
984083,17,3
508296,17,2
356515,17,2
1520203,17,1
2575461,17,1
2213237,17,3
1867405,17,3
1887259,17,3
449233,17,5
79222,17,3
1391579,17,1
2508573,17,4
2159702,17,3
2219876,17,1
1688099,17,3
1907559,17,3
1475775,17,3
1448496,17,3
1346391,17,4
958279,17,3
2315744,17,4
1106875,17,3
1828179,17,3
2306970,17,3
2451667,17,5
2368118,17,3
2201356,17,4
1710780,17,4
1570872,17,1
1552525,17,2
1842771,17,4
2272727,17,2
928744,17,4
388671,17,3
767729,17,3
806952,17,1
2032610,17,4
42093,17,3
2629391,17,3
1416577,17,2
1989124,17,3
1202223,17,4
1169021,17,4
1227114,17,3
2561301,17,4
1849923,17,3
539536,17,2
104793,17,2
2378162,17,3
2581556,17,3
1415803,17,1
2092953,17,2
935285,17,4
57993,17,3
1664629,17,2
2255414,17,3
2507505,17,3
936497,17,5
1777614,17,3
386947,17,3
1536105,17,3
214775,17,2
2327851,17,3
1071308,17,2
1958428,17,3
1459343,17,1
1792234,17,3
72796,17,3
921612,17,4
232922,17,3
2054215,17,3
1430443,17,2
1479770,17,3
22226,17,3
506473,17,4
1454516,17,4
127173,17,2
2238629,17,2
2375758,17,2
843771,17,1
863309,17,4
1416020,17,2
1888556,17,3
1963633,17,4
1110691,17,2
1572216,17,2
1125853,17,4
2606799,17,3
725227,17,5
1554458,17,4
917484,17,2
51972,17,3
420537,17,4
1710823,17,3
784305,17,2
2427965,17,3
991878,17,2
1762521,17,3
1498874,17,2
1823101,17,2
302337,17,2
1557557,17,4
1106765,17,2
1142811,17,2
146622,17,3
287545,17,2
1181795,17,1
1049485,17,4
735623,17,5
2212550,17,3
1109416,17,2
1634545,17,3
1863899,17,3
445423,17,4
532990,17,2
424274,17,3
1102923,17,3
107494,17,5
1941574,17,3
1769819,17,4
649621,17,3
15867,17,3
1108004,17,4
1510210,17,4
278056,17,4
1254936,17,3
746268,17,3
1012983,17,3
1122390,17,5
2631202,17,3
969164,17,3
64536,17,2
26323,17,3
1659831,17,2
1035782,17,2
2226319,17,4
2158865,17,4
81644,17,3
1512457,17,1
1633859,17,1
2565752,17,3
968084,17,3
2174569,17,5
1993015,17,3
2162957,17,2
719854,17,3
2476274,17,3
2271950,17,2
1910182,17,2
1385429,17,3
683144,17,4
63740,17,2
2636813,17,4
918567,17,2
2503178,17,3
1899258,17,5
2118560,17,4
386050,17,2
193790,17,5
1551161,17,2
688357,17,3
754179,17,4
2087340,17,4
2423874,17,3
832162,17,2
336957,17,3
2205330,17,3
1017068,17,3
357087,17,3
2134759,17,3
814684,17,2
1094356,17,3
497986,17,3
707047,17,5
569848,17,3
1143142,17,3
247744,17,1
1759183,17,3
1769206,17,3
1280912,17,3
710865,17,3
2597529,17,2
672991,17,2
2243279,17,3
2183788,17,4
970316,17,4
1241640,17,3
1086967,17,3
1455803,17,5
2355226,17,1
918529,17,4
1309246,17,4
1436960,17,1
2435164,17,3
1853186,17,2
2141356,17,3
1737549,17,2
1617915,17,2
41132,17,4
1542341,17,3
2473791,17,1
1280746,17,5
2294693,17,2
943436,17,3
929407,17,2
1766810,17,1
1833392,17,4
79740,17,3
1162348,17,2
1667442,17,3
733171,17,3
2256485,17,3
1388020,17,3
2644964,17,4
450021,17,3
1023472,17,3
1181707,17,2
1216843,17,4
652394,17,3
2193697,17,2
1824837,17,3
57843,17,2
269962,17,3
165676,17,1
1420572,17,1
2188838,17,2
1922539,17,1
820830,17,3
1330311,17,3
1242715,17,4
2375962,17,3
818064,17,3
1519667,17,3
516276,17,2
1937894,17,1
594184,17,2
759902,17,3
2088451,17,3
2404071,17,3
1041638,17,2
2486321,17,2
449166,17,1
570063,17,3
66490,17,1
1932433,17,3
388190,17,4
1590503,17,3
1601275,17,4
2522011,17,1
1210726,17,4
1767572,17,2
449597,17,4
43269,17,4
953663,17,3
2618168,17,4
1635798,17,3
1340364,17,2
26016,17,2
356975,17,2
802784,17,3
475238,17,1
2016659,17,3
618356,17,1
1017353,17,3
150572,17,3
974904,17,1
948798,17,4
307097,17,4
1881491,17,1
1070519,17,2
2099128,17,1
1790307,17,1
2056946,17,2
2207041,17,1
1925392,17,3
533671,17,4
1405485,17,4
1178232,17,2
2009281,17,2
1996154,17,3
2552611,17,5
431326,17,3
2043207,17,2
2137826,17,4
1714727,17,3
1054715,17,2
303729,17,3
2329094,17,4
817461,17,3
422804,17,2
316294,17,3
953486,17,2
1941657,17,4
491513,17,3
2486123,17,4
240591,17,3
1500419,17,3
1163923,17,3
555385,17,4
774072,17,3
1028420,17,1
568615,17,3
1349711,17,2
1679048,17,2
782679,17,4
134211,17,3
2391444,17,4
2201189,17,2
347907,17,3
1256979,17,2
1605779,17,3
793579,17,3
23589,17,4
1766180,17,2
1444640,17,3
1700006,17,3
1605584,17,4
1190708,17,2
923445,17,4
194914,17,3
2470947,17,3
2333255,17,4
908582,17,3
2400206,17,1
1589560,17,3
2626505,17,3
1585108,17,1
693381,17,3
904315,17,3
1305796,17,3
2541447,17,2
881975,17,2
1858464,17,3
2500191,17,4
392509,17,2
2395124,17,4
903002,17,5
1323156,17,2
798957,17,4
901132,17,4
2635448,17,3
257519,17,3
136170,17,3
723439,17,3
2381105,17,3
1593330,17,3
1233586,17,3
1971939,17,2
1543501,17,4
1369107,17,3
327860,17,4
2592263,17,3
1025308,17,4
32147,17,1
1810050,17,2
1394681,17,1
1590921,17,5
1272914,17,4
639991,17,3
1845035,17,3
885655,17,1
2192517,17,3
1041178,17,4
1536918,17,3
1872433,17,4
2194337,17,3
2275781,17,3
53043,17,3
2038866,17,2
2442223,17,1
417787,17,1
874276,17,2
567948,17,3
52441,17,3
726341,17,3
577780,17,3
2576949,17,3
2132886,17,2
1748812,17,4
991607,17,2
1783870,17,4
1778242,17,3
1719554,17,3
876370,17,3
2315626,17,3
2231968,17,3
132284,17,3
84248,17,4
1582952,17,3
1480900,17,3
16272,17,3
6891,17,3
1223473,17,4
2424364,17,5
780855,17,2
204296,17,3
2424516,17,2
1153558,17,4
1216199,17,4
2251874,17,2
977960,17,3
1060003,17,3
976319,17,3
466985,17,1
996942,17,3
549525,17,4
989160,17,3
1049665,17,3
2548287,17,1
2201029,17,3
869666,17,3
497913,17,3
1733289,17,2
539039,17,4
2257890,17,3
299616,17,3
58261,17,3
408765,17,2
171010,17,2
955054,17,3
1324379,17,2
1845012,17,3
1302229,17,2
1679093,17,5
1883946,17,4
2035152,17,2
2441434,17,4
2519397,17,3
1165172,17,3
2508263,17,3
2339546,17,3
1923353,17,2
730052,17,2
1086653,17,1
981954,17,4
1548421,17,3
654582,17,2
2580834,17,3
576024,17,4
1499377,17,4
2008812,17,2
1273792,17,1
1598190,17,2
591866,17,3
200289,17,2
1351421,17,3
1692335,17,2
1874204,17,3
2090806,17,3
919635,17,2
2528015,17,3
1219666,17,3
386034,17,3
1646882,17,2
2148331,17,2
2535823,17,3
793286,17,4
604568,17,3
683238,17,4
907527,17,2
1302868,17,5
127307,17,4
355111,17,2
24037,17,3
2528130,17,2
1878344,17,3
2510222,17,3
947911,17,3
233622,17,4
688217,17,2
1725008,17,2
1982753,17,4
829886,17,3
342700,17,3
1397583,17,2
19365,17,2
987837,17,3
1316333,17,4
1169850,17,1
2301646,17,4
143194,17,2
1881808,17,3
2602564,17,4
2396236,17,4
1510328,17,4
1433116,17,3
1135473,17,3
180306,17,4
2047851,17,3
137411,17,4
2327365,17,4
2026740,17,3
774367,17,4
2156905,17,3
211008,17,1
904435,17,2
1539969,17,3
2637077,17,3
819822,17,3
1770638,17,5
739859,17,1
563297,17,3
1859026,17,4
1522640,17,3
371349,17,2
1974838,17,3
2197292,17,4
2560750,17,4
1312584,17,1
396352,17,3
1144375,17,4
1271961,17,2
11459,17,3
430530,17,3
2548273,17,3
878073,17,2
584369,17,3
296849,17,4
2540908,17,3
394803,17,3
442813,17,2
681541,17,3
465038,17,3
1901251,17,3
1796405,17,3
1833871,17,4
228048,17,4
1237994,17,3
431979,17,2
2425368,17,2
1341776,17,3
2312171,17,2
581490,17,2
2542702,17,3
952667,17,1
624065,17,4
2322390,17,2
2346235,17,3
1659827,17,1
371369,17,4
977345,17,3
883684,17,1
1482383,17,3
2641647,17,3
1841774,17,2
607352,17,3
2151690,17,3
1761369,17,3
2641698,17,3
1700346,17,4
1742893,17,3
1892340,17,2
2601618,17,4
2519993,17,2
1261520,17,3
2187964,17,4
366815,17,3
2123285,17,3
913546,17,3
1919416,17,3
381999,17,2
2460583,17,3
1596020,17,2
369081,17,3
1323191,17,3
2450551,17,2
1531229,17,4
1875861,17,1
1920971,17,2
1260882,17,3
1304359,17,3
1579598,17,4
82279,17,4
999151,17,3
2642403,17,4
807988,17,3
766241,17,3
1368643,17,4
2152297,17,2
318864,17,3
2193527,17,2
2364669,17,4
1307258,17,3
4906,17,2
1467275,17,3
528661,17,4
519699,17,4
872973,17,2
1510132,17,3
1761783,17,3
2363079,17,3
380545,17,3
1713085,17,3
2305478,17,5
2643914,17,4
449213,17,2
1505905,17,3
1279821,17,4
2139165,17,3
2585859,17,3
1697912,17,3
1010572,17,3
416983,17,1
495058,17,4
1139145,17,2
720151,17,3
2464222,17,2
695929,17,2
722806,17,5
2522148,17,3
2436657,17,3
918312,17,3
1232438,17,2
2530140,17,2
472660,17,3
1505310,17,2
1213475,17,2
1147208,17,2
1854660,17,2
1851758,17,5
110267,17,3
271978,17,4
1749218,17,3
1859272,17,4
406948,17,3
2100498,17,1
1890184,17,2
781315,17,4
1924653,17,4
500066,17,2
350849,17,4
1466394,17,3
871436,17,3
1074096,17,3
782047,17,2
655121,17,3
25338,17,4
2373185,17,3
964436,17,3
369797,17,4
1142279,17,3
2124309,17,2
1086891,17,2
314756,17,5
1315389,17,2
1429225,17,2
1432255,17,2
1053620,17,4
1921467,17,3
2314648,17,5
1057292,17,3
101246,17,5
1635582,17,2
859477,17,2
701316,17,2
1229287,17,1
2516055,17,3
1537490,17,3
223690,17,1
555536,17,1
583958,17,5
624610,17,5
2447474,17,2
28235,17,5
414542,17,1
2294263,17,4
1129620,17,2
2255805,17,5
1708788,17,3
1774623,17,4
2369933,17,4
2578521,17,4
929679,17,3
305344,17,2
2369743,17,3
433473,17,2
303428,17,3
450349,17,3
2023823,17,2
1546159,17,3
510173,17,3
2328783,17,3
151485,17,2
906476,17,4
934923,17,4
2538506,17,2
1080431,17,3
2061075,17,2
2233186,17,2
773761,17,5
2201440,17,4
1385877,17,4
1469085,17,3
1802372,17,3
480428,17,2
1709330,17,4
606911,17,3
1967481,17,2
1746745,17,3
790264,17,1
708706,17,1
148651,17,3
2425639,17,3
1371375,17,3
826541,17,3
1807988,17,2
2345353,17,4
2432987,17,3
189878,17,4
218962,17,4
258818,17,3
2313691,17,2
461485,17,3
2079247,17,4
1804240,17,5
217882,17,4
1258612,17,3
1847311,17,4
320536,17,3
687746,17,3
206969,17,2
1850563,17,2
1390762,17,4
1319306,17,3
1457006,17,2
1111477,17,3
1380365,17,2
43279,17,5
714294,17,3
421504,17,2
1217165,17,1
702585,17,3
1871918,17,3
1912886,17,4
2369799,17,4
2368686,17,3
1839500,17,2
2297274,17,3
2139742,17,2
631395,17,3
258809,17,2
383984,17,3
1822963,17,3
1729375,17,3
2624352,17,3
8230,17,3
1758525,17,1
93211,17,4
1708678,17,3
1072466,17,3
1254635,17,3
2065422,17,4
1241268,17,3
825324,17,2
2344916,17,5
1955133,17,1
194937,17,3
2366028,17,3
2246428,17,4
144659,17,4
213751,17,3
802214,17,4
323356,17,4
1933712,17,1
2232616,17,5
408394,17,4
920493,17,3
890414,17,4
1966090,17,3
2258405,17,3
1102790,17,3
2480131,17,3
892305,17,3
862092,17,3
824303,17,2
955720,17,1
1685361,17,2
2029086,17,4
396241,17,2
658660,17,1
1842030,17,3
1613963,17,2
1403217,17,1
890495,17,2
2634333,17,4
922628,17,3
1922531,17,4
2366478,17,4
860972,17,4
1137851,17,4
2445267,17,1
758757,17,3
866371,17,3
958763,17,3
1891856,17,2
1621899,17,4
2079977,17,3
2085988,17,4
2576024,17,4
1203347,17,2
2310517,17,2
516691,17,3
1876311,17,3
2583715,17,1
984735,17,1
1560353,17,3
1277455,17,2
1464378,17,4
340639,17,2
773093,17,3
1396858,17,4
1960494,17,2
2586930,17,3
2618308,17,3
1050586,17,2
242369,17,2
1085610,17,3
1985897,17,1
1081161,17,4
1912542,17,1
137361,17,3
792801,17,4
1377567,17,3
443651,17,4
471248,17,3
1515373,17,5
1840544,17,3
761741,17,3
2151520,17,4
45150,17,3
1326886,17,2
1391206,17,2
2364200,17,3
124189,17,4
1354879,17,3
1759788,17,5
86221,17,4
1158127,17,2
1448930,17,4
2366169,17,3
1394921,17,2
2502522,17,2
1374832,17,2
1521772,17,3
1903187,17,2
162756,17,3
998046,17,4
2087272,17,3
628717,17,3
1823851,17,4
1432407,17,3
1443071,17,3
1406988,17,5
1682358,17,1
1162365,17,5
1320629,17,2
3952,17,1
2118771,17,2
1490582,17,2
2181463,17,2
499033,17,3
1333661,17,5
1685602,17,3
2189426,17,3
2344849,17,1
589563,17,2
1442394,17,3
2259655,17,4
1750705,17,4
2503797,17,3
966094,17,1
199169,17,4
143205,17,4
2191884,17,2
2022728,17,2
541382,17,3
2302453,17,1
1450484,17,4
234261,17,2
2432080,17,3
1545878,17,4
826766,17,4
1360224,17,3
1402897,17,1
2635348,17,3
669072,17,3
1131049,17,2
199537,17,1
1002910,17,3
1143510,17,3
2511504,17,5
2105058,17,3
2344532,17,1
714702,17,3
2378050,17,4
445499,17,3
1981151,17,3
1057618,17,3
1645080,17,3
557910,17,2
934647,17,3
1094203,17,4
705870,17,2
1861500,17,1
8748,17,3
1769330,17,3
767695,17,3
1708551,17,3
1618112,17,5
1067046,17,4
1382695,17,4
540844,17,3
2251755,17,3
2533718,17,4
168729,17,3
1961649,17,3
339592,17,1
421256,17,4
650911,17,3
1455720,17,4
696142,17,3
328642,17,3
1437766,17,3
1421620,17,3
12244,17,1
1847060,17,4
1520861,17,3
1671181,17,4
2016344,17,5
618738,17,4
2357351,17,3
687937,17,2
366633,17,2
3518,17,3
679761,17,3
844670,17,2
1674584,17,4
651989,17,4
1308034,17,4
1383761,17,4
345365,17,2
1655937,17,3
2428191,17,3
804037,17,4
1921871,17,3
2335082,17,4
1046646,17,3
1700999,17,3
2541162,17,4
1101737,17,3
1500837,17,3
1412691,17,3
526398,17,3
1440629,17,3
1857268,17,2
1453025,17,4
2450736,17,5
1602078,17,3
1455707,17,2
2090792,17,1
1112610,17,4
1349680,17,1
1222642,17,3
2037301,17,3
844107,17,5
1518613,17,1
11997,17,3
1724972,17,2
2178457,17,2
2047204,17,3
2245676,17,2
607853,17,4
278049,17,3
707683,17,4
875674,17,2
597192,17,1
1613192,17,4
1860048,17,4
559664,17,2
2180498,17,3
2150746,17,3
1489580,17,4
1385257,17,3
1535493,17,3
1068355,17,2
600120,17,3
1797804,17,2
424228,17,3
2137409,17,3
2046340,17,4
2326920,17,4
891923,17,4
952468,17,4
975758,17,3
1941867,17,3
1603022,17,3
2127395,17,3
1293165,17,1
2056072,17,4
1707202,17,2
1128125,17,5
1976824,17,4
561013,17,3
882553,17,2
539988,17,3
2490542,17,2
2320085,17,3
2293055,17,3
413244,17,2
771653,17,3
494440,17,4
712312,17,2
1560533,17,3
2280826,17,3
1204298,17,5
2364401,17,2
2074458,17,1
1415024,17,3
104219,17,2
2575399,17,4
649017,17,2
1480781,17,1
1019782,17,3
2250196,17,3
364485,17,2
1458102,17,4
1935322,17,3
359363,17,2
1703740,17,4
542685,17,2
2407750,17,2
2442175,17,2
160802,17,4
1838526,17,3
1784648,17,2
2553449,17,3
1176143,17,2
497298,17,4
651815,17,2
1675902,17,3
1327352,17,2
1347064,17,3
299805,17,3
2498750,17,2
369744,17,4
477572,17,1
2405681,17,4
770820,17,3
1164359,17,3
2384810,17,2
2246061,17,3
1101036,17,3
100495,17,3
1181224,17,3
824434,17,3
5980,17,3
414800,17,1
1854083,17,2
2111335,17,5
2137676,17,3
715528,17,2
495581,17,2
1729809,17,3
805134,17,1
438491,17,2
321954,17,2
1301493,17,4
1668619,17,3
1578534,17,4
657805,17,2
1604716,17,3
2476251,17,3
820623,17,2
380906,17,3
2070733,17,5
2348563,17,3
182369,17,3
380593,17,3
372273,17,3
2639109,17,4
2201317,17,1
1713808,17,2
547992,17,1
983069,17,2
1937352,17,4
405302,17,3
2562831,17,1
2553935,17,1
1517327,17,1
1902604,17,2
2389571,17,3
2092244,17,2
1986370,17,5
2383158,17,3
1525766,17,3
1980992,17,2
1880993,17,3
1918877,17,3
2315750,17,3
417049,17,5
439140,17,3
1293957,17,4
2150451,17,2
1381920,17,4
2646374,17,2
860307,17,4
785935,17,3
336524,17,3
1340240,17,3
2206765,17,3
593252,17,3
166198,17,1
1485767,17,3
1937587,17,4
2240057,17,5
1655428,17,4
2627434,17,2
905310,17,3
764914,17,2
1025166,17,3
507235,17,3
1928140,17,3
282406,17,2
50787,17,2
611360,17,5
1369281,17,3
1988585,17,3
2589683,17,3
1933250,17,3
1157241,17,2
1951358,17,3
1952209,17,1
2538669,17,3
1320610,17,3
1116675,17,3
2125551,17,2
544833,17,3
2332688,17,3
2094804,17,3
892767,17,3
446575,17,2
1778466,17,3
909763,17,3
2384177,17,3
669340,17,2
1559318,17,2
1531191,17,2
523793,17,3
1534594,17,3
1452718,17,1
950421,17,1
225527,17,3
1525992,17,1
543874,17,2
1925907,17,2
407525,17,3
958359,17,4
1698262,17,3
2401784,17,3
767668,17,3
1564634,17,1
261379,17,1
2593093,17,3
222179,17,1
989621,17,3
1083720,17,4
123660,17,2
383067,17,2
2222662,17,4
1357243,17,4
1037061,17,4
365166,17,1
835793,17,5
157907,17,3
1346326,17,1
55143,17,3
2293577,17,3
1550986,17,3
678384,17,1
2648583,17,2
2295136,17,2
631611,17,1
1420308,17,3
2517870,17,5
1826073,17,4
304945,17,1
1374416,17,3
202435,17,3
205803,17,3
1745577,17,5
1296172,17,3
1661344,17,4
2194336,17,4
1495976,17,2
206555,17,1
2315130,17,3
589571,17,4
2091589,17,3
46903,17,3
2113651,17,3
2512727,17,2
501093,17,4
1905165,17,3
1600255,17,4
2169517,17,2
638305,17,4
2324305,17,3
1144968,17,3
212479,17,5
2160334,17,4
2626597,17,3
620943,17,4
435435,17,3
1873180,17,2
843856,17,4
2134683,17,2
1884405,17,5
2088226,17,3
1170618,17,3
1088173,17,3
1809966,17,3
2103020,17,3
857524,17,5
2493476,17,2
136235,17,2
636085,17,3
408284,17,2
218016,17,2
1422463,17,3
1783789,17,4
644818,17,3
229296,17,2
1340109,17,5
1334451,17,1
324672,17,3
1166290,17,1
276869,17,3
1250959,17,3
1480821,17,3
2000589,17,1
817950,17,2
2554860,17,4
1969156,17,3
482951,17,3
1211033,17,3
396153,17,2
2378228,17,3
841553,17,3
2303958,17,3
1516380,17,3
2291875,17,3
917257,17,3
1425169,17,2
39030,17,3
1389634,17,3
609236,17,2
1939074,17,3
786777,17,2
242141,17,3
1012390,17,3
1102951,17,3
2016596,17,3
199329,17,1
1872120,17,3
1355035,17,3
2513524,17,2
77437,17,3
603722,17,2
379371,17,2
2608877,17,4
1091530,17,2
1192853,17,2
786864,17,4
1487864,17,4
1605398,17,2
745921,17,3
266546,17,4
1450661,17,3
1546152,17,3
2616485,17,3
1716604,17,2
1280251,17,3
823075,17,2
155978,17,4
1685968,17,5
2263831,17,2
2319770,17,3
2488891,17,3
2063672,17,4
2112918,17,3
752420,17,3
224852,17,2
41364,17,3
1501554,17,3
1323487,17,5
55199,17,4
106493,17,3
1651600,17,4
2142137,17,1
2536071,17,1
1163807,17,2
687473,17,3
1483814,17,2
377109,17,1
740412,17,2
935230,17,4
1860145,17,3
1036062,17,4
1860280,17,3
2541906,17,4
2201302,17,4
2220342,17,1
1616252,17,2
1461667,17,3
92538,17,3
148463,17,4
1381900,17,4
1885362,17,3
101408,17,3
186695,17,3
1726521,17,2
677579,17,3
895146,17,4
1400492,17,2
441188,17,3
246637,17,2
1482187,17,1
710915,17,4
2628943,17,2
2089287,17,3
2197712,17,5
693193,17,2
1965634,17,2
1772964,17,5
2280401,17,1
2501699,17,4
940415,17,2
1611284,17,3
2628526,17,4
2388978,17,3
2291340,17,3
1634892,17,2
1417209,17,3
1119542,17,1
403133,17,3
1473739,17,3
1772442,17,1
2425913,17,2
1334313,17,3
9597,17,3
648973,17,4
15865,17,2
880609,17,4
1783227,17,3
1828007,17,3
1006355,17,4
68336,17,4
2279934,17,3
2308518,17,3
261275,17,3
1616315,17,3
2105045,17,2
1284609,17,4
1270295,17,4
2185262,17,1
1641590,17,3
235894,17,3
1175935,17,3
1568583,17,2
2355151,17,2
1503164,17,2
1219025,17,3
1937443,17,3
823585,17,2
803932,17,4
19475,17,3
610905,17,4
1852396,17,4
1995967,17,2
935519,17,3
1239849,17,1
853890,17,3
1985225,17,3
351547,17,2
1657622,17,4
440469,17,3
167187,17,3
1850145,17,4
1397425,17,3
1431808,17,2
543135,17,3
1929056,17,3
34408,17,2
958643,17,3
2421733,17,4
779193,17,2
943590,17,2
740255,17,3
1044125,17,3
657842,17,2
2089494,17,1
1845838,17,2
1010143,17,2
422324,17,5
1287065,17,4
2177576,17,4
1395584,17,4
532744,17,4
1846130,17,2
817094,17,1
2209521,17,5
2381571,17,2
147884,17,3
2198745,17,1
1194280,17,1
747177,17,5
2386047,17,4
2165638,17,3
1459851,17,3
1118957,17,4
2169100,17,2
1941534,17,2
2107672,17,3
247986,17,3
1946202,17,2
439688,17,4
2338614,17,2
1541350,17,3
2602388,17,2
267619,17,4
800552,17,2
1438214,17,3
1470606,17,3
315143,17,3
2618336,17,2
2607368,17,3
379291,17,2
942568,17,1
1663871,17,2
826871,17,2
26995,17,3
1528881,17,4
885386,17,3
119816,17,4
616083,17,2
2128501,17,4
2112851,17,1
1332377,17,3
125687,17,1
2226424,17,5
2326969,17,3
894309,17,1
1073044,17,3
2479136,17,5
2197263,17,3
2032154,17,5
1614365,17,4
2609074,17,2
140082,17,2
911917,17,3
161767,17,2
1276904,17,3
1749593,17,4
289514,17,5
2276388,17,4
2554213,17,4
2224171,17,3
1814419,17,3
512828,17,3
945844,17,1
1903193,17,3
1824081,17,4
731988,17,3
1407153,17,4
1828994,17,1
1831385,17,2
296743,17,4
1798203,17,3
2289015,17,3
294270,17,3
1825543,17,4
476669,17,2
465139,17,3
2093403,17,3
1508633,17,3
867419,17,3
1174453,17,2
1421792,17,3
882898,17,3
212605,17,2
1995693,17,4
2228763,17,4
1444508,17,3
1340452,17,3
1631886,17,3
2276,17,3
667991,17,2
521245,17,2
48630,17,3
1518915,17,3
2221416,17,2
1484111,17,3
2216450,17,1
460308,17,3
2019580,17,3
1940851,17,3
1986641,17,3
1598488,17,3
1747135,17,4
1012178,17,2
705534,17,2
980529,17,3
2034400,17,4
589280,17,1
1900938,17,3
170178,17,3
255311,17,3
2151757,17,3
2135600,17,2
2195372,17,1
1891612,17,3
1543140,17,4
2215203,17,3
983452,17,3
2632273,17,1
640624,17,3
1097728,17,2
2380591,17,3
676545,17,3
2171589,17,3
1923432,17,3
1687424,17,2
954415,17,2
685488,17,3
602277,17,3
1205336,17,3
2469176,17,4
1511744,17,3
2108597,17,3
1118213,17,2
363869,17,1
1689344,17,4
515493,17,1
121182,17,3
2056022,17,2
1244721,17,4
1160371,17,3
1489091,17,2
2292593,17,3
2091132,17,3
418339,17,2
1637103,17,4
533067,17,4
1410553,17,2
279774,17,1
2493014,17,3
654632,17,3
1365052,17,1
2602672,17,4
2097996,17,4
1021172,17,3
606925,17,3
1789325,17,2
245430,17,4
494779,17,4
29836,17,3
793399,17,5
1276291,17,1
1533483,17,4
2266736,17,2
335033,17,3
1540296,17,4
2196094,17,3
2391138,17,3
1337026,17,3
2644282,17,5
1623857,17,2
1213778,17,4
1876756,17,1
2317849,17,4
2625707,17,1
291883,17,2
1277779,17,3
157016,17,2
1341447,17,4
1921387,17,2
146434,17,5
2068834,17,2
388549,17,4
1628616,17,2
148598,17,3
1904149,17,2
1878892,17,2
2040459,17,4
2276874,17,2
280721,17,3
1341710,17,2
1774642,17,3
1316184,17,2
62135,17,3
838950,17,4
1502042,17,3
410265,17,2
1718212,17,3
348567,17,4
433955,17,3
1082830,17,3
608026,17,4
2546686,17,1
1606779,17,3
316218,17,3
2502112,17,3
1004967,17,4
2537547,17,2
484796,17,3
397815,17,3
2203026,17,2
389985,17,2
1656952,17,3
1705814,17,3
578191,17,2
480115,17,3
1172601,17,3
2274850,17,1
1033855,17,3
666387,17,3
664659,17,2
49051,17,2
2047318,17,5
1874832,17,1
2383384,17,2
2009599,17,4
2200136,17,3
1706861,17,2
2038100,17,4
1986955,17,5
1347425,17,3
1955730,17,2
194926,17,2
789520,17,2
1840306,17,3
470494,17,3
1280006,17,3
950617,17,2
1803731,17,4
2188355,17,4
1765278,17,2
520626,17,3
822591,17,3
1576423,17,4
2624219,17,3
1184788,17,3
1183212,17,3
2335556,17,4
1589599,17,1
994829,17,3
426779,17,1
1128816,17,2
1321416,17,2
2240250,17,2
2633985,17,3
1757731,17,3
2166392,17,1
534052,17,4
2644199,17,3
733425,17,3
1385397,17,4
1834530,17,2
32668,17,3
2306764,17,1
744220,17,2
1057021,17,2
2221273,17,4
1905177,17,3
1320587,17,3
2485579,17,3
1921295,17,4
1018043,17,4
1969664,17,1
1401254,17,4
2069250,17,2
2135488,17,5
1047788,17,3
2317875,17,3
1227391,17,3
2186344,17,3
1780196,17,3
2345580,17,2
1452510,17,4
2107187,17,4
1940325,17,1
1751103,17,1
1961702,17,2
1062738,17,3
1788210,17,3
2286731,17,2
345655,17,4
2561086,17,3
1078644,17,3
809901,17,3
2253161,17,4
1621182,17,4
1193599,17,3
1446105,17,3
1975977,17,3
2649093,17,2
562689,17,4
1783938,17,4
1895875,17,2
1402151,17,3
1408301,17,4
338850,17,4
386325,17,3
1018018,17,2
1634643,17,3
1311550,17,2
718090,17,3
921083,17,4
303002,17,4
1856101,17,1
2422710,17,3
1503023,17,3
422467,17,3
250932,17,3
183140,17,1
560065,17,3
1469107,17,3
1729518,17,1
2027215,17,3
509277,17,4
1717116,17,5
2300853,17,5
152267,17,5
117959,17,5
840207,17,2
2338561,17,3
107734,17,4
879303,17,3
339616,17,4
1474318,17,5
2356355,17,3
432534,17,2
970008,17,2
1640731,17,3
1572097,17,4
2101842,17,3
520374,17,3
670488,17,4
1223907,17,3
1844584,17,2
2493205,17,1
2297101,17,4
1945548,17,2
7770,17,2
571704,17,3
2347848,17,4
579197,17,1
1631053,17,3
2160259,17,2
761621,17,3
1736630,17,3
718765,17,2
1665014,17,2
775383,17,3
2399350,17,3
844417,17,3
415605,17,2
767134,17,4
2220881,17,3
988741,17,4
1560582,17,4
2598242,17,3
2439519,17,3
928970,17,3
637867,17,2
2488660,17,3
2587702,17,1
49229,17,5
294213,17,3
1231594,17,1
628026,17,4
1467137,17,1
50725,17,4
632877,17,2
1231558,17,3
953110,17,4
1870067,17,2
698147,17,3
1684601,17,1
32510,17,4
340035,17,1
1225559,17,3
52507,17,3
1750077,17,3
943314,17,2
2303077,17,1
1229628,17,3
1911007,17,3
421514,17,3
1109973,17,2
1243734,17,3
2628622,17,5
1059530,17,2
1711351,17,2
772444,17,2
247665,17,1
920109,17,1
635117,17,3
258820,17,3
1031680,17,3
350103,17,2
771902,17,3
289316,17,1
1278662,17,5
912894,17,1
813946,17,3
255775,17,2
1500851,17,3
495609,17,2
625067,17,4
245617,17,3
1007057,17,4
2405948,17,3
841229,17,2
721577,17,3
2426275,17,2
2519675,17,2
568792,17,4
706076,17,3
1023836,17,4
1322387,17,3
1430510,17,3
1165301,17,3
1781075,17,4
116252,17,3
1123549,17,3
93389,17,3
1629925,17,3
1564643,17,3
446656,17,5
207423,17,3
537734,17,5
195568,17,3
2064861,17,5
1267371,17,2
1621615,17,3
1597273,17,5
139389,17,3
5087,17,4
188857,17,3
530446,17,5
212817,17,2
720503,17,3
836711,17,5
1761905,17,4
549747,17,2
2499642,17,2
1309117,17,2
2635599,17,2
1719025,17,1
2118461,17,3
1391556,17,2
1528036,17,3
1429169,17,4
2358866,17,3
960996,17,3
2329128,17,3
2416621,17,3
2177291,17,4
164885,17,2
2420760,17,3
1798600,17,5
689483,17,3
2629352,17,3
1135665,17,3
1201455,17,3
1861654,17,4
214934,17,1
1299450,17,2
1406428,17,3
884078,17,4
1633749,17,3
180249,17,4
332401,17,3
1004047,17,3
825406,17,2
1486001,17,3
1051683,17,3
139942,17,3
2169063,17,5
20223,17,5
1403894,17,3
1410595,17,3
1842592,17,3
1355792,17,1
1369752,17,3
1793972,17,2
1869882,17,4
1249449,17,4
1835277,17,3
1616210,17,3
1887178,17,3
984738,17,4
1251910,17,2
1979458,17,1
2334221,17,3
791025,17,5
2214590,17,4
2374530,17,4
1653510,17,3
1881473,17,3
1563875,17,3
695996,17,4
1351237,17,1
1207799,17,2
2167364,17,2
1604188,17,3
1651964,17,3
1603662,17,2
1782168,17,4
1636513,17,3
591591,17,1
44029,17,2
1177911,17,2
2304462,17,3
2397057,17,2
1663197,17,4
1837960,17,4
1125538,17,4
2131320,17,1
1953373,17,3
1711691,17,2
905550,17,3
1420013,17,2
1125516,17,3
488699,17,4
421901,17,1
841194,17,3
597377,17,3
1820712,17,2
1542741,17,4
1295562,17,4
345752,17,5
665476,17,1
874411,17,3
2361695,17,4
479087,17,2
2495177,17,3
240721,17,3
725207,17,4
1860587,17,3
387418,17,3
2153084,17,3
1303365,17,4
1146746,17,3
2505466,17,3
2261547,17,4
577074,17,5
181843,17,3
266036,17,3
971816,17,3
2594132,17,1
2468283,17,4
2063772,17,3
1607424,17,4
457826,17,3
1848140,17,1
15947,17,4
1727531,17,3
2214198,17,4
2527831,17,2
1354046,17,3
200938,17,2
1208902,17,2
147778,17,3
866117,17,2
2613884,17,2
1075576,17,4
917561,17,3
2367308,17,3
1634085,17,3
1640627,17,2
1960855,17,4
446160,17,4
1848970,17,2
2210945,17,4
673254,17,1
800256,17,3
170050,17,3
1166090,17,3
2487919,17,1
2337855,17,5
951289,17,2
1465214,17,1
136040,17,4
2340324,17,1
1231993,17,3
1044468,17,3
875926,17,3
1488261,17,3
490165,17,3
1046882,17,3
1727556,17,4
1930047,17,2
2447933,17,3
768148,17,2
865662,17,1
1014180,17,2
709391,17,3
173306,17,2
968600,17,5
2208814,17,3
419369,17,4
1883697,17,1
2359270,17,4
153180,17,3
2248748,17,3
1727234,17,3
2324310,17,2
1518647,17,3
1122432,17,2
1005962,17,3
625802,17,2
763028,17,1
1684119,17,4
2382571,17,3
520361,17,3
1711294,17,4
2447150,17,3
851463,17,3
871235,17,4
312341,17,4
1680327,17,4
1582516,17,2
54778,17,2
114084,17,3
1355806,17,3
2643005,17,2
848778,17,2
42262,17,4
2474372,17,2
916704,17,3
475318,17,1
204154,17,2
1114324,17,3
469137,17,2
1725934,17,4
349501,17,3
886506,17,3
2016801,17,2
1172474,17,4
399192,17,1
1181077,17,1
1624581,17,1
1393039,17,3
2314006,17,3
1328748,17,3
107379,17,3
2231134,17,2
2070732,17,3
1533618,17,2
944600,17,3
2381557,17,5
2190401,17,4
1716770,17,3
376197,17,5
587809,17,5
2497340,17,3
2251092,17,1
370622,17,3
2617121,17,3
2367955,17,1
2495257,17,5
594729,17,3
1417334,17,3
124971,17,4
2618211,17,3
2092505,17,2
160972,17,3
249670,17,3
79354,17,5
2539375,17,3
89718,17,2
2521398,17,4
1661072,17,4
1506727,17,2
11857,17,3
1907085,17,4
1206927,17,4
725615,17,1
2362189,17,4
516435,17,4
1011325,17,2
466290,17,2
2096394,17,2
35580,17,2
1388146,17,4
280112,17,3
2158184,17,2
1683475,17,5
940476,17,1
1903703,17,3
34589,17,2
1195803,17,4
1510107,17,3
930550,17,2
328106,17,3
1906611,17,3
1642491,17,1
2095910,17,2
90729,17,1
309005,17,5
2585474,17,3
2402139,17,2
54492,17,4
2486015,17,2
1068883,17,1
225258,17,3
1856158,17,2
1157470,17,3
273404,17,1
1209522,17,2
2274004,17,5
1150705,17,1
1457551,17,4
2330918,17,2
2458886,17,4
564647,17,4
1877380,17,3
355487,17,5
1743131,17,3
2568117,17,2
1196966,17,2
1180659,17,1
585137,17,3
1659304,17,3
832390,17,2
1331908,17,2
622702,17,5
2476409,17,2
778442,17,1
2033742,17,2
828468,17,3
2072710,17,1
16273,17,3
1981979,17,3
1121106,17,3
1383431,17,1
2630,17,2
1377639,17,4
645921,17,3
927636,17,2
697190,17,5
351523,17,3
370864,17,4
1269287,17,3
1533032,17,4
327440,17,4
2027590,17,3
1441961,17,4
1942483,17,4
42445,17,5
1932594,17,3
2619665,17,4
1711208,17,1
263948,17,3
541080,17,1
137259,17,4
168000,17,2
1962459,17,3
1789467,17,4
644114,17,3
646678,17,3
1890179,17,3
715856,17,2
269739,17,3
974375,17,3
159727,17,4
811903,17,2
1645904,17,3
297382,17,4
1927834,17,2
1684096,17,2
1308669,17,4
1379778,17,4
1478117,17,4
654410,17,3
1630822,17,3
2320222,17,2
1690575,17,2
395434,17,3
2081551,17,2
1177335,17,5
2474306,17,2
987894,17,5
261037,17,3
297929,17,3
1002718,17,3
2186938,17,3
271379,17,1
2307623,17,1
1920933,17,4
1023432,17,4
1904024,17,2
1692249,17,2
1013391,17,4
635874,17,3
2196582,17,3
2291274,17,2
2041397,17,2
2530993,17,3
898123,17,2
58648,17,4
2072360,17,1
1492407,17,1
1808512,17,3
1606059,17,3
954589,17,1
1129848,17,3
2265170,17,3
99680,17,3
2295554,17,4
1154263,17,2
2108527,17,3
277739,17,1
2058158,17,1
1674266,17,2
1359065,17,3
2586387,17,3
2048809,17,4
2229377,17,2
636224,17,2
1368650,17,2
1855864,17,1
1616626,17,4
179087,17,2
1456226,17,2
107495,17,2
2491716,17,3
1329058,17,3
1487381,17,3
201161,17,3
2349167,17,2
2402258,17,3
2326426,17,3
588592,17,4
323253,17,3
1100109,17,3
229338,17,4
2381951,17,3
6504,17,3
2474263,17,4
2120970,17,3
1780014,17,5
420786,17,1
149689,17,2
758023,17,3
2280704,17,2
2603301,17,3
2549774,17,2
1577387,17,3
2030659,17,4
2513983,17,3
1955352,17,5
88661,17,4
300757,17,3
1002660,17,4
2193561,17,3
161822,17,3
2007970,17,1
1911744,17,3
1009594,17,1
124251,17,3
1904657,17,1
808523,17,4
602664,17,3
2473261,17,1
693862,17,4
1603671,17,3
196410,17,2
1238089,17,3
2291202,17,2
1269031,17,2
204341,17,5
1041084,17,3
342194,17,3
1848709,17,4
322270,17,3
2284144,17,4
1614387,17,4
594255,17,4
1728361,17,2
2629195,17,2
1705084,17,3
2305551,17,5
1257336,17,4
1371339,17,4
2374380,17,3
2279661,17,3
1047618,17,5
1643323,17,3
206736,17,4
2575787,17,3
755497,17,3
975257,17,4
2165653,17,5
1722486,17,3
2478316,17,3
2542333,17,3
1191813,17,3
991359,17,3
1461435,17,2
2458826,17,2
1662263,17,3
2557824,17,5
1550961,17,1
1702008,17,3
2523369,17,4
2493713,17,3
2214361,17,3
1155708,17,3
2121440,17,3
27527,17,4
942523,17,4
105441,17,3
1627405,17,4
2027602,17,3
119279,17,3
1001057,17,3
955799,17,4
2273713,17,4
2309627,17,3
402775,17,5
407223,17,1
37547,17,3
2256005,17,3
1292272,17,5
1453928,17,1
726342,17,4
1278565,17,4
2183328,17,5
916772,17,3
266209,17,4
222563,17,3
966808,17,2
723986,17,2
1274091,17,4
2386889,17,4
33090,17,3
155761,17,3
770003,17,3
2429367,17,3
744606,17,4
2041854,17,3
2417918,17,2
1210181,17,4
990491,17,3
675059,17,5
443346,17,5
1545107,17,3
2052789,17,3
290874,17,3
982709,17,3
1058309,17,2
679728,17,3
1930826,17,3
777805,17,3
2548032,17,4
874732,17,4
1460750,17,4
1122282,17,3
886442,17,3
1502513,17,1
209230,17,2
1598545,17,3
542228,17,3
1765801,17,4
1469921,17,4
1467035,17,3
609354,17,3
2012561,17,3
1309924,17,3
1770299,17,1
1707646,17,4
1757621,17,2
1066475,17,2
775308,17,4
2285417,17,2
209550,17,4
243499,17,2
1548552,17,3
312232,17,2
708528,17,2
2584555,17,5
1693092,17,1
375195,17,3
898640,17,2
2291755,17,3
446767,17,3
1479058,17,2
1240794,17,3
1099833,17,2
935453,17,3
1258802,17,1
2203749,17,5
899284,17,3
1409675,17,3
2384478,17,2
2150546,17,3
1476084,17,5
283023,17,3
127797,17,1
1447561,17,1
229033,17,3
1711270,17,3
184596,17,3
2612324,17,4
119370,17,1
1453522,17,3
2390673,17,1
2315572,17,3
1154755,17,4
422585,17,2
2352992,17,2
2322387,17,2
404723,17,2
2136912,17,2
1292050,17,2
241051,17,3
2503630,17,2
2032138,17,4
1696047,17,3
635295,17,4
2555694,17,2
1447474,17,3
2142015,17,2
2440538,17,2
1167040,17,3
785605,17,5
1163115,17,4
1787619,17,3
274727,17,3
33083,17,3
329975,17,4
2104444,17,3
2029482,17,3
105132,17,1
242103,17,4
833884,17,3
767792,17,1
1576126,17,2
1447758,17,3
602642,17,5
2361369,17,3
1390290,17,3
486048,17,2
1246469,17,4
1317086,17,3
2126773,17,4
863163,17,2
682894,17,4
1952409,17,3
385834,17,3
239658,17,2
2054186,17,4
479982,17,1
2507184,17,3
2099372,17,3
1373087,17,1
1209880,17,2
1967540,17,3
2185960,17,2
2593204,17,4
2465247,17,3
657315,17,4
225394,17,3
1625290,17,3
40949,17,5
395796,17,1
371358,17,2
2077664,17,1
2148067,17,2
2298279,17,3
2350143,17,1
2295235,17,3
607797,17,4
386740,17,2
1906092,17,2
1596022,17,2
958464,17,3
987087,17,3
1598792,17,1
1001994,17,2
627804,17,2
466669,17,3
136477,17,2
370012,17,1
521850,17,3
102125,17,4
938352,17,3
2337316,17,2
2225399,17,2
765265,17,3
2128468,17,1
2089805,17,4
1981906,17,3
2432256,17,3
247248,17,3
1155797,17,1
1586139,17,1
347351,17,2
442980,17,4
2492108,17,3
1979322,17,3
486426,17,3
145402,17,4
697695,17,3
2425944,17,4
1268006,17,2
1200792,17,2
2546997,17,3
1762967,17,5
2422704,17,3
1600960,17,3
160665,17,3
515278,17,3
1315353,17,1
827801,17,4
2427394,17,3
1462424,17,1
754663,17,4
2369506,17,3
941930,17,5
298303,17,2
790348,17,3
1253633,17,4
1724115,17,2
646277,17,5
153018,17,4
409327,17,2
1047217,17,3
229570,17,1
1409415,17,1
2432644,17,3
771858,17,4
2311983,17,5
2134365,17,3
994056,17,5
48348,17,2
2561600,17,2
255075,17,1
242896,17,4
2096960,17,3
2434060,17,2
563646,17,3
7550,17,3
2315005,17,1
323402,17,1
454680,17,4
365174,17,3
2247481,17,1
930983,17,5
1752463,17,3
996173,17,2
430398,17,1
381345,17,1
1186427,17,3
1321668,17,3
1367040,17,2
1700549,17,4
1709897,17,4
1783389,17,2
1967944,17,2
2413272,17,3
998236,17,3
756826,17,4
1030712,17,2
2563316,17,3
176219,17,3
244077,17,3
2067516,17,5
2258149,17,3
530991,17,4
1362327,17,2
2355940,17,4
282936,17,3
390548,17,1
1910063,17,3
1753097,17,2
809497,17,3
2605179,17,2
1847120,17,5
1441588,17,4
461744,17,4
124875,17,3
1587054,17,3
2010848,17,2
1345074,17,2
1133974,17,3
293852,17,4
1468944,17,3
2247375,17,4
1083531,17,2
507519,17,1
162641,17,3
57193,17,3
1316599,17,3
660837,17,2
1390609,17,3
494896,17,3
1740741,17,3
763160,17,2
496576,17,3
659928,17,4
1099603,17,1
1735594,17,4
1503946,17,3
1396663,17,2
727547,17,1
1541829,17,4
448504,17,4
2256582,17,4
1952776,17,3
1033930,17,3
88494,17,3
1035962,17,3
715560,17,2
2104407,17,2
1175320,17,1
865027,17,3
1029622,17,3
2386274,17,3
149874,17,3
356467,17,4
945299,17,3
1600410,17,3
449749,17,3
1527328,17,2
1424682,17,2
1117062,17,2
2159980,17,2
858561,17,3
2640434,17,3
1210364,17,1
1795611,17,3
2628278,17,3
39450,17,5
568349,17,3
841190,17,1
461898,17,3
506897,17,3
2378918,17,3
257285,17,3
78235,17,2
1655144,17,2
1197602,17,2
2356145,17,2
234325,17,2
39375,17,3
1501344,17,4
2087093,17,3
326502,17,3
1902899,17,3
310867,17,2
871833,17,3
1577347,17,3
753090,17,4
1160045,17,2
1249238,17,3
2111936,17,3
662966,17,4
2086904,17,3
1715522,17,3
317282,17,3
2099553,17,3
2229515,17,3
1250320,17,4
162349,17,2
280176,17,3
2242934,17,4
2290889,17,3
946411,17,3
773271,17,1
2067905,17,3
2571331,17,3
308990,17,2
2081233,17,3
1363753,17,3
1531980,17,3
64717,17,4
1553929,17,3
1912213,17,4
2267104,17,2
1090420,17,3
5017,17,4
396227,17,3
1163003,17,5
1834501,17,3
1813194,17,3
2094379,17,4
2129241,17,2
649069,17,4
555214,17,5
62317,17,4
1997020,17,3
1053048,17,4
204101,17,3
2185202,17,4
2643383,17,3
1316400,17,3
1278577,17,3
2565720,17,3
481838,17,3
1232890,17,3
2348633,17,3
2477041,17,2
2134981,17,3
1119073,17,3
1950585,17,4
1479257,17,2
1667807,17,2
2349702,17,3
2188353,17,3
940535,17,2
1825996,17,4
683254,17,3
424387,17,2
1451273,17,3
1892354,17,3
818450,17,4
775843,17,3
1508638,17,3
1401996,17,2
986482,17,2
486259,17,2
2293072,17,4
820972,17,3
330314,17,1
2533317,17,1
1812067,17,3
504630,17,3
1472059,17,3
2035438,17,3
587428,17,4
548226,17,4
2022141,17,2
431577,17,2
1788613,17,2
1976137,17,3
267910,17,2
2265891,17,2
811252,17,4
1185782,17,4
88568,17,4
2517139,17,3
2238060,17,4
938146,17,2
1697186,17,4
1784004,17,2
2266859,17,3
663051,17,3
1818994,17,4
2573688,17,3
628587,17,4
2445914,17,2
353312,17,1
237524,17,2
471382,17,4
2512453,17,2
1226275,17,4
2503070,17,2
1886573,17,5
460616,17,4
288211,17,4
645924,17,1
2496762,17,3
512469,17,3
1703127,17,2
102798,17,3
585953,17,3
1581265,17,3
2562394,17,2
2250232,17,2
2370300,17,3
1572521,17,5
2320323,17,4
336960,17,4
2021893,17,1
2290481,17,3
890183,17,2
914326,17,2
2268019,17,2
435771,17,3
1126218,17,4
2545922,17,2
153109,17,3
680238,17,2
338000,17,3
845185,17,4
437592,17,1
343481,17,2
182688,17,3
1670173,17,4
267841,17,3
2622838,17,3
1270980,17,3
239518,17,2
2143604,17,3
2402883,17,3
41308,17,3
156208,17,2
2405311,17,2
1802173,17,4
2104326,17,1
1406377,17,1
2567709,17,3
1259287,17,5
2403299,17,1
2490477,17,2
1341830,17,2
2604947,17,2
1522494,17,4
751616,17,3
630026,17,3
1664726,17,1
1237152,17,4
325338,17,1
2409554,17,4
1852687,17,3
1301032,17,4
2479631,17,3
1257454,17,2
1451792,17,2
1638833,17,3
575728,17,3
1741944,17,3
2031018,17,4
543229,17,3
2588283,17,4
715294,17,2
1349577,17,2
599570,17,4
835024,17,3
170126,17,3
1743073,17,2
357708,17,3
532583,17,3
1235639,17,1
2465506,17,5
2324445,17,3
79556,17,2
2497026,17,1
1762062,17,4
2505962,17,2
399032,17,4
903295,17,3
2127829,17,4
844750,17,5
84102,17,3
1073842,17,4
1136188,17,4
1900424,17,4
394389,17,3
1563443,17,2
905660,17,3
1515628,17,2
2265489,17,3
2269100,17,4
307996,17,3
1670385,17,3
928162,17,4
660421,17,3
1290145,17,2
806666,17,4
1275790,17,3
2039140,17,3
1605011,17,1
581002,17,2
1974046,17,4
1867761,17,1
838776,17,3
2151497,17,3
1019552,17,2
162313,17,3
346790,17,5
25298,17,2
228540,17,1
1135129,17,5
1284233,17,3
1869442,17,1
1120026,17,4
391521,17,3
644429,17,3
830158,17,1
581775,17,1
2000256,17,3
1659679,17,3
1590089,17,4
2088991,17,4
1389500,17,3
702244,17,3
1420080,17,1
300104,17,3
1630815,17,3
2429294,17,3
249322,17,5
94396,17,1
259165,17,5
111824,17,1
1425823,17,2
2084200,17,1
2290189,17,3
1588693,17,1
1357209,17,3
1877590,17,5
1982335,17,2
395168,17,2
1862751,17,3
1195285,17,5
1743595,17,3
1973376,17,5
2231733,17,3
2482672,17,3
1913810,17,2
2031937,17,3
2466127,17,3
362038,17,3
984482,17,3
549204,17,4
1073670,17,3
2052430,17,3
2572654,17,3
706405,17,4
1406267,17,3
2401635,17,3
135229,17,3
87972,17,2
540694,17,5
694785,17,3
1112565,17,3
1058560,17,1
431783,17,2
2073509,17,3
1603468,17,2
2544678,17,4
101842,17,3
1825050,17,5
1979190,17,2
368040,17,2
1265699,17,3
985735,17,2
952173,17,1
1440885,17,4
280969,17,3
298221,17,3
953667,17,4
351106,17,3
1718477,17,4
664475,17,4
609601,17,4
1626770,17,3
1165469,17,2
2286742,17,2
170915,17,5
1723416,17,3
677659,17,3
1461604,17,3
1567971,17,4
2013153,17,3
674013,17,4
1923919,17,3
467094,17,3
1573680,17,2
2195600,17,3
1167064,17,3
1124200,17,3
2365226,17,4
2207031,17,2
91832,17,3
1218802,17,2
1150264,17,2
2076631,17,3
1694524,17,3
1716938,17,3
1002870,17,3
2234732,17,4
731125,17,2
1998489,17,2
263188,17,5
1321695,17,4
1190335,17,3
789449,17,3
2628722,17,2
1168758,17,3
817616,17,3
217762,17,3
795113,17,3
1011695,17,2
1335271,17,2
957726,17,2
1857763,17,3
1726499,17,3
1164940,17,4
965730,17,2
317908,17,3
461095,17,3
97378,17,4
77293,17,3
1017753,17,4
1906890,17,5
1454123,17,5
1574599,17,2
2011157,17,3
586443,17,3
395298,17,3
259457,17,3
2459200,17,2
1247034,17,4
1713119,17,3
2517336,17,2
1414116,17,3
1187692,17,4
381812,17,1
1367834,17,3
2429938,17,3
568194,17,4
1073184,17,2
222983,17,2
845841,17,4
1253689,17,3
2096807,17,2
1666693,17,1
373540,17,4
2381256,17,3
361617,17,3
1420944,17,3
1283745,17,3
2546703,17,1
2122465,17,4
121369,17,3
1169724,17,2
1401506,17,1
826864,17,2
1626164,17,4
1790205,17,3
732278,17,2
2431231,17,3
1474178,17,3
2329397,17,4
1157302,17,4
2040088,17,3
1501991,17,3
2255333,17,3
2158701,17,3
1695864,17,3
439974,17,3
1698334,17,4
996666,17,4
2345912,17,3
441502,17,3
119790,17,3
953604,17,3
757085,17,3
1011867,17,2
849637,17,3
115527,17,3
1518164,17,3
510438,17,3
1937302,17,3
1074199,17,4
2300163,17,3
44869,17,1
697771,17,1
143182,17,2
1947627,17,1
415674,17,1
1121818,17,5
152050,17,3
1528326,17,4
1993730,17,3
1133648,17,4
851994,17,2
593325,17,3
852256,17,2
1433825,17,2
1610656,17,1
1054248,17,4
1837159,17,3
1168796,17,3
1502812,17,3
1041553,17,3
142616,17,1
585781,17,3
411881,17,3
1495792,17,3
1386134,17,3
1222252,17,2
2631614,17,3
1538415,17,3
719616,17,2
485249,17,4
1266344,17,4
13462,17,3
2252185,17,2
852023,17,3
1274035,17,3
542597,17,3
2054131,17,2
292239,17,3
1342462,17,2
843503,17,3
1832075,17,2
1492203,17,3
2509195,17,3
323241,17,5
43164,17,2
234191,17,3
156770,17,3
965381,17,2
1056061,17,3
256452,17,3
399760,17,3
1315649,17,4
1101162,17,2
1144665,17,4
255856,17,3
1977116,17,1
745033,17,2
2277532,17,4
516110,17,3
2405356,17,2
535491,17,2
459564,17,2
2421206,17,3
87114,17,3
2058605,17,4
1763571,17,2
2386651,17,1
995782,17,1
2366568,17,3
1366085,17,3
675886,17,2
2003899,17,3
951329,17,4
2144207,17,5
2317644,17,5
1981778,17,4
1956273,17,3
2597035,17,2
1210925,17,4
1076520,17,4
2146418,17,2
211384,17,1
2223501,17,3
1269528,17,3
1198017,17,3
234275,17,2
1310831,17,2
283364,17,3
1219640,17,3
1933939,17,5
1276558,17,2
289227,17,3
1249136,17,3
269495,17,3
878751,17,4
2516028,17,2
477466,17,3
976904,17,4
227541,17,3
43313,17,4
2076203,17,4
396585,17,3
491907,17,4
1293320,17,5
2242719,17,2
516948,17,4
405058,17,2
1608708,17,3
208255,17,4
