1744889,24,4
543981,24,3
2360117,24,3
1907667,24,3
247794,24,3
461110,24,3
705603,24,4
409415,24,3
489613,24,3
305197,24,3
295983,24,3
440723,24,3
567279,24,2
896780,24,3
2127722,24,1
1606064,24,3
2088663,24,3
2343417,24,3
2080855,24,4
931005,24,2
1216387,24,1
1213587,24,4
2551641,24,2
403531,24,5
2459774,24,1
1821073,24,3
1810235,24,4
1735827,24,4
1977959,24,2
298900,24,3
2541863,24,3
47411,24,4
2645579,24,3
2063030,24,2
1998055,24,2
1691201,24,1
396576,24,3
1532735,24,3
922922,24,3
2217731,24,3
200255,24,3
1105843,24,3
530995,24,3
2608552,24,4
1518964,24,1
1486253,24,4
1197928,24,4
1794276,24,1
2268573,24,2
2191844,24,5
507921,24,3
1455234,24,4
1810944,24,2
1488926,24,2
1684328,24,2
1888772,24,2
947651,24,1
122431,24,3
2030523,24,4
262411,24,4
205247,24,4
1173459,24,3
599628,24,2
1989649,24,3
141745,24,1
125296,24,3
875796,24,3
405837,24,3
1095930,24,3
1645535,24,3
39526,24,4
1618191,24,1
809943,24,2
1776306,24,1
2245510,24,3
2509588,24,4
1279939,24,5
1673185,24,2
1165045,24,4
1181550,24,3
1227322,24,1
916348,24,2
257071,24,4
2574940,24,5
1752827,24,2
2220209,24,3
1551042,24,3
1348335,24,3
429680,24,4
495813,24,2
665953,24,3
1580481,24,3
2302786,24,3
1366054,24,3
1843132,24,3
1332388,24,2
1154813,24,3
2302850,24,4
786312,24,3
1509566,24,3
8158,24,3
1015558,24,3
1203779,24,4
1189269,24,5
2266083,24,3
73103,24,2
649969,24,5
1321396,24,3
2364099,24,4
2009204,24,3
1452198,24,3
977798,24,4
2119007,24,2
1602973,24,2
1663295,24,2
116390,24,3
566819,24,2
2399376,24,2
1932377,24,3
848193,24,4
31835,24,4
915182,24,4
423540,24,4
1906860,24,3
273945,24,4
2117038,24,5
1427332,24,2
2429724,24,4
2495584,24,5
819314,24,1
831988,24,3
355653,24,5
1066926,24,2
2638586,24,4
158197,24,2
1898907,24,4
544147,24,5
1018901,24,3
1226844,24,4
717542,24,2
1979202,24,5
680329,24,4
556776,24,2
294908,24,4
108442,24,4
819103,24,4
2350908,24,3
2597964,24,4
509671,24,2
1757738,24,3
1001129,24,3
641144,24,2
1773507,24,2
1820960,24,2
2481642,24,2
2077104,24,4
706198,24,3
1690251,24,2
631747,24,2
565589,24,4
257294,24,3
2561713,24,3
688908,24,3
938934,24,3
1250138,24,3
1354909,24,4
937784,24,3
2640550,24,2
1032694,24,3
2001861,24,3
419599,24,1
168837,24,3
1620201,24,3
65493,24,3
712297,24,3
14642,24,3
1631433,24,2
253462,24,3
1898431,24,4
727242,24,1
49585,24,2
1309839,24,3
1166310,24,3
883478,24,2
1928597,24,3
2538248,24,3
1539697,24,3
52029,24,2
502767,24,3
1519723,24,2
884944,24,2
1725009,24,3
1693122,24,2
882429,24,3
1998824,24,4
2397914,24,2
235789,24,4
1527407,24,4
627975,24,4
1607940,24,3
2598046,24,1
2371384,24,3
1486225,24,3
739148,24,3
2064252,24,2
2171718,24,3
1582794,24,2
507378,24,5
1251664,24,2
1991674,24,1
1015529,24,3
169311,24,3
1328954,24,2
1792741,24,1
1546749,24,1
1314869,24,4
607904,24,5
1144771,24,3
1698546,24,4
1267783,24,3
2322224,24,2
1255703,24,1
574499,24,4
967190,24,4
2004274,24,2
1130133,24,3
1628552,24,3
1739393,24,3
796389,24,4
582730,24,5
395483,24,3
333986,24,3
236574,24,1
735078,24,4
2048858,24,3
769929,24,3
2237185,24,4
1849541,24,3
677885,24,3
1166912,24,2
84266,24,4
1265054,24,2
1412898,24,3
974823,24,2
579391,24,2
1819353,24,4
1833412,24,3
1718527,24,4
84721,24,2
2014204,24,5
382316,24,3
102919,24,3
2391686,24,3
1656149,24,2
2034955,24,2
1755371,24,4
1389360,24,4
2439493,24,1
2081709,24,5
1694373,24,3
860246,24,2
1987049,24,4
710385,24,3
44887,24,2
1034714,24,1
1152930,24,4
2602696,24,5
236624,24,4
458471,24,4
1147370,24,3
551743,24,3
1134379,24,3
1656895,24,2
338416,24,2
1626620,24,3
969879,24,2
728341,24,1
124121,24,3
968251,24,5
731321,24,3
110472,24,4
1826163,24,2
54256,24,3
314044,24,3
2026703,24,2
72541,24,2
341802,24,2
276490,24,4
523416,24,4
871698,24,4
883512,24,2
1709347,24,1
612656,24,5
1558516,24,4
2361804,24,2
641643,24,3
896927,24,4
2406406,24,2
1430108,24,3
290700,24,4
1229969,24,2
1641213,24,4
2145781,24,4
492714,24,2
460092,24,3
2204991,24,3
498214,24,2
1875140,24,3
2536712,24,2
1767421,24,2
304384,24,1
2175611,24,3
135973,24,4
2474624,24,3
522520,24,4
2373402,24,1
1043979,24,1
2576843,24,3
981600,24,3
265499,24,5
1130061,24,4
2313950,24,3
525679,24,3
2612172,24,3
684876,24,1
2636378,24,4
556429,24,3
2578541,24,4
391201,24,1
2155681,24,1
141876,24,3
2389367,24,2
828444,24,3
326804,24,1
858574,24,4
1473980,24,4
2488357,24,3
136854,24,4
1300020,24,1
1990611,24,4
10192,24,1
781670,24,2
723486,24,2
1915462,24,4
2362591,24,2
873447,24,3
2446979,24,5
598699,24,3
1887657,24,3
2040859,24,1
1115567,24,5
2264426,24,2
678212,24,3
1471523,24,1
1784430,24,3
1991118,24,3
2158444,24,3
258337,24,3
465558,24,4
1329779,24,2
2525160,24,5
2091736,24,3
847536,24,4
1110156,24,2
1412189,24,3
613438,24,3
1343377,24,3
935732,24,4
1784645,24,2
646634,24,2
223526,24,5
1252521,24,4
878633,24,3
1268699,24,3
1436357,24,3
496267,24,5
1114362,24,2
297809,24,3
757456,24,4
260255,24,5
1594788,24,1
1494429,24,3
433426,24,2
1934643,24,1
2567140,24,2
290483,24,4
2333602,24,4
2591759,24,2
1774452,24,3
2618515,24,3
1364878,24,3
2460268,24,2
1575323,24,3
2579734,24,1
568177,24,3
1089356,24,2
1119113,24,3
1846965,24,3
1230535,24,1
1903324,24,1
1087416,24,5
734773,24,3
1588604,24,2
447836,24,3
1004379,24,4
731823,24,3
865920,24,3
1147641,24,1
1806446,24,3
2332765,24,4
875723,24,4
229950,24,2
593799,24,3
1501943,24,4
1091873,24,3
154131,24,3
1732585,24,4
2248080,24,3
1125150,24,2
2604566,24,4
1986034,24,3
1815588,24,3
428653,24,5
2645476,24,4
804482,24,4
1322233,24,4
1592339,24,1
1242529,24,2
960776,24,2
103781,24,2
1401233,24,4
406359,24,2
1243460,24,4
1154952,24,4
1161256,24,3
596995,24,2
597626,24,4
1158822,24,3
2457095,24,1
115761,24,2
1184861,24,3
2224061,24,3
1644089,24,1
2095697,24,5
321089,24,3
85747,24,3
548053,24,3
2627800,24,2
1876520,24,1
1396967,24,4
2320808,24,1
1750102,24,3
881355,24,3
775439,24,3
101635,24,5
1105029,24,3
1974604,24,4
61884,24,5
1383691,24,2
1365379,24,4
2369316,24,4
378364,24,2
2398923,24,2
979548,24,4
1333759,24,5
133289,24,3
1392168,24,3
605299,24,5
1987727,24,3
1355647,24,3
924576,24,3
2344985,24,5
107776,24,2
1638162,24,4
370466,24,5
735560,24,5
2051278,24,5
1244345,24,3
596620,24,1
2253829,24,4
363881,24,1
681587,24,3
760481,24,2
1844442,24,3
1475475,24,4
1167536,24,3
838669,24,4
1368684,24,3
450111,24,3
1732840,24,2
270174,24,3
1478444,24,2
721369,24,3
2338157,24,1
806443,24,4
39809,24,5
1500112,24,2
1106241,24,1
91701,24,3
568333,24,3
1915568,24,4
598584,24,5
2008504,24,3
1583631,24,4
2029979,24,1
184705,24,3
2181309,24,3
630008,24,5
1783039,24,2
2585812,24,2
2316337,24,4
2285986,24,2
1725868,24,4
261611,24,4
799442,24,4
290360,24,3
1270812,24,4
520473,24,3
341649,24,2
1561857,24,3
2366229,24,3
1517632,24,4
1207251,24,3
2456613,24,3
2551266,24,3
1914553,24,3
816213,24,2
860520,24,3
1530748,24,4
797951,24,4
275433,24,2
1781198,24,4
750324,24,5
993544,24,3
506372,24,4
2341852,24,4
2618927,24,1
1256752,24,5
2051681,24,4
639089,24,3
259431,24,3
1711975,24,3
201242,24,5
1298629,24,4
1830000,24,1
1463254,24,3
2083367,24,3
729527,24,3
581952,24,4
1250989,24,3
1989573,24,4
1069105,24,2
361886,24,1
1969285,24,3
1495111,24,4
1032529,24,2
2038225,24,4
1951709,24,4
998185,24,3
623496,24,3
1984022,24,3
517176,24,2
3998,24,4
422485,24,3
157667,24,3
2141136,24,2
1750007,24,3
201783,24,3
691775,24,4
2159883,24,5
1164546,24,1
910339,24,3
1072072,24,3
1478134,24,4
2383662,24,2
1071510,24,3
1527676,24,2
1500014,24,4
1526244,24,3
510834,24,4
2442646,24,3
315912,24,3
1072312,24,2
307177,24,5
1664010,24,5
1438291,24,4
630835,24,3
1902838,24,1
2296108,24,3
296452,24,1
2442353,24,3
66717,24,4
2238450,24,3
1114084,24,2
1617721,24,3
1737529,24,2
2374782,24,4
1865214,24,4
2135073,24,4
1365750,24,3
1198528,24,3
1800701,24,3
2259174,24,4
2360851,24,3
1025008,24,4
66352,24,4
576990,24,1
1181609,24,3
1806193,24,4
1995052,24,2
406841,24,1
332300,24,1
1521272,24,2
1410312,24,3
1010516,24,5
1480932,24,2
2267077,24,2
1658868,24,4
2264751,24,5
1731888,24,3
1818447,24,3
2282493,24,4
1811688,24,4
1788823,24,3
1510915,24,2
553817,24,2
455024,24,3
1984604,24,1
1044269,24,2
1627297,24,4
2263041,24,1
2250305,24,1
1725470,24,2
2018908,24,2
1138840,24,3
1232675,24,3
877394,24,4
499225,24,1
562811,24,2
1347916,24,3
1394012,24,1
1312635,24,1
851111,24,3
2382338,24,4
873713,24,1
1968862,24,3
285330,24,1
521081,24,2
2337634,24,2
1606186,24,3
2189452,24,1
1505732,24,4
1925327,24,5
656323,24,3
1765896,24,2
2442177,24,2
192947,24,2
2245245,24,4
2648885,24,3
1117152,24,5
2061879,24,5
580056,24,3
256033,24,4
965050,24,2
2050529,24,5
920168,24,3
10574,24,2
2475544,24,2
279966,24,3
1942793,24,5
1143068,24,4
1553153,24,4
1535022,24,4
2618075,24,3
211022,24,4
1908871,24,3
2080549,24,4
1298511,24,3
2617185,24,3
2016667,24,4
1201884,24,3
2199355,24,3
795380,24,3
1527392,24,1
1181943,24,3
1935592,24,5
1751563,24,3
525071,24,3
2098138,24,3
2578414,24,3
684531,24,2
1248506,24,2
2522005,24,4
504865,24,2
1516199,24,5
2198341,24,3
2011043,24,3
1704223,24,1
436023,24,3
1493030,24,2
1718526,24,3
2100306,24,3
2647888,24,2
1132203,24,3
2607300,24,3
71594,24,3
1399457,24,5
782075,24,5
1433720,24,2
1833119,24,3
1458094,24,4
442276,24,4
248904,24,3
2290732,24,3
973487,24,2
1002943,24,3
1094019,24,4
952063,24,3
109285,24,2
68769,24,5
266652,24,1
2239922,24,2
10374,24,4
417898,24,3
370641,24,3
1187026,24,3
1251017,24,3
1642237,24,2
2627190,24,3
2264371,24,3
773416,24,2
3321,24,1
853135,24,1
2187654,24,3
567875,24,1
1697865,24,3
1421402,24,3
2404682,24,5
1772901,24,3
825819,24,3
2447051,24,4
1974302,24,2
2056368,24,3
2317854,24,4
403769,24,3
1306348,24,3
1339740,24,3
1835613,24,5
2170242,24,3
21386,24,3
2036973,24,3
896854,24,3
1786048,24,1
2186820,24,2
1933788,24,4
2071037,24,4
2534061,24,1
1188144,24,5
1626711,24,2
186728,24,4
438340,24,2
294112,24,5
849580,24,4
1900445,24,2
2370241,24,4
2519299,24,3
461371,24,3
115821,24,3
2284890,24,3
2484673,24,5
1133611,24,3
1011282,24,3
1278807,24,3
1787418,24,3
522710,24,3
2222062,24,2
2147223,24,5
313561,24,4
386947,24,3
2282510,24,3
2238629,24,2
253275,24,5
920065,24,1
1279660,24,2
2215647,24,2
1128645,24,3
218859,24,2
45392,24,3
1139131,24,3
2151148,24,3
408457,24,2
1687562,24,4
1954061,24,3
1518081,24,1
1851346,24,4
1411055,24,3
2544967,24,3
831144,24,2
2461835,24,4
1769206,24,2
1615335,24,4
1573566,24,4
851330,24,3
1996328,24,3
1399783,24,3
516276,24,3
1416034,24,2
986794,24,3
1399890,24,2
475368,24,3
2496512,24,5
2105130,24,4
716173,24,4
1301243,24,2
2003244,24,3
239825,24,3
1539884,24,1
1265711,24,4
1299887,24,4
1941862,24,3
798296,24,1
1233091,24,3
1671521,24,1
621880,24,3
2126942,24,5
135932,24,3
1015663,24,2
1291392,24,4
504620,24,1
16272,24,2
2267322,24,3
1531342,24,5
2390588,24,2
274652,24,4
589962,24,2
728385,24,3
1428050,24,4
1647347,24,4
1812382,24,3
2401136,24,3
452121,24,3
431116,24,4
962164,24,2
1276397,24,2
729150,24,4
1467105,24,3
1992205,24,4
1562968,24,3
321138,24,3
1191002,24,4
2482256,24,2
967817,24,2
2258179,24,5
303917,24,2
1778599,24,3
1250260,24,4
1455293,24,2
2283374,24,2
2532321,24,2
819673,24,3
1262848,24,3
1458814,24,4
151153,24,4
1114617,24,3
1060794,24,3
1538904,24,3
1042317,24,2
864362,24,5
577849,24,3
2509631,24,4
663880,24,3
2622230,24,3
2263064,24,2
2325588,24,4
969304,24,2
1299727,24,3
406948,24,3
2115145,24,1
1181558,24,4
1675194,24,4
305344,24,1
2538506,24,2
1706645,24,3
199695,24,3
769653,24,3
203576,24,2
80548,24,2
1560099,24,5
2032784,24,1
1892467,24,4
2342016,24,3
744757,24,3
2226525,24,3
1777167,24,3
635056,24,1
1978089,24,3
1410965,24,3
2099446,24,3
1403217,24,3
2566950,24,2
1961716,24,3
994862,24,3
282654,24,1
55339,24,4
53694,24,2
689488,24,3
8815,24,5
1374832,24,3
1144671,24,5
1198632,24,3
1028986,24,4
478815,24,3
2439696,24,3
1823851,24,3
763949,24,4
2267735,24,1
1065598,24,3
803298,24,1
799300,24,4
1724806,24,3
749352,24,3
1334683,24,3
8579,24,3
296557,24,2
241460,24,4
785329,24,3
1706720,24,4
1206803,24,3
2377128,24,4
2483744,24,3
1200479,24,2
1096082,24,4
58863,24,2
447759,24,5
466517,24,1
1988735,24,2
2519048,24,4
2415199,24,3
1700597,24,3
1653637,24,3
2580792,24,3
1322996,24,1
371382,24,4
1969716,24,4
2089308,24,4
320187,24,2
1859908,24,2
2533873,24,2
230211,24,5
1162706,24,4
1838526,24,3
2013504,24,3
2473986,24,4
2396765,24,4
1203681,24,1
1426049,24,4
2187706,24,3
1911337,24,1
864647,24,5
530000,24,4
1376627,24,4
263571,24,3
674927,24,3
2130142,24,3
1058420,24,3
1557206,24,4
390543,24,2
2029744,24,3
1668649,24,5
620741,24,3
96463,24,3
740929,24,2
1497344,24,4
73693,24,4
2112235,24,2
2388628,24,2
2160334,24,2
1465116,24,5
1040572,24,3
1996688,24,3
1902400,24,5
2227806,24,4
1630882,24,4
1983938,24,3
558720,24,4
1565175,24,4
1615957,24,3
1783789,24,2
927849,24,4
2005241,24,4
1465917,24,4
2098983,24,4
1898861,24,4
980292,24,3
2054115,24,5
2158747,24,2
1152594,24,3
1010964,24,5
12812,24,3
1269373,24,3
1778238,24,3
1592816,24,3
490057,24,5
752642,24,1
282887,24,2
1507887,24,3
1075444,24,3
2035541,24,2
1214125,24,3
922812,24,1
2429174,24,4
2229666,24,3
697054,24,3
1840498,24,3
555528,24,1
1756620,24,1
1677833,24,4
626740,24,3
2090917,24,3
2305400,24,1
2481504,24,3
452257,24,5
1865314,24,5
1435722,24,5
1071403,24,3
2610423,24,2
688057,24,3
960266,24,2
753480,24,3
1123394,24,1
2485642,24,4
2237907,24,2
2229960,24,2
2479648,24,3
2021291,24,4
2332377,24,3
190037,24,4
2028737,24,3
2086784,24,1
642612,24,3
2444052,24,3
397001,24,3
2056022,24,2
201405,24,1
400440,24,4
1522957,24,3
2263985,24,2
1148500,24,3
879028,24,5
2311775,24,4
1615850,24,1
1607467,24,2
262247,24,3
732863,24,1
2322277,24,3
2352698,24,4
940885,24,4
667354,24,1
2499884,24,2
325073,24,2
2064995,24,1
2518678,24,3
1425157,24,2
2580353,24,2
1000596,24,2
2627895,24,2
1413573,24,3
389985,24,3
973622,24,3
1760492,24,3
1034831,24,4
1578807,24,2
1110428,24,3
450490,24,4
310887,24,4
1107217,24,5
1439882,24,1
183674,24,4
2564796,24,3
801679,24,5
2393478,24,1
268719,24,3
315561,24,3
2313730,24,2
733746,24,3
117959,24,5
1729518,24,5
1622462,24,3
2545730,24,2
2552618,24,4
1328243,24,3
2062480,24,3
1213114,24,3
1234567,24,2
703577,24,3
953110,24,3
538178,24,2
622453,24,1
2220732,24,3
1866323,24,1
1940150,24,3
1930954,24,3
2055183,24,4
78922,24,5
1038880,24,3
1943930,24,5
2060126,24,2
777916,24,2
648596,24,2
2570212,24,2
96133,24,3
1658,24,2
1879437,24,4
1221473,24,1
1018033,24,2
2459709,24,3
1383642,24,4
440956,24,4
1706873,24,3
1415903,24,3
2118461,24,4
1935388,24,5
2157060,24,4
798262,24,4
2412801,24,3
1184498,24,3
1401726,24,3
2555666,24,4
235208,24,3
2351402,24,2
2197074,24,5
1538953,24,2
2598035,24,2
202623,24,4
920901,24,4
2201375,24,3
2063172,24,3
742873,24,2
387418,24,3
366318,24,4
1622397,24,2
632384,24,3
2258880,24,3
1032407,24,4
1351112,24,3
2241408,24,2
836945,24,4
480612,24,3
2006360,24,3
1825371,24,1
791775,24,4
878576,24,3
2176953,24,5
1334853,24,1
1114324,24,3
871651,24,3
935459,24,3
2220472,24,2
539310,24,3
1436668,24,3
1043112,24,1
1633365,24,4
714368,24,4
2040484,24,3
361327,24,3
1486911,24,3
1594164,24,4
1668233,24,3
1145981,24,4
1932594,24,2
1050310,24,2
1928698,24,3
1114342,24,4
1102498,24,3
1977069,24,5
958687,24,2
356615,24,2
1061195,24,4
145873,24,4
158607,24,3
700490,24,3
276676,24,3
2642683,24,2
2234943,24,2
1765047,24,4
1732553,24,3
323253,24,3
2103116,24,2
408645,24,3
1663888,24,2
983097,24,2
1461435,24,1
1450883,24,3
2179596,24,4
554424,24,4
584100,24,3
1576227,24,5
2609187,24,4
238703,24,2
941545,24,3
2124351,24,3
1602153,24,3
1634893,24,3
2252482,24,5
983674,24,5
1099833,24,3
2197555,24,5
2047577,24,4
1048069,24,4
1037245,24,4
2311867,24,3
151004,24,2
1709177,24,3
378732,24,2
642384,24,5
522878,24,3
2461201,24,4
442963,24,3
351328,24,3
1639792,24,1
968784,24,2
2086749,24,3
2442597,24,3
1420020,24,2
57633,24,2
339888,24,3
2524404,24,3
2613105,24,3
2143500,24,2
1804811,24,3
2552963,24,3
1674931,24,3
1865100,24,4
1290593,24,4
1996717,24,2
428657,24,4
1207465,24,4
1193948,24,3
448879,24,2
1116370,24,4
779492,24,2
1002509,24,4
206222,24,3
800584,24,4
326502,24,4
1342311,24,3
1556692,24,1
2151662,24,3
1807053,24,3
286434,24,2
1737176,24,3
923631,24,2
2152310,24,3
2106644,24,4
2139083,24,3
2238060,24,2
1944505,24,2
1483838,24,5
1513088,24,3
940778,24,3
292335,24,2
1707198,24,2
1852040,24,2
1895507,24,4
2494411,24,2
1228568,24,5
117051,24,3
710666,24,3
2300465,24,3
253483,24,3
998608,24,2
1814448,24,3
1144740,24,5
1772737,24,3
1612901,24,2
1973527,24,3
515436,24,1
1437043,24,2
905156,24,3
629389,24,2
334847,24,4
381358,24,3
300136,24,1
1275790,24,3
676275,24,3
2092745,24,1
1092812,24,5
1357209,24,3
1691484,24,3
1420080,24,1
555962,24,3
1908523,24,5
285174,24,4
1580917,24,3
1321253,24,4
412805,24,3
1877590,24,4
303969,24,1
969948,24,1
471831,24,5
1362044,24,2
1685548,24,2
2604057,24,4
415813,24,3
598850,24,4
1533807,24,2
583086,24,2
2419258,24,2
2207031,24,4
1983863,24,2
188613,24,2
1524484,24,3
504401,24,3
953604,24,2
374741,24,4
1283745,24,3
2521955,24,4
1058034,24,4
2263378,24,3
1565986,24,5
88433,24,4
320177,24,2
179167,24,3
301019,24,4
2492695,24,3
1685871,24,5
245404,24,3
2087152,24,4
2578436,24,3
568523,24,4
94429,24,5
2513621,24,3
633738,24,2
