306466,46,4
2480084,46,4
449288,46,2
1567328,46,3
1945809,46,3
1116671,46,3
869719,46,3
276813,46,3
1794216,46,3
1468812,46,5
1822148,46,3
41412,46,5
2400678,46,4
1697399,46,3
613501,46,3
1135197,46,2
2422606,46,3
998229,46,4
2445646,46,3
1331887,46,1
399890,46,3
243963,46,4
844736,46,5
1276913,46,3
1395430,46,3
1663216,46,4
697038,46,5
2196868,46,5
991725,46,3
2314362,46,4
121910,46,4
2241806,46,5
488477,46,4
644827,46,4
2433695,46,3
1620761,46,5
922616,46,3
1626628,46,4
69867,46,4
765331,46,4
951709,46,2
2641857,46,4
1209160,46,5
1832699,46,4
1607938,46,5
1645486,46,3
850085,46,5
14690,46,4
861088,46,5
1260731,46,3
2285616,46,3
68845,46,5
326587,46,2
855860,46,2
1302277,46,4
1350497,46,2
180151,46,2
2220742,46,4
1388502,46,5
660580,46,4
208356,46,5
2340846,46,5
1491331,46,2
186951,46,3
2370740,46,2
115498,46,4
906893,46,3
2218269,46,5
385413,46,4
105942,46,4
1187543,46,4
770026,46,5
1174811,46,5
2328558,46,5
2371377,46,5
1901597,46,5
578452,46,5
2358937,46,5
2075969,46,5
767816,46,3
1995318,46,4
143203,46,3
441324,46,3
8896,46,4
817251,46,5
2093289,46,5
247794,46,3
649770,46,3
15378,46,3
906645,46,4
2534672,46,3
2535052,46,3
1539341,46,3
15191,46,4
2418634,46,4
743687,46,5
76196,46,3
1230594,46,4
1691415,46,5
2231930,46,3
2161899,46,2
364764,46,5
1685449,46,3
2349078,46,1
2418200,46,3
1944182,46,5
2482518,46,4
129798,46,4
1727498,46,5
2052543,46,5
998862,46,5
1673235,46,5
13334,46,4
1823237,46,4
1275006,46,4
2389821,46,5
2592489,46,4
1977128,46,4
2378560,46,4
2507180,46,3
2562208,46,4
25623,46,4
380963,46,4
1216387,46,5
466644,46,3
175546,46,4
861650,46,3
2249677,46,5
2330735,46,2
1177203,46,3
1750434,46,5
2260788,46,3
861958,46,4
1179597,46,4
614481,46,3
2554555,46,5
228852,46,5
169158,46,5
184544,46,3
732556,46,5
1532487,46,4
1827572,46,3
676175,46,3
1611112,46,5
424286,46,4
2610157,46,3
2166748,46,2
1465275,46,5
1363756,46,4
581766,46,3
2012897,46,5
363730,46,5
962591,46,4
1853679,46,4
324102,46,5
172474,46,4
2036662,46,2
278047,46,3
1051070,46,4
2004175,46,2
1802654,46,3
2024687,46,3
1527256,46,3
479996,46,3
1682580,46,3
561683,46,5
1198093,46,5
1773518,46,5
1533559,46,5
494167,46,5
2078749,46,3
975702,46,5
968061,46,3
87878,46,2
2091892,46,2
2643082,46,4
1267394,46,4
991859,46,4
1519073,46,2
638998,46,3
1266092,46,3
1004062,46,4
1998055,46,5
769782,46,4
907380,46,5
2530840,46,3
558717,46,5
2561822,46,3
1546658,46,3
449743,46,2
1311690,46,5
1610111,46,3
2161790,46,5
1877623,46,5
2188328,46,4
765544,46,5
1211921,46,4
2555,46,4
1749497,46,5
422294,46,5
1342387,46,4
1404245,46,2
360754,46,3
43174,46,3
2587499,46,5
142582,46,3
893451,46,4
1672251,46,2
617828,46,4
298466,46,5
2068869,46,4
396567,46,2
2436788,46,3
1718242,46,5
1946921,46,3
788769,46,5
371312,46,3
876197,46,3
694203,46,4
1384102,46,4
2171158,46,4
17119,46,3
648219,46,5
783787,46,5
2431304,46,5
2577867,46,2
1034156,46,4
103972,46,4
781949,46,4
2125035,46,2
198693,46,5
250871,46,5
333277,46,5
847545,46,5
1679065,46,5
1926450,46,4
1740600,46,4
2214172,46,2
1053596,46,5
1386513,46,5
1982465,46,2
2206505,46,4
2490424,46,4
2412588,46,5
2619593,46,2
1764857,46,3
1712438,46,4
6065,46,3
2504752,46,5
2268573,46,2
1978844,46,3
2443940,46,3
1500364,46,5
2443523,46,4
549534,46,4
2571411,46,2
416556,46,4
251113,46,5
2307724,46,5
1362065,46,4
1967488,46,4
1145107,46,3
2035994,46,5
2637948,46,4
185495,46,4
2512231,46,3
2413347,46,5
2087711,46,3
2475820,46,5
1706713,46,5
2609784,46,5
1629880,46,4
1809541,46,4
820904,46,5
1818898,46,5
366901,46,5
2589973,46,5
771920,46,5
2083775,46,4
1558837,46,4
1254501,46,4
520854,46,4
618841,46,4
262633,46,1
978055,46,2
2099338,46,3
1110418,46,5
1858077,46,3
2103438,46,5
455962,46,5
107840,46,3
3786,46,4
1193801,46,3
824262,46,4
2086264,46,5
1790242,46,5
1493780,46,3
800513,46,4
974317,46,4
350547,46,3
1911422,46,5
874253,46,3
581235,46,5
2165002,46,4
699239,46,3
261053,46,5
1617529,46,3
1712750,46,5
924822,46,5
1898750,46,5
2381106,46,4
809943,46,5
1623353,46,3
573210,46,5
204011,46,2
2048686,46,5
2296713,46,1
1029224,46,3
1068656,46,4
1089184,46,3
294771,46,4
1343332,46,5
1922155,46,3
1683397,46,4
53521,46,3
2169283,46,3
2052045,46,3
1320413,46,2
10273,46,4
1769654,46,4
1167401,46,5
1327492,46,5
1181914,46,4
1355097,46,3
300146,46,3
2266461,46,5
1036228,46,5
368799,46,4
1227322,46,2
1229372,46,5
1799495,46,4
1673185,46,3
2440674,46,5
458725,46,5
1488706,46,5
1970633,46,4
108019,46,4
2646712,46,3
1784373,46,4
103233,46,4
2502315,46,2
1128791,46,5
1675063,46,4
2288733,46,4
1970125,46,4
1475143,46,4
70513,46,4
1486874,46,3
2591198,46,4
345925,46,5
564603,46,3
2121379,46,4
2116614,46,2
316973,46,4
1608683,46,2
2604824,46,4
461435,46,5
337655,46,4
889947,46,3
1019952,46,4
1135678,46,5
2280950,46,5
2602282,46,5
1632290,46,5
2240828,46,3
2126189,46,4
33017,46,5
641094,46,5
1453873,46,5
366695,46,5
964254,46,5
893673,46,3
1799789,46,4
796398,46,2
432479,46,3
2278436,46,2
348220,46,4
241374,46,4
1236924,46,3
2419406,46,3
1701487,46,3
53832,46,4
1068276,46,4
1870371,46,4
2266721,46,2
1716677,46,5
1713763,46,3
696437,46,3
2289283,46,4
1135038,46,3
401722,46,3
622594,46,4
2355324,46,4
2590924,46,4
223635,46,4
2070372,46,4
2553247,46,5
2423285,46,3
1582412,46,2
892513,46,2
2065126,46,5
2488386,46,5
2265540,46,4
929308,46,4
323614,46,3
144200,46,5
2176766,46,5
1740093,46,4
2042564,46,3
1332388,46,3
897692,46,5
856421,46,4
289096,46,5
2526722,46,4
2307923,46,1
1726416,46,3
252105,46,3
530670,46,3
620147,46,3
2108337,46,3
2497647,46,3
405045,46,5
2108962,46,4
985098,46,4
1301339,46,5
2615996,46,4
2390783,46,2
472838,46,3
1416849,46,5
2335635,46,3
1916224,46,3
389133,46,4
804841,46,2
2344173,46,3
582273,46,3
1987073,46,5
2203834,46,4
2488790,46,4
1104108,46,4
2093058,46,5
95673,46,4
1169732,46,4
657273,46,5
498493,46,3
554656,46,3
2295210,46,3
992186,46,4
43751,46,4
1203779,46,4
2561861,46,1
634496,46,5
317779,46,4
2522946,46,2
165953,46,3
472012,46,5
1189269,46,5
93782,46,5
794824,46,5
1122351,46,4
2604175,46,5
1787989,46,5
2203852,46,4
637473,46,3
2289265,46,3
440727,46,2
2370481,46,5
178588,46,3
1648695,46,5
188809,46,4
1161725,46,5
1159805,46,4
954707,46,4
1378890,46,3
843387,46,4
1862624,46,5
2102030,46,3
1414583,46,5
1085484,46,2
649969,46,4
2529845,46,4
472027,46,4
1944887,46,2
1487731,46,5
2302706,46,5
2202242,46,5
661999,46,5
380877,46,5
1933327,46,5
172759,46,4
346554,46,5
271192,46,4
752568,46,3
974268,46,2
1345710,46,4
1802747,46,5
178032,46,5
66109,46,1
1413757,46,4
642090,46,5
2593490,46,3
1210035,46,5
1903123,46,3
2018471,46,3
2014322,46,4
1733406,46,3
1734748,46,5
1602973,46,4
2121810,46,3
781778,46,2
1524383,46,4
328364,46,3
2045348,46,5
974864,46,5
1464746,46,3
1663295,46,4
2566515,46,2
2422501,46,5
1665403,46,5
858550,46,3
1067472,46,4
688742,46,4
1520166,46,5
1548865,46,4
1878042,46,4
1743030,46,3
1021233,46,4
245202,46,4
1902747,46,4
930194,46,5
1832852,46,4
932590,46,5
381129,46,4
2380471,46,4
1521970,46,4
63286,46,5
283850,46,1
2551541,46,4
474691,46,3
478755,46,3
371750,46,5
1725395,46,5
509575,46,5
670748,46,3
1054626,46,1
2046091,46,5
420350,46,4
2318188,46,5
1451388,46,5
1443236,46,4
2578536,46,4
1837827,46,4
158597,46,4
496631,46,5
1688557,46,4
1237674,46,5
2624195,46,2
693307,46,4
77469,46,4
2457209,46,2
1413533,46,5
1850376,46,4
1401330,46,5
1512643,46,4
367765,46,3
2645932,46,5
1521983,46,3
76936,46,5
761341,46,5
2354703,46,4
2294081,46,3
2533149,46,5
2028655,46,5
256969,46,4
275851,46,5
2569971,46,3
1475738,46,2
2456331,46,4
1033433,46,4
1972253,46,4
1256725,46,4
2292226,46,5
826896,46,4
1952492,46,2
778692,46,3
85801,46,5
1294445,46,2
2516034,46,3
1216096,46,3
2537646,46,3
1341758,46,4
1580094,46,4
1213801,46,5
800296,46,4
427510,46,3
155342,46,2
1637166,46,5
2243197,46,5
344861,46,3
2255188,46,5
1674254,46,3
960036,46,5
82301,46,5
1131912,46,5
1451365,46,5
479195,46,4
1931243,46,5
1652825,46,4
1895951,46,4
113654,46,4
74076,46,5
40063,46,3
1037838,46,4
1439700,46,2
1727111,46,4
2086693,46,5
212332,46,5
41739,46,4
594343,46,4
1004481,46,3
1694142,46,2
714006,46,4
2342060,46,5
966322,46,2
2402945,46,4
1307137,46,3
2085613,46,2
2025577,46,3
1402600,46,4
261348,46,5
2497967,46,3
2266166,46,4
2216856,46,5
973538,46,3
1003153,46,4
2192991,46,3
2595747,46,5
555886,46,4
1222421,46,5
2043555,46,5
966881,46,4
849951,46,5
416518,46,4
1667659,46,5
1131397,46,4
1972556,46,5
1837284,46,2
380139,46,4
1747179,46,5
1750785,46,4
2619718,46,4
906742,46,3
617710,46,4
1582303,46,5
2300587,46,1
969239,46,2
1018901,46,3
213704,46,5
2143870,46,4
650960,46,4
1259696,46,4
2648589,46,4
1819689,46,2
2515643,46,1
2589899,46,3
1233464,46,5
2522648,46,5
1727526,46,5
643058,46,4
718400,46,1
1917508,46,4
1441559,46,4
1725155,46,5
1228197,46,5
651389,46,4
2537334,46,5
57160,46,5
2406150,46,3
2079367,46,4
1305384,46,3
2131029,46,2
2617950,46,4
924064,46,4
1574119,46,4
966591,46,3
326912,46,4
942528,46,5
1456621,46,4
2135038,46,3
2573207,46,5
962406,46,3
894783,46,4
247999,46,5
66921,46,3
1837594,46,5
2029461,46,4
487915,46,3
630454,46,3
1980593,46,2
1395543,46,3
2405003,46,3
1648400,46,3
1512369,46,3
819103,46,5
449335,46,2
469021,46,3
1902621,46,5
2090902,46,2
645523,46,5
787052,46,4
112952,46,5
1973594,46,4
1195767,46,5
1550751,46,5
1586127,46,4
631512,46,2
1204113,46,3
660207,46,2
758932,46,3
745667,46,4
131974,46,1
322302,46,5
314404,46,5
2423031,46,2
2285836,46,4
218928,46,5
201739,46,5
1595636,46,5
1859570,46,5
1463862,46,5
2261763,46,4
2031359,46,3
662412,46,3
2503261,46,4
2294049,46,4
109280,46,3
101372,46,3
1718275,46,5
2183287,46,4
2250113,46,4
2604976,46,4
1025618,46,4
826184,46,2
2127998,46,3
1708281,46,3
420191,46,5
2557043,46,5
313057,46,4
1657342,46,5
901276,46,4
224880,46,4
47312,46,4
140146,46,4
753836,46,3
1775208,46,4
2183025,46,4
425044,46,2
2556722,46,5
153781,46,3
1052057,46,4
1975999,46,4
2573288,46,5
441669,46,3
116894,46,3
1278832,46,3
779877,46,5
1783202,46,5
1501738,46,3
230929,46,5
1898399,46,5
236149,46,4
728026,46,5
2265966,46,4
1697754,46,4
313046,46,3
411396,46,4
1447639,46,4
663600,46,4
155885,46,4
1516537,46,5
2029320,46,3
2411332,46,2
436523,46,4
2591987,46,1
1363135,46,5
60557,46,5
610622,46,4
2406644,46,4
1957453,46,5
2018089,46,5
994320,46,3
2001268,46,5
2354942,46,4
247909,46,5
1071540,46,4
1246126,46,5
1746056,46,3
1436987,46,5
1331366,46,5
544930,46,5
204439,46,3
1778261,46,3
691919,46,4
2333118,46,5
647703,46,5
1801038,46,5
1148231,46,3
1714564,46,3
356536,46,4
858149,46,5
1942584,46,3
2334536,46,5
962098,46,1
640420,46,5
492413,46,5
617068,46,4
1250023,46,4
1738341,46,4
289076,46,4
2093957,46,5
1246777,46,4
2239984,46,5
2289197,46,4
2129436,46,4
691209,46,4
1855958,46,4
1410063,46,4
1454930,46,3
1243805,46,5
378701,46,5
1584708,46,5
1689281,46,2
553787,46,5
1502195,46,4
1620201,46,5
430227,46,5
383601,46,5
1000192,46,3
2547993,46,4
2448366,46,2
825993,46,5
970222,46,2
1583994,46,3
734076,46,3
1249577,46,5
411208,46,4
754329,46,4
233260,46,4
394194,46,4
1386141,46,3
1814098,46,4
1834588,46,4
365733,46,4
663654,46,4
1360752,46,2
825234,46,3
1907262,46,4
2238574,46,4
1473666,46,4
1866600,46,5
156467,46,5
2639728,46,3
1621374,46,3
538084,46,5
1110574,46,4
404684,46,4
1002648,46,4
891199,46,4
1787480,46,3
2166355,46,3
1765691,46,4
536610,46,5
672399,46,4
2340965,46,5
1283829,46,4
706349,46,2
1735189,46,5
931761,46,4
366573,46,4
2515394,46,4
1839779,46,5
1349213,46,4
2125470,46,5
2019350,46,5
832387,46,4
1862392,46,3
475993,46,2
257622,46,3
2433340,46,5
1170200,46,5
627855,46,4
504628,46,2
438189,46,4
2397914,46,4
1879137,46,4
1352418,46,4
2415874,46,3
2327309,46,2
1731066,46,5
512303,46,4
1759827,46,4
1790365,46,2
780160,46,2
401707,46,3
291676,46,4
2457710,46,5
2173870,46,5
1590697,46,3
1475998,46,4
1144764,46,3
884944,46,4
205890,46,3
1201534,46,3
1847081,46,5
2067896,46,5
2096888,46,5
1098790,46,4
842333,46,3
932975,46,4
2489437,46,5
1534238,46,3
822461,46,5
2175291,46,3
586976,46,4
1388523,46,5
2330565,46,3
2041761,46,5
627312,46,5
223803,46,3
2648287,46,2
930159,46,4
1653684,46,4
1566455,46,5
581441,46,5
2375964,46,1
420703,46,4
1275651,46,4
2204053,46,3
1088457,46,3
1995942,46,3
1970390,46,5
1531714,46,4
441856,46,4
977299,46,5
671503,46,3
2226365,46,5
2499019,46,3
488651,46,5
891694,46,5
661712,46,2
1123700,46,5
1498767,46,3
2089655,46,4
1887835,46,4
345172,46,4
1654615,46,5
2274312,46,4
1026504,46,5
478749,46,5
131752,46,3
1596844,46,5
2518003,46,2
1056435,46,2
1345626,46,4
2501555,46,1
1532125,46,4
190286,46,5
411705,46,4
354211,46,3
1813076,46,4
286538,46,5
1834502,46,5
1372226,46,4
1957071,46,5
1272379,46,2
1014969,46,4
338522,46,5
255551,46,5
778615,46,3
586694,46,4
133707,46,4
2409015,46,5
1965893,46,3
1404346,46,3
1908295,46,5
2627893,46,5
1553763,46,4
371486,46,4
2550838,46,5
1750544,46,4
1719039,46,4
1563429,46,5
2035785,46,5
1293202,46,5
1427758,46,3
803128,46,4
1515881,46,4
2195748,46,4
830370,46,5
294098,46,5
2094669,46,3
1365396,46,4
1961632,46,4
1432623,46,5
2244518,46,4
729943,46,4
720777,46,5
614672,46,2
807738,46,3
2527376,46,4
1786925,46,5
2584491,46,1
1323467,46,3
905071,46,4
577103,46,5
928256,46,4
1251664,46,5
1529500,46,4
2643933,46,3
466192,46,4
2111120,46,4
1283137,46,3
872114,46,4
1774785,46,5
1667937,46,5
788185,46,2
1955464,46,5
2223167,46,4
2547841,46,4
1371101,46,3
1990365,46,4
831103,46,5
691210,46,4
798731,46,5
1090911,46,4
2044473,46,4
39490,46,3
1041959,46,4
543279,46,5
921528,46,5
1631405,46,5
1568982,46,3
40842,46,3
1403384,46,3
753195,46,4
1302364,46,5
1763064,46,2
1896825,46,5
2512833,46,4
1549284,46,3
953075,46,5
2201889,46,3
1401023,46,3
2621374,46,3
1280053,46,3
1792741,46,5
599145,46,1
2242160,46,4
518770,46,3
1939822,46,4
2428259,46,4
123241,46,4
313419,46,3
169835,46,3
67769,46,5
356793,46,4
2532251,46,5
2450426,46,2
1155319,46,4
858814,46,4
1591799,46,3
768749,46,3
1132940,46,5
1277454,46,5
1323848,46,4
72524,46,4
2536497,46,5
103904,46,5
698846,46,4
1380986,46,3
1060499,46,5
2311049,46,4
7921,46,5
264091,46,4
293944,46,2
735710,46,5
1762897,46,2
2220239,46,5
841135,46,5
666480,46,4
1897,46,3
1255677,46,4
632401,46,2
1261084,46,3
2440819,46,2
2439804,46,4
1944019,46,2
2205734,46,5
1255703,46,5
1994097,46,5
2209897,46,4
2003550,46,3
460446,46,3
373557,46,3
1019343,46,4
1916457,46,3
291068,46,4
2321663,46,5
308719,46,3
2230416,46,2
1459526,46,4
2355924,46,5
702104,46,4
1675885,46,5
371456,46,5
343963,46,4
1038077,46,5
2646515,46,5
2595738,46,4
177558,46,3
1821201,46,5
1931329,46,5
1757197,46,3
338368,46,1
204514,46,4
923606,46,2
1585794,46,1
2042897,46,4
380629,46,5
2005703,46,4
914599,46,2
651885,46,4
214178,46,5
2501878,46,5
1972756,46,3
1353367,46,4
1407325,46,3
881702,46,4
769235,46,4
2217988,46,3
2344164,46,1
2240670,46,5
1605580,46,5
769404,46,5
658567,46,5
2468376,46,5
1924838,46,4
1315285,46,5
412038,46,3
921472,46,4
1325452,46,5
518475,46,3
471624,46,4
2243365,46,5
1469427,46,4
1687310,46,5
2062763,46,5
1057372,46,4
2536362,46,2
1816774,46,4
1910619,46,4
1612781,46,3
1579148,46,4
42694,46,4
1660783,46,3
2358564,46,3
1685089,46,5
391799,46,5
1228514,46,5
1418679,46,3
133000,46,5
1030143,46,3
1385185,46,3
1772465,46,4
2237185,46,3
1549956,46,3
504211,46,5
1730191,46,3
2306987,46,4
1295700,46,3
328223,46,4
2088599,46,3
2338064,46,5
255032,46,3
2039293,46,4
741851,46,3
1118689,46,4
1820891,46,3
2534117,46,5
2165295,46,4
1366497,46,5
719168,46,3
904999,46,3
1134217,46,5
1120627,46,5
2617189,46,4
1063098,46,3
2483842,46,4
1895774,46,5
2160438,46,4
312908,46,2
2251863,46,3
1343544,46,5
227076,46,2
1564978,46,5
764317,46,5
2349759,46,5
841609,46,3
1171887,46,1
1133946,46,5
1848781,46,2
609908,46,4
980698,46,2
2147047,46,4
2081616,46,5
1018296,46,4
1851085,46,4
1937579,46,3
157422,46,5
2613756,46,5
524672,46,2
1376671,46,5
1470102,46,3
851728,46,5
2062350,46,5
1892539,46,4
2416086,46,3
1942739,46,3
1239271,46,5
1751764,46,3
2196925,46,3
2233086,46,3
81901,46,5
1823239,46,4
182016,46,5
1605122,46,4
409290,46,5
211086,46,4
1139570,46,3
1488767,46,4
1894134,46,4
2304887,46,3
347732,46,4
726823,46,5
363731,46,5
1087910,46,2
2339981,46,4
1903352,46,5
1130791,46,3
527134,46,3
1902017,46,4
1585933,46,2
397407,46,2
2379951,46,5
2571687,46,5
2163371,46,4
687769,46,5
2538212,46,4
1106198,46,4
1112698,46,3
619041,46,5
1161581,46,4
946795,46,3
451291,46,2
80910,46,2
1896619,46,5
2591503,46,4
270495,46,4
2540389,46,4
102919,46,3
228860,46,2
481523,46,3
1434609,46,3
1251357,46,3
359509,46,4
2210403,46,1
2082955,46,5
2206502,46,5
517523,46,4
1943753,46,5
1463088,46,3
2516529,46,4
317247,46,2
1774013,46,5
573270,46,5
2439493,46,5
442485,46,4
1791627,46,3
719424,46,4
1047830,46,3
2083020,46,4
1739296,46,3
180858,46,5
416914,46,4
2009332,46,5
1357453,46,5
260272,46,4
1481406,46,3
1829533,46,4
1697078,46,2
2497321,46,4
1761530,46,4
1565235,46,3
2455164,46,3
996561,46,5
298689,46,1
65197,46,3
722394,46,4
535671,46,3
96539,46,2
631315,46,3
1998812,46,3
862850,46,3
2140883,46,5
2589669,46,3
359141,46,2
387262,46,4
1283870,46,4
536180,46,5
1151461,46,2
1014869,46,2
2267431,46,4
2602696,46,5
1058508,46,5
1242669,46,5
1914525,46,4
1891888,46,4
1989750,46,4
1444924,46,4
1572178,46,5
333514,46,5
1553351,46,5
1513903,46,4
691243,46,5
2161543,46,5
417759,46,5
2601604,46,3
1007945,46,3
1773153,46,4
1387662,46,5
2483694,46,3
73865,46,5
56985,46,4
308088,46,4
1684232,46,3
1542669,46,5
1494669,46,4
979777,46,5
187335,46,3
2553841,46,4
1046419,46,5
734534,46,5
171033,46,3
1832023,46,4
1831828,46,5
2341018,46,5
349285,46,5
2002196,46,4
1153034,46,5
638046,46,4
961789,46,4
170812,46,4
1389044,46,4
1653681,46,4
1537147,46,5
2415395,46,5
1706302,46,1
1860648,46,5
963961,46,4
2006681,46,3
2376367,46,2
765640,46,3
472452,46,2
629203,46,3
110562,46,3
1606562,46,3
928376,46,3
1087944,46,4
843523,46,3
340996,46,5
982875,46,4
2018515,46,3
2555277,46,3
1411722,46,1
1947603,46,3
2117341,46,4
88280,46,3
2344727,46,5
2593441,46,3
1615548,46,3
468513,46,5
1962294,46,5
2082428,46,5
2197525,46,5
2538677,46,2
2510397,46,3
2185614,46,5
2577758,46,5
1181854,46,4
1418520,46,4
1676265,46,4
328674,46,5
2537739,46,4
590905,46,4
974903,46,4
1201989,46,4
465118,46,4
807275,46,3
1934347,46,4
1207489,46,3
2281177,46,3
263150,46,4
782308,46,5
173301,46,5
1543289,46,5
833813,46,5
1410683,46,3
342695,46,5
1090777,46,5
66179,46,5
171906,46,5
2149203,46,5
2064526,46,2
335750,46,5
393425,46,2
1007577,46,4
1844991,46,3
1998777,46,5
2014706,46,3
1150267,46,4
397872,46,4
2389886,46,3
352233,46,4
1871769,46,3
2056570,46,5
722142,46,4
473720,46,4
1736384,46,4
2341075,46,5
702593,46,2
2400584,46,5
189887,46,5
1959049,46,4
993198,46,5
1106474,46,4
1225643,46,3
389811,46,2
647249,46,3
1336004,46,5
212853,46,3
1209343,46,3
282417,46,4
1618707,46,5
1964629,46,2
2492673,46,3
2546942,46,4
2578839,46,5
828608,46,5
1426346,46,5
2143024,46,4
254972,46,5
157943,46,3
981235,46,3
2597191,46,3
1007517,46,3
1452454,46,5
1570077,46,4
2383238,46,4
43177,46,3
413336,46,2
741268,46,4
2082673,46,4
57186,46,3
1643961,46,3
1612973,46,3
206967,46,3
1772050,46,3
1655613,46,3
2419914,46,3
927786,46,3
924960,46,5
1253634,46,4
2319506,46,4
492714,46,3
2023883,46,5
2137900,46,3
148719,46,5
1510783,46,3
257830,46,4
2334959,46,5
1527410,46,5
755939,46,4
2040005,46,4
2481718,46,5
2205604,46,4
4488,46,3
782930,46,5
589626,46,5
1613777,46,1
1237444,46,4
1900492,46,4
926217,46,3
1529376,46,4
135973,46,4
2312725,46,3
2628225,46,5
1704554,46,5
2313765,46,4
772659,46,5
1192459,46,5
2335153,46,4
1713166,46,3
933416,46,4
1948457,46,5
2477965,46,3
2360151,46,4
2438293,46,5
1510091,46,3
960912,46,3
256065,46,5
1666957,46,3
508004,46,4
2215598,46,5
772817,46,5
553372,46,5
2474624,46,3
1964980,46,5
615119,46,5
861859,46,4
2092443,46,5
1918704,46,5
638525,46,5
1589382,46,4
918562,46,2
898511,46,4
664095,46,5
1314977,46,4
1602119,46,1
907097,46,4
2034970,46,3
228092,46,5
656977,46,5
1772095,46,3
1596709,46,5
1847393,46,5
1996108,46,3
1777474,46,2
631659,46,5
671721,46,3
2403216,46,4
1196593,46,5
852524,46,4
2496479,46,4
1183080,46,5
306347,46,3
213863,46,5
2449295,46,3
2128440,46,5
1414013,46,3
1329117,46,2
2544637,46,3
934213,46,4
2483860,46,3
1077720,46,5
1505017,46,5
2077527,46,3
2266350,46,5
263291,46,5
618789,46,4
2419941,46,4
2133004,46,5
1728094,46,3
1032301,46,5
2021926,46,3
2398061,46,4
2564160,46,4
1548625,46,5
1163016,46,5
382186,46,5
1048925,46,5
2513004,46,4
1731658,46,5
1771081,46,5
2433194,46,3
2549780,46,4
2372128,46,4
157631,46,4
578455,46,5
1481815,46,4
902702,46,4
1860956,46,3
1348226,46,4
2509568,46,3
2153710,46,4
1670302,46,5
1023928,46,5
996803,46,4
803468,46,3
464182,46,4
2383871,46,5
1720027,46,5
2257938,46,3
154669,46,3
2544124,46,5
1409687,46,4
4753,46,5
345704,46,4
6485,46,4
680148,46,4
652233,46,4
2457610,46,4
1405691,46,5
399693,46,3
1575334,46,4
662753,46,5
2607957,46,5
1475023,46,3
1686277,46,2
1462799,46,5
2603700,46,4
1351769,46,2
2537719,46,5
827537,46,3
1595299,46,3
1228726,46,5
2571459,46,5
1516496,46,5
1199561,46,4
2417245,46,5
1306621,46,4
2025153,46,4
1966351,46,3
87360,46,4
2552315,46,4
728679,46,5
1156578,46,4
1599522,46,4
1244273,46,4
734735,46,4
1186406,46,3
2058261,46,4
507183,46,5
1771252,46,2
2015488,46,5
1524964,46,3
1801854,46,5
2388112,46,2
2500507,46,5
429997,46,4
949610,46,2
698421,46,3
131022,46,5
1343091,46,4
1847158,46,5
645821,46,4
129962,46,5
1731102,46,5
1369823,46,3
842412,46,3
2208809,46,3
129487,46,4
895523,46,5
968813,46,4
322451,46,5
2631472,46,3
598989,46,5
707434,46,3
2333850,46,5
2407875,46,4
514829,46,5
18108,46,3
1730537,46,5
1534402,46,1
2631334,46,3
2491569,46,3
351441,46,5
928497,46,4
396774,46,5
2304160,46,4
2395854,46,4
1991118,46,5
1225150,46,4
2645398,46,5
2465246,46,5
883136,46,4
2619850,46,4
1794693,46,2
766998,46,3
2124347,46,3
392731,46,5
2203485,46,5
487450,46,4
1309089,46,4
976601,46,3
250643,46,4
2584252,46,3
75384,46,1
2534039,46,3
1880925,46,3
2527195,46,4
2564178,46,5
1219097,46,3
1209626,46,3
480288,46,2
2091736,46,2
1034375,46,5
963705,46,5
1157824,46,3
2406958,46,5
1561880,46,4
182849,46,4
1898310,46,3
1798655,46,5
2035595,46,3
650890,46,4
63475,46,3
869541,46,5
1444951,46,5
1322467,46,5
83923,46,5
74282,46,4
2530101,46,3
488133,46,3
2459169,46,2
1928406,46,5
1776654,46,3
1621691,46,4
1062600,46,4
2310889,46,4
310623,46,3
1338509,46,4
1933604,46,2
183466,46,3
371806,46,3
969042,46,5
483851,46,4
2221386,46,3
151136,46,3
2179371,46,4
1742319,46,3
2638189,46,5
1984962,46,3
1015526,46,3
982110,46,5
1129312,46,4
827168,46,5
62270,46,3
1687311,46,3
1888227,46,3
2181724,46,5
1304231,46,4
2009846,46,4
496267,46,5
1926167,46,2
1980305,46,5
364892,46,5
2589625,46,2
1524820,46,2
186732,46,3
1290783,46,5
306848,46,3
2321800,46,4
981177,46,3
2433147,46,4
913692,46,2
229365,46,5
1311346,46,2
2045450,46,4
90615,46,5
1463939,46,3
1250817,46,3
204178,46,4
706832,46,5
228614,46,5
2514186,46,5
2101632,46,3
1931551,46,5
1776051,46,4
2474887,46,5
2169947,46,4
1346049,46,4
2213540,46,4
2208519,46,2
1886719,46,4
256465,46,3
925061,46,3
1785622,46,3
1880034,46,5
1982460,46,4
1175652,46,3
1413163,46,2
688455,46,4
2307940,46,5
552107,46,3
486308,46,5
2136915,46,5
2362949,46,4
1274580,46,3
1096479,46,3
2533606,46,2
2552125,46,4
999944,46,5
1459768,46,3
1841017,46,4
291198,46,3
391850,46,3
2464924,46,3
2605125,46,5
2220630,46,5
1774452,46,3
712145,46,5
1084626,46,1
600949,46,4
1828365,46,5
2006914,46,5
1620983,46,5
2255484,46,3
1882738,46,4
1201695,46,4
2195071,46,3
281537,46,4
2637832,46,4
162415,46,5
2549130,46,4
1234163,46,3
1227730,46,4
1109116,46,1
174350,46,5
349407,46,4
1586659,46,5
1006071,46,4
1506806,46,5
988895,46,2
749015,46,5
520803,46,4
1795629,46,4
518666,46,4
2256869,46,4
2181532,46,5
886478,46,5
705594,46,3
2560582,46,4
1189504,46,5
2287270,46,5
699495,46,4
341814,46,2
794657,46,3
927462,46,3
1172907,46,4
70483,46,4
1951741,46,4
221926,46,4
1480724,46,3
2165017,46,4
1751471,46,3
1413353,46,4
2566973,46,5
291503,46,5
2583709,46,4
1777406,46,3
807154,46,4
94189,46,4
872575,46,5
1490793,46,5
2159596,46,4
1151935,46,4
661571,46,3
773075,46,5
344733,46,4
177997,46,5
1257676,46,3
1380273,46,3
33346,46,5
2248080,46,5
89047,46,4
847232,46,3
926503,46,2
2332009,46,3
610132,46,5
1147641,46,1
2143451,46,5
2556053,46,2
1832143,46,3
1110480,46,5
1561650,46,3
2462042,46,4
408013,46,5
1088677,46,3
1935254,46,3
1616135,46,5
53228,46,3
2134425,46,4
1450970,46,4
1195043,46,5
593799,46,4
261887,46,3
2315349,46,4
763496,46,3
2173557,46,2
568711,46,4
13227,46,1
788852,46,2
284426,46,4
1098351,46,4
814764,46,4
859316,46,3
562188,46,5
1739691,46,3
1069916,46,4
1273985,46,5
1683198,46,4
687573,46,3
2001596,46,2
775794,46,3
1785367,46,4
2536450,46,2
2576466,46,5
1416480,46,4
2162151,46,3
2304924,46,3
1352920,46,2
1905883,46,5
216750,46,4
2376053,46,5
759416,46,4
282436,46,4
2600868,46,2
473884,46,5
2397150,46,4
758052,46,5
1433573,46,4
578600,46,5
218734,46,4
165060,46,5
26673,46,5
1001185,46,5
2464550,46,4
1907591,46,5
2351317,46,4
997666,46,5
1348967,46,4
1002377,46,5
2407911,46,4
148018,46,3
1756111,46,2
1597736,46,2
788223,46,3
1297998,46,3
1193242,46,3
332698,46,3
1163337,46,2
2048500,46,5
1212887,46,5
1390954,46,2
148242,46,4
2475883,46,2
1827859,46,2
1326480,46,4
2516281,46,5
1471262,46,2
617049,46,2
145630,46,3
908708,46,5
949132,46,4
1277678,46,1
2407186,46,5
1065658,46,4
676123,46,4
223192,46,3
1905989,46,5
1093038,46,4
542919,46,3
1826615,46,5
482352,46,5
1818864,46,4
1793530,46,3
1934709,46,4
905909,46,5
2062857,46,1
356020,46,5
2505593,46,4
1491873,46,5
1378520,46,2
73989,46,5
2290616,46,1
1897305,46,5
1229252,46,3
2483371,46,3
1150486,46,3
1160858,46,4
1716275,46,5
1780101,46,4
1078285,46,4
346340,46,3
2101808,46,3
890546,46,5
1739297,46,5
1505821,46,4
2177729,46,3
2079376,46,5
1114349,46,5
2263357,46,3
1196269,46,3
1298561,46,3
1234014,46,3
1514143,46,3
6488,46,5
2645258,46,3
1178004,46,4
667818,46,5
2557067,46,3
2340649,46,5
740562,46,3
2026477,46,4
596131,46,3
1731464,46,5
1594618,46,3
2627800,46,4
576841,46,5
2336079,46,5
2247658,46,4
1534422,46,3
398488,46,3
613492,46,3
1547886,46,3
1144190,46,2
2905,46,5
713349,46,5
2151340,46,4
700005,46,4
247170,46,4
140395,46,4
1385752,46,5
1113230,46,5
119497,46,4
817742,46,1
507301,46,5
2185247,46,4
531780,46,5
2261012,46,4
2507447,46,3
2110918,46,3
1120721,46,1
1809161,46,3
2492373,46,3
2433077,46,1
482172,46,4
2325330,46,5
1828966,46,3
333769,46,5
1504494,46,5
1276799,46,4
982196,46,3
1280119,46,5
686192,46,4
827427,46,5
2571332,46,5
541376,46,2
2541385,46,5
1448369,46,5
607560,46,4
615066,46,3
2161399,46,5
595778,46,4
140157,46,5
1523671,46,4
790183,46,3
364153,46,4
1894049,46,5
1621315,46,5
479920,46,3
755503,46,2
2595011,46,5
2463065,46,3
1019154,46,5
1226820,46,5
31192,46,4
1950879,46,4
1034751,46,4
845219,46,5
2296949,46,3
2219287,46,4
1783555,46,2
1446775,46,1
2120536,46,4
1938298,46,4
1603615,46,3
50360,46,5
2258288,46,4
2011258,46,4
2053690,46,4
2558401,46,4
1073785,46,3
1757606,46,3
300777,46,3
721680,46,4
1333396,46,5
299287,46,4
804364,46,2
2472612,46,3
1149181,46,4
2236442,46,4
1880009,46,5
657997,46,4
1368715,46,4
1126958,46,5
1115169,46,3
974179,46,5
1936582,46,5
720415,46,5
200712,46,5
95133,46,3
34966,46,4
1532399,46,4
2009329,46,4
2299951,46,4
280542,46,5
874700,46,5
1414487,46,4
14185,46,4
1144042,46,4
2630933,46,5
2024580,46,3
847313,46,4
1573228,46,3
264725,46,4
2199237,46,3
1439770,46,5
168624,46,1
163515,46,4
1229162,46,5
1696594,46,4
2276878,46,4
613861,46,5
372592,46,4
175445,46,2
2474409,46,4
1621089,46,5
2550506,46,4
490957,46,5
2427474,46,5
1274788,46,4
2539101,46,5
1015680,46,4
2623852,46,4
1034781,46,5
755346,46,3
1878907,46,4
1803801,46,5
434171,46,4
1371592,46,5
2602667,46,4
931316,46,4
69801,46,4
788262,46,5
1576491,46,4
1073747,46,3
1228200,46,3
545306,46,5
493978,46,3
2589029,46,4
1349743,46,5
181592,46,5
1655303,46,3
1683346,46,4
1995832,46,4
1627867,46,5
992512,46,4
108255,46,3
1283508,46,5
120762,46,4
1559883,46,4
496312,46,5
2253829,46,5
2113219,46,5
2168117,46,4
865622,46,2
939492,46,4
1772284,46,4
2598766,46,5
2464143,46,4
898676,46,5
320371,46,5
1788267,46,2
828654,46,4
1218225,46,5
1399852,46,4
425245,46,3
929769,46,4
2092609,46,4
879123,46,2
1788137,46,3
1026638,46,5
481980,46,3
1685536,46,4
522534,46,3
1790918,46,4
908482,46,3
1249692,46,3
1181215,46,3
1740492,46,3
799339,46,2
2215021,46,4
2493673,46,1
2600761,46,5
1652323,46,1
2580611,46,4
389254,46,5
667375,46,4
810432,46,5
310125,46,4
1973503,46,5
542733,46,5
1407005,46,4
1135596,46,5
1155011,46,5
2154875,46,5
397596,46,3
15676,46,5
735313,46,5
1257450,46,3
2205498,46,4
2216274,46,4
1751912,46,4
1010505,46,3
1626727,46,2
723408,46,4
1287892,46,3
1114364,46,5
2138296,46,3
450111,46,4
2331318,46,5
546397,46,4
1520179,46,5
2338157,46,3
1973900,46,3
1427482,46,3
513085,46,4
2112700,46,3
1305946,46,4
2372150,46,4
775171,46,4
484044,46,3
2580969,46,4
89086,46,4
456367,46,5
2364213,46,3
2223310,46,3
2277140,46,5
1810226,46,4
1170955,46,5
1793442,46,5
2414331,46,5
670448,46,4
864707,46,5
2234561,46,5
1704412,46,2
1074676,46,3
2120610,46,4
10733,46,4
2360021,46,5
156401,46,3
755820,46,3
1089987,46,3
2440605,46,3
1240186,46,4
2073913,46,3
1184537,46,2
2461227,46,4
492896,46,3
227217,46,3
301773,46,5
1928961,46,4
299857,46,3
2315073,46,4
2276627,46,1
115055,46,4
1927904,46,3
550563,46,4
265260,46,5
739139,46,1
911837,46,4
594805,46,3
386156,46,4
904868,46,5
279320,46,5
571616,46,4
35516,46,3
408200,46,5
1328708,46,5
733187,46,2
905048,46,2
1168789,46,4
1682604,46,2
953092,46,2
602683,46,5
2256127,46,5
2576076,46,4
2565007,46,3
1130754,46,5
1261744,46,4
1727232,46,5
54864,46,1
1479892,46,4
998502,46,4
1144950,46,5
123518,46,4
2440608,46,5
705960,46,3
1140109,46,5
311732,46,3
1151711,46,3
2129864,46,4
2583530,46,5
137987,46,3
1976520,46,4
559608,46,4
2062002,46,5
1046651,46,4
1390001,46,4
1558294,46,4
123750,46,3
285881,46,3
986875,46,5
998104,46,4
1404960,46,5
920852,46,5
129744,46,5
2021646,46,5
1764570,46,3
48170,46,4
950733,46,4
1619934,46,2
1228392,46,5
360001,46,5
1234115,46,2
140498,46,4
1892504,46,4
1665354,46,4
996425,46,3
1963714,46,3
1297706,46,3
1306465,46,5
2283041,46,3
418717,46,4
403915,46,3
1059661,46,1
486750,46,3
938931,46,2
1552111,46,2
2404300,46,3
2316337,46,4
1684210,46,3
1432612,46,5
355195,46,5
2060522,46,4
1855147,46,4
2605970,46,3
415015,46,5
1077124,46,5
57047,46,5
422879,46,3
1594061,46,5
185001,46,3
570532,46,3
1009931,46,3
1768973,46,4
1647714,46,3
1004652,46,5
2512658,46,3
1943141,46,5
212643,46,4
160306,46,4
2193771,46,2
2147714,46,3
2050396,46,3
116977,46,1
1113293,46,3
389685,46,4
1275262,46,5
546475,46,4
461907,46,4
102513,46,5
732936,46,5
1982057,46,5
415002,46,3
1355675,46,5
1578237,46,5
308122,46,4
2467365,46,5
2641668,46,4
2570444,46,5
2554084,46,5
290360,46,3
1248774,46,4
2179005,46,4
148836,46,5
351266,46,4
2290607,46,5
1468108,46,3
1165790,46,5
2057838,46,5
1507611,46,4
278575,46,4
131016,46,5
1915821,46,5
349911,46,3
802951,46,3
349149,46,4
1940820,46,4
1739230,46,3
2631821,46,4
1873315,46,5
1207618,46,3
623709,46,5
1538393,46,5
1763220,46,3
1888796,46,4
1648128,46,5
1939158,46,4
972394,46,3
763840,46,5
2120864,46,4
341649,46,3
482468,46,4
1371108,46,4
2460504,46,3
705215,46,3
117443,46,5
1520207,46,5
496750,46,5
214794,46,4
1511096,46,4
333267,46,3
1680684,46,4
1015633,46,3
2392538,46,3
2205366,46,4
2379395,46,5
920758,46,4
1969045,46,5
622685,46,5
1857001,46,4
532653,46,2
936093,46,4
2287214,46,2
76590,46,3
1816632,46,5
2581876,46,3
166963,46,1
399906,46,5
1095085,46,5
1900382,46,5
2121655,46,3
2621201,46,2
1013642,46,4
427460,46,3
1612996,46,5
983993,46,5
1326648,46,4
1167841,46,4
367620,46,5
1421820,46,3
382740,46,4
369756,46,5
2365084,46,2
1640334,46,5
362024,46,4
713081,46,5
1637971,46,5
1674808,46,2
2209012,46,4
888991,46,5
860520,46,4
1494130,46,4
2360393,46,4
2391060,46,2
2462154,46,4
933003,46,4
2631551,46,5
988509,46,2
1831596,46,2
1191743,46,4
113812,46,5
219250,46,3
131133,46,5
447218,46,4
2195865,46,3
1964758,46,5
287595,46,3
188568,46,5
2341852,46,4
916460,46,3
368756,46,5
1269286,46,5
297739,46,4
1008517,46,4
1901285,46,4
1979488,46,3
1487733,46,5
122051,46,5
240012,46,3
1334997,46,4
1816992,46,2
2392623,46,5
529735,46,4
2408213,46,4
1941022,46,4
1521217,46,5
919393,46,5
1518289,46,2
272544,46,3
910295,46,2
1546976,46,4
2392045,46,3
2065445,46,3
1487144,46,3
580231,46,3
2540225,46,5
2584980,46,4
417247,46,4
2511112,46,4
129766,46,4
102383,46,5
1948838,46,4
2562675,46,4
931751,46,5
1540750,46,5
363777,46,5
2515595,46,5
1985267,46,3
1049239,46,3
172377,46,5
2083367,46,5
1453798,46,4
437371,46,4
866133,46,5
1178284,46,4
2339734,46,4
1017784,46,4
490553,46,4
591210,46,5
2060480,46,4
2142326,46,4
394664,46,4
2278186,46,4
1778378,46,3
2219225,46,4
2170295,46,4
844207,46,4
2620782,46,5
1409853,46,3
1303306,46,4
2060067,46,3
1327727,46,4
1630436,46,5
633890,46,3
1326740,46,3
358203,46,3
1576201,46,4
2036365,46,2
2116221,46,5
424620,46,4
2585513,46,5
1637857,46,4
1252560,46,4
2185798,46,4
2163718,46,4
1078759,46,4
719725,46,3
2286380,46,5
657582,46,1
1222167,46,3
2229490,46,4
1013676,46,5
2068841,46,5
329721,46,4
989357,46,4
988669,46,5
1571938,46,3
1087004,46,3
1420026,46,4
1073898,46,5
163874,46,4
409850,46,5
1057915,46,2
732955,46,4
2491575,46,3
1149933,46,4
1204685,46,4
1604115,46,2
72607,46,2
2043095,46,5
879858,46,4
2678,46,3
1470123,46,3
2001736,46,4
2578279,46,4
1853638,46,4
2569071,46,3
1112235,46,5
911006,46,1
241917,46,5
416265,46,3
2183302,46,4
1462360,46,5
2517621,46,5
352325,46,5
2226276,46,5
1119695,46,3
3998,46,4
1998723,46,5
1818527,46,4
375770,46,3
875404,46,4
1685912,46,5
2469010,46,3
481079,46,4
777726,46,3
2243988,46,3
2521563,46,4
2504544,46,3
617679,46,4
1204497,46,4
2318245,46,5
973313,46,3
2188580,46,3
2309509,46,5
1228475,46,5
2377906,46,4
1271094,46,5
582264,46,5
2387636,46,5
2165986,46,5
976520,46,4
92394,46,2
2368877,46,3
1958584,46,4
768176,46,5
601771,46,5
1454142,46,4
2371791,46,5
1358866,46,5
701443,46,3
1183553,46,3
2273779,46,3
2455878,46,4
1859686,46,4
2081090,46,3
1547806,46,5
1864127,46,4
157094,46,3
1578321,46,1
1334523,46,5
108412,46,5
1034488,46,5
846288,46,4
1968581,46,5
1388385,46,5
2401852,46,5
1301423,46,2
2349059,46,5
1795320,46,1
2108378,46,2
1706747,46,4
151920,46,3
2640009,46,4
2156178,46,3
948341,46,4
1407214,46,3
1731143,46,4
1351793,46,4
2329552,46,1
2562786,46,4
2621071,46,4
25954,46,5
1421913,46,2
1877699,46,3
1095779,46,4
524702,46,5
522278,46,5
2473448,46,4
2433081,46,2
324887,46,3
187868,46,5
2162653,46,5
2489515,46,4
1551926,46,4
58802,46,4
1379722,46,3
391661,46,4
425179,46,3
2365577,46,3
1364358,46,5
18909,46,5
297306,46,3
1100350,46,3
1444657,46,3
91893,46,3
1902838,46,3
1446909,46,5
987626,46,4
895375,46,3
2038806,46,3
829101,46,4
1727193,46,2
117347,46,4
951806,46,5
577547,46,4
1077806,46,3
991649,46,4
2396898,46,4
307023,46,4
98673,46,4
1754192,46,5
1809804,46,5
343640,46,5
2296108,46,3
371954,46,4
914358,46,5
1849454,46,4
2258984,46,5
707748,46,5
306169,46,5
1049822,46,5
1093792,46,5
1323861,46,5
2254289,46,5
2593176,46,5
347093,46,4
1417920,46,3
680052,46,1
1388194,46,5
1940995,46,5
2037365,46,4
114873,46,4
1043919,46,5
1973114,46,3
205696,46,3
1416204,46,3
645484,46,2
792428,46,5
297896,46,3
2563721,46,5
595725,46,4
1171236,46,2
627531,46,3
1186032,46,3
612921,46,5
858014,46,3
1013835,46,4
114910,46,4
1000406,46,2
1783356,46,4
57816,46,4
2359622,46,4
1363059,46,4
740199,46,5
593428,46,3
117032,46,5
671697,46,5
533295,46,4
1203925,46,4
1369301,46,2
1402813,46,3
90297,46,4
2496899,46,4
2125302,46,2
1867839,46,3
2436305,46,4
2343720,46,3
2584718,46,4
2522229,46,5
109541,46,4
1459848,46,4
1679132,46,4
1084137,46,5
2289798,46,5
1845777,46,3
1871627,46,5
1292216,46,5
2313162,46,3
2597077,46,5
2180134,46,5
1800701,46,3
1662098,46,4
48282,46,4
1502807,46,5
467980,46,4
65485,46,3
583344,46,4
1112665,46,4
323510,46,5
1948804,46,4
2009562,46,5
2205125,46,2
613878,46,4
226477,46,5
2410606,46,3
758230,46,4
1433580,46,5
1738843,46,5
2142858,46,4
2106417,46,4
1181609,46,4
217317,46,4
1922809,46,4
1139355,46,4
1390678,46,4
1047394,46,3
1809614,46,5
1810064,46,3
314418,46,2
1034766,46,5
1954658,46,5
1577696,46,5
2557296,46,3
2568004,46,4
740515,46,5
2496715,46,3
2223273,46,2
933091,46,3
502758,46,4
1640546,46,4
1636382,46,3
1927855,46,4
572481,46,1
385227,46,5
2029403,46,4
1817838,46,4
1105045,46,3
332300,46,4
1508444,46,5
905218,46,5
1069199,46,3
1296281,46,3
2564497,46,4
783747,46,4
165806,46,4
1480215,46,5
134441,46,2
1272223,46,2
1235008,46,4
1897522,46,4
673769,46,4
359343,46,5
444105,46,4
1095791,46,3
519761,46,1
1134932,46,3
2043784,46,3
1499287,46,5
1288207,46,5
1959760,46,2
2462919,46,4
1136678,46,3
2208540,46,5
110578,46,3
2372021,46,4
2012641,46,2
1269330,46,4
503467,46,4
1636045,46,3
1346159,46,4
2376858,46,3
1425494,46,5
2339545,46,4
383858,46,4
660605,46,5
1811688,46,5
2182331,46,3
967464,46,3
1775807,46,3
1788823,46,5
53548,46,4
1783204,46,3
463819,46,5
1546259,46,3
85743,46,2
1394402,46,5
1025559,46,5
2297136,46,3
1762633,46,2
137309,46,4
2051756,46,2
1539813,46,3
1757132,46,5
190282,46,5
135409,46,4
1394957,46,4
850983,46,5
462171,46,3
2444202,46,5
2028632,46,3
201341,46,5
1191964,46,5
1769783,46,4
641264,46,5
323761,46,2
1450100,46,4
1456270,46,3
2559036,46,3
2080562,46,5
2412161,46,4
291407,46,5
2530503,46,4
2365380,46,5
1136842,46,5
122559,46,4
1471610,46,5
1255433,46,4
2496874,46,3
1668615,46,3
1700054,46,4
101807,46,5
1234576,46,4
1494238,46,5
409676,46,1
2102273,46,2
2047761,46,3
2242281,46,3
2384387,46,4
880097,46,4
1605212,46,1
102062,46,5
1269887,46,3
723219,46,3
1633211,46,4
2004371,46,5
655340,46,4
1252558,46,3
74427,46,5
2389209,46,4
527045,46,5
2506228,46,4
1024693,46,3
985172,46,5
963541,46,3
1802392,46,2
2158839,46,1
2580482,46,4
1578281,46,3
1667278,46,4
1505182,46,4
256350,46,4
1388314,46,5
1189287,46,4
1823202,46,5
1046692,46,4
540404,46,5
1758219,46,4
2402599,46,4
857853,46,4
2358990,46,3
1715473,46,3
2310027,46,4
660649,46,4
2450896,46,3
2479857,46,4
451086,46,5
1094850,46,4
991635,46,5
1496851,46,4
1312635,46,3
1189210,46,2
414326,46,5
267613,46,3
2239387,46,3
1286747,46,5
1120003,46,3
612275,46,2
981455,46,4
265904,46,4
92343,46,3
594304,46,3
1424084,46,1
1142519,46,3
330866,46,4
1322927,46,4
73321,46,4
2629452,46,4
894805,46,4
2386977,46,4
939179,46,4
1735438,46,4
1542456,46,4
134053,46,5
2462235,46,4
1840438,46,5
703328,46,4
2260762,46,5
516437,46,5
2321416,46,3
2371349,46,3
2443526,46,4
936713,46,3
975592,46,5
249762,46,5
536015,46,4
1405941,46,4
1379561,46,4
127958,46,3
556619,46,5
2384044,46,3
2262890,46,3
821436,46,2
2070560,46,3
306640,46,2
2264286,46,5
1677588,46,1
521081,46,5
518099,46,2
709336,46,3
839726,46,5
1870679,46,1
1961877,46,4
2580565,46,4
114701,46,5
374581,46,5
2283695,46,4
2246066,46,4
2400283,46,3
1767795,46,4
795341,46,3
1234452,46,5
1925513,46,5
1830564,46,3
890221,46,4
1321630,46,4
2556923,46,2
692629,46,4
1817217,46,4
750863,46,5
879482,46,3
1753001,46,1
1850992,46,3
840763,46,4
168263,46,3
2223604,46,3
936844,46,4
2087190,46,3
1347765,46,5
2188442,46,5
1424569,46,2
286684,46,4
671155,46,4
674050,46,3
2315548,46,3
220010,46,5
1738198,46,4
2560328,46,5
1363934,46,4
1271015,46,3
1997419,46,4
1502425,46,4
2529516,46,4
1819899,46,3
864068,46,5
2416933,46,4
966611,46,4
2299932,46,4
1286247,46,2
1378567,46,2
835130,46,4
2346556,46,5
1795450,46,4
1145618,46,4
767341,46,4
965050,46,5
1280149,46,5
1011574,46,3
1240927,46,4
57344,46,4
1414339,46,5
111999,46,4
699160,46,2
2101973,46,3
2559608,46,3
1895929,46,5
968184,46,3
452323,46,4
920168,46,5
2386456,46,3
1178846,46,3
949206,46,2
977733,46,5
993550,46,5
528920,46,3
2050441,46,2
1851429,46,5
2593913,46,5
1026933,46,5
176934,46,4
120549,46,4
987740,46,3
2636867,46,3
1982293,46,5
1659519,46,5
241036,46,3
279966,46,5
1225078,46,4
1843005,46,4
743341,46,4
491078,46,5
1930235,46,4
108506,46,4
1981037,46,4
1555484,46,3
99021,46,3
527898,46,5
429034,46,3
10574,46,5
2400866,46,2
1747859,46,4
2546078,46,4
1787218,46,3
862040,46,2
353575,46,4
1311898,46,3
2536547,46,5
632313,46,4
881664,46,4
1476458,46,2
1779767,46,3
899018,46,5
591739,46,4
62285,46,3
1520164,46,4
2618075,46,3
1539007,46,2
347276,46,4
2474837,46,3
1600546,46,4
1460180,46,5
813025,46,5
2378231,46,5
2163234,46,5
2094807,46,3
805589,46,4
371029,46,4
646562,46,4
1848868,46,4
807527,46,3
2092788,46,5
154924,46,3
2264259,46,3
1820824,46,3
668669,46,5
2440182,46,3
2341658,46,4
2369453,46,5
339762,46,3
2212303,46,3
751091,46,3
1116538,46,1
1396735,46,4
751367,46,5
1885246,46,3
2537745,46,3
1974216,46,2
1170924,46,4
1715714,46,3
2080549,46,4
1856091,46,3
2541020,46,5
1370666,46,4
1298511,46,5
2617185,46,2
184888,46,2
2401372,46,4
438403,46,3
357955,46,3
1969199,46,3
1627487,46,5
1015696,46,5
2518677,46,4
134122,46,4
1991379,46,5
1683524,46,4
227821,46,5
1105276,46,5
117581,46,5
1752588,46,5
505558,46,4
559893,46,5
1675183,46,4
501190,46,2
1531210,46,4
2006159,46,4
825637,46,4
828349,46,3
1040501,46,4
975522,46,5
1463361,46,4
761220,46,2
925551,46,1
1951842,46,4
801293,46,5
2509976,46,5
1011240,46,3
106961,46,2
885938,46,5
123389,46,4
1790828,46,3
978624,46,3
497752,46,4
1333236,46,4
949900,46,5
1702561,46,5
2414411,46,2
2470428,46,4
1998128,46,4
178731,46,5
336239,46,4
1043571,46,4
1373027,46,5
1673744,46,3
2417652,46,5
1400327,46,3
1974267,46,5
248782,46,3
2610969,46,3
2483005,46,4
1924639,46,5
1590841,46,3
1792378,46,4
525624,46,4
2495337,46,5
188826,46,4
109831,46,4
956623,46,3
1821474,46,2
2302576,46,4
2198341,46,4
2468476,46,4
2521205,46,5
2637773,46,5
668106,46,1
1465945,46,4
2625471,46,2
2370089,46,5
2076738,46,2
1295603,46,3
242098,46,3
984128,46,3
1717926,46,5
817183,46,2
1467436,46,4
776618,46,3
1412962,46,5
425978,46,5
197101,46,3
1672647,46,5
1337293,46,3
1917540,46,3
1586722,46,5
477158,46,3
2210674,46,5
465497,46,3
504503,46,2
575899,46,5
103484,46,3
733852,46,3
704058,46,3
2389989,46,4
1547711,46,4
1249529,46,3
502637,46,5
1072159,46,3
740510,46,5
764157,46,5
1819608,46,3
2458701,46,4
2639627,46,3
111736,46,5
1607555,46,2
1450015,46,3
1861167,46,4
202114,46,2
1813774,46,5
242797,46,3
2393981,46,2
2640760,46,4
369812,46,2
1106579,46,1
808020,46,5
1037924,46,5
998688,46,3
1483098,46,3
1718526,46,4
1512836,46,3
1123852,46,3
1363796,46,3
1125802,46,4
2163030,46,3
1273304,46,5
2458962,46,5
262611,46,5
1380577,46,1
710398,46,5
1851625,46,4
261901,46,4
2030809,46,5
1968331,46,4
712024,46,5
2506048,46,3
891099,46,5
1475917,46,3
1180755,46,3
1070701,46,5
2440601,46,2
2036971,46,3
1918073,46,5
412040,46,5
71594,46,4
1233457,46,4
1369468,46,3
349034,46,5
2028857,46,4
2431829,46,4
2319353,46,3
1466453,46,3
1659198,46,4
1657568,46,4
2276130,46,5
1841229,46,4
694687,46,4
2290732,46,4
605900,46,3
246687,46,3
1434643,46,2
2626336,46,4
377975,46,4
1147147,46,5
1611512,46,3
437586,46,2
1899073,46,4
1008085,46,5
2146820,46,3
2526589,46,5
1221872,46,5
497453,46,5
416274,46,5
1538940,46,5
1747111,46,5
2487603,46,3
984439,46,4
1618721,46,4
810019,46,5
1407998,46,3
2533067,46,5
2353376,46,5
564916,46,5
2068698,46,4
275338,46,4
961572,46,4
1094019,46,4
1326135,46,4
781512,46,5
66120,46,5
1428767,46,5
2535094,46,5
1229352,46,4
315894,46,4
1722960,46,4
828703,46,4
1652692,46,5
2575999,46,5
1695022,46,3
278224,46,5
1429690,46,4
1561553,46,4
109207,46,2
949978,46,4
2372141,46,1
349331,46,1
1779906,46,3
1010393,46,5
1521960,46,5
733896,46,3
672421,46,3
975229,46,4
409883,46,5
139989,46,3
2514919,46,4
1288058,46,4
1418622,46,4
1179164,46,4
1705822,46,4
1234703,46,5
417898,46,5
25483,46,3
2503730,46,2
954403,46,3
719246,46,3
2475375,46,5
1304566,46,5
2483638,46,2
2521103,46,2
1008929,46,4
2051709,46,4
329013,46,3
2179021,46,5
2273623,46,4
957678,46,3
224053,46,5
352684,46,3
1346943,46,4
1640034,46,4
2265638,46,3
1587311,46,3
746873,46,5
64120,46,3
1523169,46,3
2634074,46,3
348244,46,4
2366605,46,3
145566,46,3
1720861,46,5
122946,46,2
1418637,46,4
426753,46,4
472225,46,5
2307445,46,4
1092625,46,3
378591,46,4
2136216,46,4
853135,46,4
1650430,46,3
1344086,46,3
1855759,46,4
404583,46,4
1658265,46,5
660959,46,5
1790212,46,3
1112779,46,5
101147,46,5
1811425,46,3
1893662,46,3
2342019,46,3
2448030,46,3
593241,46,4
1783292,46,4
448921,46,3
1205781,46,5
2636478,46,3
921378,46,2
1478956,46,4
329687,46,3
1723352,46,3
1082476,46,5
2224272,46,3
2184630,46,4
213845,46,4
1005439,46,1
2600138,46,5
1889651,46,5
774183,46,5
1182779,46,3
2124416,46,4
609264,46,4
1339451,46,3
660228,46,4
1287593,46,5
1238184,46,3
131639,46,3
2068002,46,5
312937,46,3
1000079,46,4
1680398,46,5
2465755,46,4
1205634,46,4
587889,46,5
473967,46,4
1058172,46,5
1654264,46,5
2236539,46,4
1587220,46,5
1631272,46,5
2063884,46,5
323026,46,3
2052580,46,5
507498,46,3
680045,46,3
668065,46,2
973777,46,3
323784,46,3
1822733,46,3
2032861,46,3
2098084,46,4
1978543,46,3
2253692,46,3
2406094,46,5
2420683,46,2
2534017,46,3
433342,46,3
867068,46,1
201707,46,4
644339,46,3
1203835,46,4
923298,46,5
2365059,46,4
1681088,46,5
2077006,46,5
1243530,46,5
1017063,46,4
1782022,46,5
115549,46,5
2269328,46,3
1242071,46,5
2037536,46,4
1214660,46,5
186243,46,5
1107664,46,4
885210,46,5
2635042,46,4
1807253,46,5
1972056,46,3
1951798,46,5
2445713,46,3
1666002,46,3
627435,46,1
2629765,46,3
2437174,46,4
1327885,46,3
1224000,46,4
671869,46,5
219924,46,4
1694970,46,4
2515812,46,5
1230061,46,5
1339740,46,5
939299,46,5
945460,46,5
1783226,46,4
2323846,46,4
658059,46,4
1338981,46,3
1671947,46,5
790780,46,2
2035310,46,4
962188,46,3
611729,46,3
43738,46,3
2155298,46,2
1711804,46,4
297718,46,4
2361605,46,5
2074591,46,2
1048629,46,4
2139353,46,2
1961021,46,2
1917470,46,3
2206679,46,5
1077363,46,4
2003837,46,4
841930,46,5
2277058,46,4
1308407,46,1
2525618,46,4
736264,46,3
1763606,46,5
2310814,46,3
1042584,46,2
2222119,46,4
1995860,46,4
295485,46,5
95146,46,2
2154050,46,5
365840,46,2
353383,46,5
486017,46,3
2449001,46,3
417614,46,5
1210211,46,5
1666213,46,3
2238092,46,5
1874720,46,5
1561760,46,3
609556,46,5
2584924,46,5
2309047,46,5
1194911,46,3
646840,46,1
1334936,46,2
1381356,46,4
901075,46,3
2081462,46,1
1735589,46,5
1717474,46,5
2433610,46,4
2521240,46,5
1233239,46,4
2071037,46,1
2534061,46,3
1368422,46,2
881408,46,5
2212232,46,4
351141,46,5
2385925,46,3
1188144,46,5
1545805,46,5
54614,46,5
261724,46,4
354983,46,1
1122804,46,5
311144,46,5
1800335,46,3
1399294,46,3
1838902,46,3
1693441,46,5
888450,46,2
880497,46,4
1223427,46,1
2398821,46,1
1993633,46,3
826270,46,4
700049,46,3
2571563,46,4
1082408,46,2
2482881,46,4
1310756,46,4
1900445,46,3
770903,46,4
41033,46,5
547392,46,4
2557968,46,4
891561,46,5
59697,46,4
2147765,46,5
2116230,46,4
1648353,46,4
988266,46,3
1692499,46,2
623014,46,3
1730947,46,5
1203567,46,4
2411618,46,3
1223553,46,2
2413595,46,5
1574597,46,4
1260877,46,5
231131,46,3
1323788,46,3
786931,46,3
111002,46,4
458392,46,5
710621,46,5
1264021,46,1
976336,46,4
501211,46,4
1204018,46,5
636569,46,5
2105834,46,5
67637,46,4
58399,46,4
2179353,46,5
2114807,46,5
2607155,46,1
2415041,46,5
1121133,46,4
107138,46,4
597651,46,5
1018660,46,5
1878523,46,5
1047355,46,4
1446054,46,5
1411327,46,5
1873281,46,4
53919,46,4
1062450,46,5
405573,46,1
2357578,46,5
558674,46,4
2385963,46,3
752853,46,5
1657258,46,2
1724156,46,3
1195392,46,3
2008415,46,4
214501,46,5
2490545,46,5
2628250,46,5
1197042,46,4
893294,46,3
2261893,46,2
655837,46,3
2065307,46,5
1706987,46,1
1049302,46,4
2638572,46,5
935285,46,4
1907373,46,5
386947,46,3
2180255,46,3
1988886,46,3
1494801,46,5
296229,46,5
834583,46,3
2117215,46,5
328909,46,3
2187237,46,3
1836594,46,5
2156165,46,2
1922774,46,4
333844,46,5
89201,46,2
2559602,46,5
911828,46,3
2456207,46,2
480305,46,1
731685,46,3
889661,46,2
1172676,46,2
2446344,46,3
2216264,46,3
2329289,46,3
128348,46,3
1288336,46,4
850008,46,5
665996,46,1
670416,46,5
1308814,46,5
1518352,46,5
2439948,46,3
2608282,46,3
784305,46,1
120579,46,5
1039760,46,3
227387,46,5
1213378,46,3
426436,46,4
1686134,46,4
57019,46,4
1170241,46,4
2126168,46,4
1877896,46,5
2427965,46,3
1363282,46,4
2621969,46,5
1992477,46,4
880654,46,5
87206,46,5
2619034,46,4
383404,46,4
2050911,46,2
725220,46,4
1065535,46,1
441266,46,4
550615,46,5
1400660,46,3
107934,46,3
754185,46,1
1702691,46,4
1084108,46,2
2094973,46,5
613964,46,3
1788180,46,1
2351276,46,3
93769,46,4
696288,46,2
1277268,46,3
761476,46,3
1124572,46,4
1572933,46,2
1869720,46,4
2254929,46,3
690747,46,4
1503516,46,4
1206536,46,5
2151488,46,4
335615,46,4
1690470,46,3
271346,46,4
408457,46,2
1581343,46,1
1693154,46,5
651010,46,5
497986,46,4
730856,46,5
1770708,46,5
2512235,46,3
1111488,46,4
2135176,46,3
96131,46,5
2503230,46,3
956846,46,5
249979,46,3
1146000,46,1
1530968,46,3
1861147,46,2
1961159,46,4
1448210,46,4
1640722,46,4
482904,46,1
715339,46,5
1569176,46,5
576662,46,1
1649070,46,3
1775996,46,3
1505707,46,5
1047426,46,4
369120,46,4
707103,46,3
2110299,46,4
1782686,46,4
1382951,46,1
2544967,46,2
2600616,46,5
2122699,46,4
924956,46,3
1088391,46,4
84947,46,5
245371,46,3
437978,46,4
1892633,46,3
977606,46,3
1981973,46,4
87118,46,4
329670,46,5
864514,46,4
2403881,46,4
1513550,46,5
2635326,46,5
184765,46,3
1483333,46,5
2447368,46,1
1571489,46,5
414875,46,3
2210961,46,3
1920765,46,5
476061,46,2
1263996,46,5
1996795,46,4
977354,46,5
1398397,46,4
74213,46,4
79257,46,5
1544632,46,5
671079,46,5
197664,46,4
216451,46,4
38115,46,4
1628419,46,5
1236997,46,5
749593,46,4
2237957,46,3
1841608,46,5
1504708,46,4
215078,46,3
2627451,46,5
1000851,46,3
479605,46,4
494452,46,5
1859983,46,4
1330226,46,3
352712,46,4
623492,46,4
1199496,46,5
771094,46,5
2610750,46,4
1209061,46,1
2574484,46,2
724359,46,3
1511623,46,5
933082,46,2
1242623,46,3
993508,46,4
1265117,46,5
1020669,46,4
888393,46,5
1130820,46,4
1470945,46,5
1883095,46,4
2311078,46,3
719486,46,4
638319,46,5
1833628,46,3
2012113,46,5
1003531,46,5
1642552,46,2
2004939,46,5
729691,46,5
976339,46,3
1241325,46,4
1823645,46,4
1300036,46,2
280207,46,4
1349711,46,4
2292354,46,5
1132232,46,5
1445353,46,4
1641738,46,3
1078346,46,3
678625,46,5
1779282,46,3
297036,46,3
472083,46,3
406024,46,4
1407299,46,5
1997485,46,3
1567372,46,4
2319337,46,4
48093,46,5
1869540,46,4
692479,46,2
928858,46,4
1131685,46,4
359287,46,4
1121362,46,3
466018,46,2
2461468,46,4
1801483,46,4
2193891,46,5
131311,46,5
492058,46,3
1823245,46,5
224250,46,5
2340455,46,5
1192244,46,5
1594837,46,4
1407227,46,4
724071,46,4
1983362,46,4
1048813,46,2
1801490,46,3
542323,46,3
743076,46,4
1788305,46,3
1112255,46,5
375046,46,3
545026,46,2
617331,46,5
1791068,46,3
1811592,46,3
106865,46,3
2531111,46,3
659483,46,3
416808,46,4
789014,46,4
1530851,46,5
736825,46,5
1736311,46,3
369357,46,4
1026792,46,3
581727,46,5
656593,46,2
2295594,46,3
532271,46,3
711385,46,4
2624480,46,5
1445521,46,5
798296,46,3
766133,46,5
591455,46,2
908795,46,5
106504,46,5
1588197,46,4
2375581,46,2
2070917,46,4
778283,46,5
2488020,46,3
1979348,46,3
314244,46,5
937138,46,3
2566804,46,3
299370,46,4
848753,46,3
1590217,46,5
682716,46,4
313950,46,5
30893,46,5
1806913,46,3
2451249,46,4
905075,46,1
2080240,46,2
517619,46,3
1980767,46,3
460795,46,5
1519180,46,4
1956498,46,5
1432290,46,2
682739,46,3
2431535,46,4
460751,46,3
751126,46,5
2569369,46,3
326419,46,3
1758261,46,4
2504186,46,5
1291392,46,5
147389,46,5
819418,46,4
1582952,46,3
641594,46,5
978904,46,3
385081,46,4
2124002,46,3
976319,46,4
2021943,46,3
978866,46,5
2389345,46,4
11415,46,4
1480900,46,4
1182702,46,3
1837098,46,5
1934588,46,2
399971,46,4
1705097,46,5
2040021,46,4
915071,46,5
246550,46,5
533766,46,4
1278390,46,5
1440921,46,4
1363047,46,5
1194119,46,4
1571993,46,2
107319,46,3
1370564,46,4
986712,46,2
2056574,46,3
1318471,46,4
403247,46,2
1064808,46,4
2273360,46,4
1428255,46,4
1517290,46,2
2477339,46,2
110260,46,3
2565354,46,5
948271,46,4
2458107,46,5
607188,46,2
1268144,46,5
112886,46,5
1545035,46,4
497170,46,4
1326441,46,5
2516486,46,5
1085241,46,5
303712,46,5
385371,46,5
207782,46,5
831839,46,3
342877,46,4
2097445,46,4
1915732,46,3
2582768,46,1
2535916,46,4
2591450,46,5
412439,46,4
1363523,46,5
693157,46,3
1369633,46,5
54870,46,3
2229801,46,5
104042,46,3
1467105,46,5
1647980,46,5
385553,46,5
1290148,46,3
979633,46,4
936113,46,3
1553361,46,4
1650704,46,4
2327365,46,4
1357531,46,5
2061176,46,3
1176354,46,5
397612,46,5
1566368,46,2
1377989,46,5
534090,46,5
474149,46,2
2239902,46,3
1351421,46,3
51453,46,3
884461,46,4
2434632,46,2
1115472,46,5
466937,46,4
1601140,46,4
2516214,46,2
2498442,46,4
750263,46,4
1249357,46,4
987299,46,4
201321,46,4
2419751,46,5
2421581,46,4
2072840,46,4
1320390,46,3
5652,46,5
630723,46,4
1827513,46,4
2387463,46,2
1402978,46,5
1246973,46,5
1097099,46,3
888676,46,5
2201072,46,3
2390255,46,2
1071443,46,3
944229,46,4
1397857,46,5
2110498,46,3
212846,46,4
2396595,46,3
561206,46,3
1543837,46,4
798972,46,5
2002112,46,4
2334318,46,3
1194269,46,2
1426662,46,4
2050590,46,3
2308696,46,4
1833332,46,5
1649852,46,5
334643,46,2
2255920,46,5
1625343,46,5
1562482,46,5
518758,46,4
515459,46,4
2518103,46,4
62449,46,4
2396075,46,4
917149,46,4
1410135,46,5
358792,46,5
1605295,46,4
1074378,46,5
2241988,46,5
1757567,46,3
288740,46,3
1562519,46,3
1978815,46,4
2520489,46,4
64765,46,3
419598,46,4
1575030,46,4
416017,46,3
886841,46,3
2616643,46,3
265257,46,5
2483683,46,3
2172897,46,5
2420259,46,4
158086,46,5
1698898,46,4
25966,46,3
40004,46,5
964320,46,4
2152082,46,3
2446117,46,2
1249472,46,2
736013,46,4
577849,46,5
1315750,46,3
132975,46,5
677031,46,4
1231531,46,4
1476054,46,5
1575939,46,5
1530600,46,5
1253361,46,4
1728706,46,4
1805205,46,5
1381392,46,3
638564,46,3
271037,46,3
1640271,46,3
2509631,46,4
2575640,46,4
823557,46,5
1121521,46,3
1258916,46,4
1450159,46,4
663880,46,4
1262105,46,3
1714506,46,1
2255117,46,4
864192,46,5
279265,46,5
131586,46,4
620552,46,4
1007544,46,5
582957,46,4
200957,46,4
236240,46,3
1034203,46,5
773434,46,4
2325588,46,5
2509929,46,5
2509651,46,3
2164117,46,5
158105,46,4
22123,46,5
1747163,46,4
226945,46,5
1820859,46,5
1147657,46,5
1017586,46,5
1052795,46,4
357252,46,4
982681,46,4
2138723,46,5
181693,46,4
1469231,46,5
1496580,46,5
1508328,46,3
584750,46,5
486529,46,4
1400957,46,5
730502,46,5
2115145,46,3
1635582,46,4
1970088,46,3
74899,46,4
1105117,46,5
1677670,46,5
812629,46,4
2501461,46,3
720145,46,4
1123874,46,1
308176,46,4
305344,46,1
664875,46,3
444577,46,3
464117,46,4
2212144,46,3
2014008,46,5
1651534,46,4
5841,46,5
68114,46,4
1178516,46,4
665822,46,3
1779014,46,4
1743322,46,3
430835,46,4
868406,46,4
90436,46,2
42510,46,2
2402132,46,4
1343948,46,5
633866,46,3
975037,46,4
1131204,46,3
938447,46,5
1247457,46,1
1794583,46,3
524528,46,1
340702,46,3
730007,46,1
1867237,46,4
2022235,46,4
399489,46,4
553039,46,5
2561682,46,5
2203382,46,3
808873,46,3
1436822,46,4
1945567,46,4
2169848,46,5
1204323,46,5
44434,46,2
1484863,46,1
2493849,46,4
1169007,46,3
1393207,46,1
221894,46,4
183227,46,4
2038395,46,5
1565468,46,5
638738,46,3
896306,46,3
211010,46,3
2019271,46,3
2585166,46,3
151395,46,3
677859,46,3
820157,46,3
947574,46,3
1388677,46,3
211815,46,4
672801,46,2
1956276,46,4
968162,46,3
408331,46,2
2167042,46,1
2575115,46,4
1278411,46,4
1466974,46,4
2628462,46,4
2043051,46,4
1766322,46,5
1888914,46,4
99092,46,3
1714630,46,4
1296959,46,5
635056,46,3
670581,46,4
2024134,46,4
2468830,46,4
1671944,46,5
1149215,46,4
1746049,46,5
1410232,46,4
416417,46,5
690740,46,3
1522147,46,3
451822,46,2
410943,46,5
1023333,46,5
2002171,46,4
1222193,46,4
2330928,46,5
796093,46,5
1149610,46,4
2524166,46,4
307168,46,4
1555558,46,2
2207042,46,5
1529028,46,2
521208,46,2
412641,46,5
163288,46,3
10251,46,4
2033070,46,4
1685361,46,4
1839542,46,2
765441,46,4
1052563,46,3
1082770,46,5
2399438,46,3
1327917,46,3
1310819,46,5
2210170,46,4
949240,46,4
1242585,46,4
2591054,46,4
1203347,46,2
275058,46,4
1826093,46,3
89143,46,3
30274,46,5
1322203,46,3
215808,46,4
2556455,46,5
1851181,46,3
188903,46,4
2485278,46,3
74825,46,4
2278766,46,3
90894,46,3
2362641,46,5
2458868,46,4
2564120,46,2
1546281,46,4
1282519,46,5
446163,46,4
1174383,46,5
282654,46,3
1886585,46,4
546576,46,5
2078458,46,5
714952,46,4
1467092,46,3
2640656,46,5
2037693,46,5
2482898,46,3
308257,46,4
1053975,46,2
381941,46,5
2416525,46,5
1310177,46,5
1197250,46,2
1204427,46,5
2523584,46,5
75545,46,5
1458818,46,3
2306038,46,3
2430097,46,5
1317785,46,3
2089279,46,3
2487272,46,4
1362974,46,3
1819560,46,2
625304,46,5
1218000,46,5
689488,46,4
2620277,46,5
2117473,46,5
891954,46,3
1247720,46,5
1173088,46,4
1979497,46,2
357448,46,1
2363249,46,5
74441,46,5
1187293,46,3
283890,46,3
121390,46,3
2204671,46,3
878341,46,3
1511243,46,2
1450484,46,5
2508883,46,4
1641798,46,4
1450106,46,4
99893,46,3
2125984,46,5
2102155,46,3
2504392,46,3
1636337,46,3
2597802,46,2
1192843,46,4
146032,46,4
2522300,46,5
993606,46,5
1065598,46,4
2199837,46,4
1825242,46,3
2573464,46,4
1803891,46,5
2255457,46,5
1943174,46,3
112201,46,3
1874176,46,4
1113813,46,5
2483219,46,4
1346439,46,4
158397,46,1
2377882,46,4
2341817,46,3
1746173,46,5
1358991,46,5
2279562,46,5
2450942,46,4
885927,46,4
2087132,46,3
1006689,46,5
847947,46,4
19318,46,5
1574561,46,5
2472066,46,4
761379,46,4
325376,46,1
1777233,46,4
295174,46,5
1609229,46,5
2629200,46,5
1538355,46,5
533764,46,4
2379667,46,5
1746588,46,4
1200479,46,5
340023,46,4
309063,46,4
2122877,46,4
768876,46,4
1445990,46,5
1849846,46,3
1085566,46,5
2423858,46,4
1750358,46,4
150846,46,5
1275980,46,5
1564927,46,5
2600172,46,3
1653637,46,5
2185643,46,3
718565,46,4
161013,46,3
2352332,46,4
2187711,46,5
426226,46,3
1149153,46,5
2600927,46,3
2539707,46,1
1651874,46,4
708831,46,4
978881,46,3
2023789,46,2
1024031,46,5
6629,46,3
1362048,46,3
1988735,46,3
509554,46,5
641022,46,5
161688,46,4
2108061,46,3
336431,46,4
168861,46,1
558042,46,5
768185,46,4
1022254,46,4
274014,46,5
483677,46,3
78759,46,3
1986896,46,5
1283827,46,5
2205998,46,5
1520861,46,4
2270963,46,3
1074305,46,5
541831,46,3
1562255,46,4
516721,46,5
2257323,46,4
912999,46,2
306569,46,3
1490653,46,2
1780399,46,5
824459,46,3
1554161,46,3
266443,46,5
912913,46,2
2536991,46,4
772825,46,3
1875506,46,2
1516387,46,4
1814991,46,1
1777917,46,3
478425,46,3
829296,46,3
1808201,46,4
1003341,46,5
1776455,46,5
2543482,46,5
1252196,46,4
1223671,46,4
2032263,46,5
1685055,46,5
1879686,46,5
1173751,46,3
836625,46,4
2157185,46,3
989294,46,5
2130168,46,4
1744381,46,5
411653,46,5
1145179,46,2
94686,46,4
1991818,46,4
713912,46,5
2420785,46,2
288420,46,5
557578,46,4
2565612,46,5
1643146,46,4
1637253,46,5
1480781,46,3
988817,46,4
820095,46,3
194044,46,4
2479307,46,3
1960936,46,5
2125631,46,4
1955745,46,3
1739732,46,4
1114717,46,4
90012,46,4
1215390,46,4
269827,46,5
841842,46,5
1345959,46,3
343719,46,3
91953,46,4
2373176,46,5
615064,46,4
806244,46,4
562787,46,3
1595967,46,4
1120295,46,5
2521856,46,5
465717,46,4
2428653,46,2
2609538,46,4
158121,46,3
373433,46,4
655601,46,4
1699752,46,3
1390729,46,3
584352,46,3
1529449,46,3
696793,46,3
1493361,46,5
2312227,46,4
1292631,46,1
1634461,46,3
2282657,46,3
1683266,46,3
895691,46,2
640323,46,4
1933449,46,4
2205259,46,2
752108,46,5
2159290,46,3
1551675,46,3
1284036,46,4
2644299,46,3
271278,46,3
1447641,46,4
2060998,46,4
421777,46,4
2330051,46,4
1396680,46,5
1333975,46,4
1166271,46,3
2124788,46,5
1916942,46,4
847774,46,3
1561914,46,2
395709,46,4
1985315,46,3
2167896,46,4
2063452,46,4
241978,46,5
2551705,46,3
1761431,46,4
14352,46,3
362008,46,3
1493156,46,5
1697451,46,3
742107,46,4
2159557,46,4
1223912,46,4
332649,46,4
1605715,46,4
322866,46,4
2098086,46,5
182996,46,2
983069,46,5
659793,46,3
1159495,46,1
1748002,46,1
1436260,46,4
1306676,46,3
2512749,46,4
1398487,46,4
1734572,46,4
2615152,46,4
1132128,46,4
957152,46,5
2029469,46,4
1721003,46,4
2288193,46,4
2269020,46,3
1347523,46,5
1010669,46,4
538261,46,4
2455437,46,3
2266421,46,3
206005,46,3
1887749,46,3
1778011,46,3
674927,46,2
1912690,46,1
1952209,46,1
2092934,46,5
414638,46,4
2062438,46,4
2319365,46,5
1210026,46,5
152082,46,3
285250,46,2
468608,46,3
1269840,46,3
1392820,46,5
2374376,46,5
2490395,46,3
1389515,46,5
360264,46,5
1646515,46,3
2417320,46,5
2212534,46,2
2366462,46,1
2345723,46,2
1841405,46,3
1751250,46,3
490384,46,5
1632934,46,4
670788,46,5
633086,46,3
914728,46,4
1705392,46,5
1484157,46,3
411512,46,2
1272965,46,3
2410810,46,4
1325705,46,5
1537757,46,5
1795368,46,5
862495,46,5
689183,46,4
1312882,46,2
1079060,46,3
1638252,46,3
1085414,46,4
42616,46,4
1676639,46,5
2241238,46,5
1144537,46,4
1083414,46,5
2199674,46,5
2108263,46,5
190507,46,4
1158810,46,3
39771,46,4
951253,46,4
858298,46,4
383442,46,3
1892532,46,4
1424428,46,5
1736306,46,5
721406,46,4
855933,46,4
2112235,46,4
2000549,46,4
1084384,46,3
296960,46,5
1536289,46,3
223043,46,4
2155077,46,4
635758,46,3
1124491,46,5
1626771,46,5
2293798,46,5
2110107,46,5
861739,46,5
2453869,46,5
2202058,46,4
2457923,46,4
1787192,46,5
971434,46,5
2088957,46,4
2522577,46,2
621052,46,4
1611014,46,5
1966300,46,5
1453646,46,4
2304247,46,4
1213386,46,4
798489,46,5
415762,46,5
2052672,46,2
2360747,46,3
522382,46,4
2548096,46,3
42072,46,4
735296,46,5
861279,46,4
1849872,46,4
512541,46,5
1503951,46,4
2496938,46,4
2239949,46,4
1261985,46,2
780850,46,4
1705201,46,5
1849620,46,4
814408,46,3
64059,46,3
719563,46,5
55825,46,3
2371929,46,2
1706052,46,4
2023638,46,3
1591100,46,4
902603,46,3
1989989,46,5
1090732,46,4
408284,46,4
288162,46,5
42275,46,3
1398655,46,3
636085,46,4
471880,46,3
1155825,46,4
2481417,46,2
2331642,46,4
2392051,46,4
963423,46,4
557068,46,5
912309,46,4
2290314,46,4
940469,46,5
1391588,46,5
1291355,46,5
193925,46,1
1503916,46,4
1843168,46,3
992346,46,2
417046,46,3
1433425,46,5
2405523,46,3
439970,46,3
1633784,46,3
2013738,46,5
589682,46,3
21295,46,3
292582,46,4
2247893,46,5
1961172,46,3
317325,46,3
976534,46,4
709094,46,5
1454500,46,2
724041,46,4
2631477,46,4
1723068,46,5
1135186,46,5
834611,46,4
2573957,46,4
1101078,46,4
796027,46,3
1963783,46,4
1870216,46,5
2102565,46,4
1473095,46,4
1984978,46,1
812339,46,4
1691062,46,4
626377,46,4
1089692,46,3
1114818,46,4
638657,46,4
270850,46,1
1865462,46,3
1386516,46,4
1998465,46,4
942229,46,4
129857,46,4
328651,46,4
2445620,46,2
2350141,46,3
1945316,46,3
1269373,46,4
2621825,46,4
1182812,46,3
575399,46,5
1329904,46,3
2191367,46,5
1509271,46,4
2180090,46,4
1006739,46,5
927271,46,4
2232004,46,5
2158747,46,3
1976237,46,3
1558180,46,4
1152594,46,3
2006892,46,5
473715,46,3
1558826,46,1
747943,46,3
1194124,46,4
580251,46,4
435726,46,4
103436,46,4
370222,46,3
137958,46,3
490057,46,4
896254,46,3
1202962,46,3
2620307,46,4
1182843,46,3
188760,46,3
752642,46,3
514107,46,5
282887,46,4
864904,46,3
1969751,46,2
1934089,46,5
2170200,46,3
1238991,46,4
1145003,46,5
1285082,46,5
49355,46,4
1491751,46,5
851520,46,4
602167,46,3
2143212,46,4
910402,46,4
2401342,46,4
117535,46,5
2307760,46,4
1364604,46,5
898239,46,4
1438498,46,1
525597,46,4
85071,46,5
13891,46,1
1756057,46,3
429876,46,5
697054,46,5
2556405,46,4
1240319,46,5
2407453,46,4
161533,46,5
529849,46,3
837619,46,4
2485676,46,3
1840498,46,5
555528,46,3
1086019,46,5
1062154,46,5
946972,46,5
1782175,46,3
831272,46,3
2464375,46,4
408037,46,3
1188440,46,1
1756620,46,4
1403448,46,3
1219198,46,5
2218735,46,5
1055456,46,4
1260233,46,5
1092898,46,4
701584,46,2
626740,46,4
257331,46,5
2059738,46,4
1639694,46,5
544690,46,5
806834,46,4
1487261,46,3
948172,46,3
914272,46,3
1985225,46,5
109248,46,2
832639,46,3
1096939,46,3
2131287,46,5
1944937,46,4
805207,46,5
209457,46,3
520472,46,4
1908103,46,4
2325730,46,3
1976216,46,5
450743,46,2
499146,46,5
647235,46,5
2375655,46,4
2445689,46,3
1662420,46,3
1315401,46,2
1130507,46,3
2492511,46,4
1352110,46,4
900771,46,5
1620996,46,5
2273147,46,3
1696141,46,3
1628276,46,1
2584126,46,3
452257,46,5
609306,46,3
175025,46,5
546751,46,5
1615767,46,4
2117881,46,4
1924413,46,4
164534,46,4
1971885,46,5
1093339,46,4
2209521,46,4
1266800,46,4
1290347,46,4
1569513,46,4
2206870,46,5
2405561,46,3
874293,46,2
738307,46,5
1223085,46,3
1531817,46,4
1106971,46,5
569365,46,4
267689,46,2
108887,46,3
2403449,46,3
1227662,46,3
1244123,46,1
1561310,46,5
2237907,46,3
2466899,46,4
196544,46,3
2574234,46,5
2578150,46,3
2203388,46,5
1755852,46,3
844459,46,1
1410296,46,5
1060623,46,3
258047,46,4
1706218,46,4
1245081,46,4
2067874,46,4
117577,46,4
2041180,46,5
2022522,46,5
2154572,46,3
1022671,46,5
913927,46,3
1952674,46,4
998950,46,4
1250690,46,3
1224756,46,3
1221034,46,5
967551,46,5
1029561,46,4
1670515,46,4
2189871,46,5
1673613,46,4
17864,46,2
2596410,46,4
1921921,46,1
398661,46,2
654401,46,5
1000634,46,5
1425521,46,3
1275352,46,2
2014468,46,3
1333129,46,3
1782185,46,2
100943,46,3
1395997,46,4
1183856,46,4
948108,46,5
2304758,46,4
561712,46,4
1991863,46,5
2444052,46,3
2548434,46,4
718930,46,5
827097,46,5
869642,46,3
23347,46,3
1732302,46,4
2539408,46,2
2625260,46,4
457773,46,4
1179982,46,2
2237101,46,4
1723777,46,3
1534784,46,4
614934,46,2
1986937,46,4
2532737,46,4
1187457,46,2
2054907,46,2
280380,46,4
2057666,46,4
2337846,46,4
1859991,46,5
909041,46,4
2608886,46,2
1698728,46,4
1457,46,4
673043,46,4
2111942,46,4
1043309,46,4
1542939,46,5
802610,46,2
2293307,46,3
1788231,46,3
447703,46,4
1713977,46,3
764817,46,5
2355652,46,5
1902239,46,4
998550,46,5
1904509,46,4
1598130,46,5
2378038,46,2
1824044,46,2
751174,46,4
1569593,46,3
2160851,46,1
1295112,46,4
1860573,46,4
1300054,46,5
1972929,46,5
733913,46,4
2189144,46,4
21512,46,5
378579,46,4
845356,46,5
76916,46,5
1037770,46,5
1277779,46,5
2629246,46,4
2633293,46,4
901069,46,5
230398,46,3
1091595,46,4
273054,46,3
1761625,46,3
2618815,46,5
1148836,46,5
1943161,46,4
1509400,46,3
351051,46,3
1989080,46,4
1615850,46,2
2597326,46,2
463450,46,3
1849174,46,4
2030286,46,4
1351411,46,1
1267660,46,4
2154075,46,4
2357450,46,5
1640747,46,4
325073,46,3
1312412,46,4
1116818,46,5
1368918,46,5
1356237,46,2
1444690,46,5
1080839,46,3
519040,46,1
2097765,46,4
2524669,46,5
1149049,46,2
1490243,46,4
425343,46,5
396938,46,1
1002780,46,3
1963686,46,3
1943222,46,5
1033393,46,3
16558,46,4
1048405,46,3
403671,46,2
2064995,46,3
1758002,46,5
428084,46,5
1718212,46,4
2518678,46,3
1742718,46,4
39387,46,5
1787151,46,4
1341478,46,4
239229,46,5
762650,46,5
1609651,46,5
1512579,46,3
520194,46,5
772095,46,1
730857,46,3
1850328,46,3
117768,46,4
2166586,46,3
712405,46,5
1446305,46,3
430011,46,2
1777527,46,2
822164,46,5
257501,46,4
407140,46,5
973622,46,3
2507459,46,3
1929765,46,5
354344,46,5
674519,46,3
2458095,46,5
2556700,46,5
47236,46,5
2268037,46,5
1163191,46,5
1227261,46,5
1483852,46,5
2061195,46,4
2171824,46,5
60802,46,5
2401673,46,4
988553,46,3
746310,46,2
1116308,46,5
1396820,46,3
801975,46,5
1869491,46,5
418248,46,4
311343,46,3
363858,46,3
1577163,46,5
880709,46,4
2357391,46,4
702062,46,4
384084,46,3
2067849,46,3
1745463,46,3
2456629,46,2
2596673,46,5
873805,46,3
1507324,46,4
1493983,46,3
1867391,46,4
1529818,46,5
667095,46,2
437955,46,4
1458707,46,3
1044050,46,5
1239283,46,1
1570738,46,5
766285,46,3
1446708,46,4
679035,46,3
454119,46,3
2219243,46,3
124255,46,3
199023,46,5
563942,46,4
701678,46,5
2643695,46,3
415540,46,3
396505,46,3
2105772,46,4
1077082,46,5
121073,46,5
2512862,46,4
346760,46,3
1780196,46,4
250166,46,5
2633985,46,3
582911,46,5
685051,46,4
39551,46,4
1830265,46,3
943256,46,3
1605081,46,4
1903633,46,4
1635523,46,5
1542691,46,4
940066,46,3
2535276,46,4
331655,46,4
1479342,46,2
813594,46,4
1889414,46,3
1879396,46,2
2081775,46,4
2441503,46,4
3495,46,3
1688578,46,4
2482842,46,4
644536,46,5
783570,46,4
1667404,46,5
2101357,46,5
21507,46,5
774049,46,4
1130100,46,4
2056543,46,5
164892,46,4
211205,46,3
1201979,46,5
1867054,46,4
312180,46,4
1318802,46,5
1362341,46,5
68387,46,4
47607,46,3
2629996,46,4
2147072,46,5
2548615,46,4
505449,46,4
1845680,46,4
1239176,46,4
82259,46,2
109746,46,3
2018955,46,5
1596784,46,3
1874122,46,5
1160772,46,3
772652,46,4
246852,46,4
524807,46,4
1108050,46,4
1622462,46,4
1249138,46,3
1327969,46,5
1698921,46,5
109079,46,2
8660,46,4
2296164,46,5
1361657,46,5
1994798,46,3
559753,46,5
293702,46,4
1071153,46,5
1811668,46,4
1630031,46,3
772538,46,2
1245275,46,4
2179550,46,4
2412372,46,2
1545267,46,3
1699490,46,3
1885714,46,5
1724102,46,4
410903,46,5
2165887,46,5
1237384,46,4
2217162,46,4
478659,46,3
135878,46,5
1002517,46,3
1516204,46,5
2610469,46,5
2558876,46,4
2404203,46,5
185351,46,5
1484853,46,5
2104033,46,3
1690785,46,4
521518,46,5
191911,46,4
2482753,46,3
620938,46,3
2093936,46,3
1190829,46,3
38149,46,3
1708554,46,5
2109031,46,5
729432,46,5
880269,46,3
2006759,46,4
1109711,46,5
1810656,46,4
979871,46,4
1630758,46,3
923918,46,2
1007307,46,5
1123549,46,4
2491249,46,5
38377,46,4
1811963,46,4
332208,46,4
1613281,46,5
2222576,46,4
1034381,46,5
949401,46,4
873369,46,3
1724933,46,3
96133,46,3
1769002,46,5
768097,46,5
1210427,46,3
2318867,46,2
43797,46,4
584162,46,4
1805836,46,4
636681,46,5
1395688,46,4
780164,46,4
1172013,46,5
2517423,46,3
440956,46,5
1092218,46,5
362430,46,5
1641705,46,5
1703425,46,1
2258540,46,1
2231824,46,3
1541916,46,4
1016796,46,3
2479131,46,4
414947,46,3
169028,46,5
25435,46,2
2131423,46,3
1781160,46,5
990297,46,4
1211985,46,3
531175,46,3
896114,46,2
2217242,46,1
1922670,46,5
1296497,46,4
545187,46,4
2632157,46,4
2032398,46,3
2402165,46,4
1794236,46,4
237286,46,4
2160191,46,4
2067462,46,5
1172213,46,4
1692220,46,4
372283,46,5
37931,46,5
1063436,46,4
818504,46,4
218132,46,2
1712605,46,5
247304,46,3
713326,46,4
2025543,46,5
1935388,46,2
2537083,46,4
118414,46,4
2240905,46,4
488867,46,3
290371,46,4
1572717,46,3
1330494,46,4
1028480,46,2
2156404,46,5
2147506,46,4
1066055,46,2
2301624,46,1
1782958,46,5
1216941,46,5
2150982,46,4
673187,46,5
1271103,46,5
1239634,46,4
920901,46,4
1770419,46,4
2210612,46,4
758414,46,3
739559,46,4
71473,46,4
2436543,46,5
457097,46,5
2579826,46,5
1446308,46,5
1436358,46,3
28966,46,3
742873,46,4
1537983,46,5
341330,46,5
923069,46,4
348569,46,4
365331,46,5
1460630,46,1
377114,46,4
1229664,46,4
17691,46,3
305985,46,4
2090005,46,4
2254751,46,4
1305191,46,3
841869,46,3
2032601,46,4
1691557,46,4
1903627,46,3
1508110,46,4
387418,46,2
2054632,46,4
2258880,46,3
416130,46,4
1111598,46,4
2413317,46,4
1471660,46,4
889986,46,4
136257,46,4
1087182,46,4
2149357,46,3
2114291,46,3
2051630,46,3
1024568,46,3
1302375,46,4
2477534,46,3
1222337,46,4
1062196,46,5
2072870,46,2
64566,46,3
2379437,46,3
412632,46,4
1335750,46,5
1876583,46,5
1579537,46,1
1675966,46,4
2163213,46,5
744011,46,4
1015473,46,4
970756,46,5
1377169,46,4
2435313,46,4
691808,46,5
843624,46,5
876005,46,4
240683,46,5
689463,46,5
204235,46,4
1179435,46,5
2293722,46,3
343898,46,3
1041778,46,2
1658435,46,1
761938,46,3
1569272,46,1
2399060,46,3
725721,46,4
2646769,46,4
444517,46,2
766680,46,4
1235132,46,3
680622,46,4
810447,46,3
1014204,46,3
756648,46,2
658081,46,1
1052880,46,4
410568,46,4
2084107,46,3
581948,46,4
1287727,46,2
433814,46,4
1817922,46,2
1232103,46,2
1395325,46,2
2419975,46,3
1029163,46,2
912838,46,3
1900076,46,4
429260,46,3
1517613,46,4
1485903,46,5
295520,46,4
1159720,46,4
2079502,46,4
702442,46,5
702185,46,5
1583711,46,4
188495,46,5
1389565,46,1
844637,46,2
684777,46,3
1205171,46,4
791775,46,4
1221714,46,5
50677,46,3
1002149,46,5
1836840,46,4
2208731,46,5
2505243,46,4
1092131,46,5
1501193,46,2
2196083,46,4
2088630,46,3
32478,46,1
1263386,46,5
2031731,46,5
2224451,46,4
575893,46,5
2418484,46,4
1955586,46,4
1747048,46,5
73006,46,5
830498,46,5
2283085,46,4
760824,46,5
262543,46,4
1035610,46,4
1009633,46,4
1129700,46,2
1827300,46,5
2157264,46,3
1954759,46,3
1819034,46,4
525945,46,1
539112,46,3
2095910,46,3
837476,46,4
1715533,46,4
1930094,46,4
1954001,46,3
1331954,46,5
458143,46,3
331430,46,5
2390159,46,5
2545402,46,3
167848,46,5
793916,46,1
1114493,46,4
2537733,46,5
326892,46,3
561627,46,3
885893,46,4
1235215,46,5
2025870,46,4
2384834,46,4
1212427,46,4
2119599,46,5
1043685,46,5
1379657,46,4
1781010,46,5
1717122,46,4
1699784,46,4
1758867,46,4
1043112,46,3
392054,46,3
299207,46,4
1419916,46,4
510180,46,3
974375,46,5
1789747,46,5
848209,46,5
936307,46,3
231721,46,2
2004783,46,5
542943,46,5
999693,46,5
2414456,46,2
2508258,46,4
1022127,46,5
1432378,46,5
1013077,46,5
727461,46,4
270924,46,5
2312452,46,5
2549190,46,5
2631594,46,3
1550627,46,2
2137952,46,4
232205,46,3
2537089,46,2
1919986,46,3
2591832,46,4
2387357,46,4
875681,46,4
254668,46,5
902223,46,4
255723,46,3
2588593,46,5
1500017,46,3
133621,46,3
1427259,46,4
830438,46,4
1214412,46,5
958687,46,4
2012412,46,4
1672386,46,4
462128,46,3
495174,46,3
2568886,46,2
1988310,46,5
1285197,46,4
1324830,46,4
1992243,46,5
712568,46,3
1298036,46,4
191810,46,5
1668149,46,4
1130863,46,1
356615,46,2
712238,46,3
2199470,46,3
2617894,46,5
898123,46,4
1576896,46,2
1288371,46,3
1616437,46,5
303630,46,4
2125714,46,2
753003,46,3
1824761,46,4
864269,46,5
2623605,46,4
1229656,46,5
2530993,46,4
2333281,46,5
999452,46,5
18849,46,4
1667949,46,4
2359761,46,4
1893836,46,3
2320222,46,5
2621330,46,3
284442,46,5
3694,46,5
1993568,46,4
300451,46,4
723631,46,2
670984,46,3
2410720,46,3
2290738,46,5
2360721,46,3
79940,46,5
1562701,46,4
1389799,46,4
2042756,46,4
1647974,46,5
1773695,46,3
2166515,46,4
1426769,46,2
1852777,46,5
1357894,46,4
290965,46,5
774812,46,1
2318998,46,4
442426,46,4
278063,46,3
231841,46,5
2582052,46,1
2542954,46,3
1715603,46,5
773890,46,3
2084748,46,4
894461,46,5
1128780,46,4
1771677,46,3
1677741,46,5
1922487,46,4
1419210,46,5
1971629,46,3
2119531,46,5
1195125,46,4
661149,46,3
342020,46,4
1700595,46,4
1306378,46,5
734276,46,5
290960,46,4
1870517,46,4
543225,46,4
1398256,46,3
118464,46,3
448181,46,4
218199,46,2
394195,46,3
739313,46,3
609618,46,5
1407129,46,3
1927251,46,4
2018247,46,4
1728361,46,5
993729,46,5
1592222,46,5
1702473,46,5
1663888,46,3
2460229,46,5
808339,46,4
1987795,46,4
1956197,46,3
2481368,46,5
287529,46,3
772949,46,2
622342,46,3
717024,46,2
676309,46,3
40270,46,4
933855,46,2
1127936,46,4
2374978,46,4
43816,46,2
1630645,46,3
2156949,46,5
646765,46,4
1043805,46,3
2495108,46,4
1463201,46,3
76132,46,2
1649826,46,2
1793717,46,3
2139786,46,4
1267805,46,3
2068034,46,5
135594,46,4
680004,46,3
765938,46,4
469141,46,4
2222510,46,4
2555055,46,5
1559741,46,4
1704526,46,5
328502,46,4
1760750,46,4
820670,46,5
228033,46,3
2297164,46,5
606292,46,5
1461435,46,1
292654,46,3
2045142,46,4
286912,46,4
631966,46,3
124504,46,4
576751,46,5
248801,46,5
1183532,46,5
2067412,46,4
2140842,46,3
1707646,46,4
1569395,46,2
1654464,46,4
921585,46,4
1290993,46,3
2340630,46,5
2073563,46,4
497277,46,5
521315,46,4
203929,46,2
1401861,46,4
1480209,46,4
375199,46,3
1065318,46,3
2154901,46,4
2084600,46,5
1495878,46,5
2337789,46,5
2606457,46,3
2284436,46,5
1058309,46,4
1055656,46,4
627775,46,2
2143255,46,5
182203,46,4
804870,46,4
2547458,46,3
405119,46,2
1416389,46,5
538012,46,3
636451,46,2
856261,46,4
359115,46,3
1343136,46,4
2565185,46,4
1785209,46,3
2209489,46,3
1342551,46,3
510103,46,3
2032162,46,4
605082,46,4
2520364,46,3
1057992,46,4
1722344,46,4
2083130,46,5
2222874,46,2
1957634,46,3
1537037,46,3
791528,46,3
1904616,46,4
1059906,46,5
685113,46,5
612634,46,4
495618,46,4
624326,46,5
627427,46,5
1659012,46,5
2226743,46,4
2563020,46,3
2360040,46,4
2030477,46,4
1044507,46,5
1044151,46,4
313540,46,3
1194307,46,5
653839,46,1
2239209,46,4
1281478,46,4
426005,46,4
948457,46,4
1069347,46,3
1215017,46,4
947483,46,5
1399249,46,3
151004,46,1
1977581,46,2
1334401,46,5
2226014,46,5
1464671,46,2
1377236,46,3
1354924,46,5
2199465,46,4
2172647,46,4
1246469,46,5
2210831,46,5
1477400,46,2
1520998,46,4
921684,46,2
685643,46,4
1695287,46,5
31503,46,3
2204244,46,4
90362,46,5
1285720,46,5
1148376,46,5
2586070,46,4
1214342,46,4
2214487,46,3
2158859,46,4
1152044,46,4
424379,46,2
2086615,46,5
207837,46,3
2086825,46,4
2365871,46,1
2406367,46,3
2548453,46,5
774169,46,5
900274,46,3
1693658,46,4
1064127,46,4
1633361,46,5
2375069,46,5
753906,46,5
2208746,46,5
127943,46,3
1145681,46,2
1363312,46,5
931232,46,3
191869,46,5
541557,46,1
458778,46,4
1561433,46,5
1730369,46,5
634569,46,4
1200792,46,3
2573851,46,5
254097,46,4
1672089,46,4
1600960,46,2
214191,46,5
209494,46,4
2014040,46,3
1216669,46,3
2449832,46,3
2344418,46,1
2163871,46,5
67134,46,3
1052422,46,2
2076174,46,3
2587506,46,2
1639792,46,1
740144,46,3
815079,46,4
1233297,46,4
290754,46,5
282981,46,4
1164649,46,4
1302590,46,2
1881429,46,3
2440091,46,4
519740,46,4
1241655,46,3
1360090,46,4
534673,46,5
2492108,46,1
2607018,46,4
1352530,46,2
2404684,46,5
142817,46,3
829943,46,5
1027344,46,5
1673874,46,5
2268903,46,3
1430841,46,5
2570998,46,4
1361818,46,4
1599666,46,4
2252697,46,4
104300,46,5
2346284,46,3
38946,46,4
2416168,46,5
2507703,46,5
2054881,46,5
1953112,46,4
1377281,46,3
570681,46,4
1115112,46,4
2311983,46,4
2586201,46,5
1576504,46,1
1681852,46,2
1941241,46,5
2354764,46,3
1654594,46,4
967442,46,4
2634348,46,5
1834394,46,3
773536,46,5
2318583,46,4
565161,46,4
480181,46,3
1787148,46,5
2221004,46,3
2433978,46,4
2106905,46,4
256676,46,3
2479752,46,3
1162465,46,1
709905,46,1
2398330,46,2
2017112,46,1
2273925,46,3
1320159,46,4
2027360,46,4
642551,46,3
1311703,46,5
754257,46,4
1913420,46,4
1119551,46,5
373532,46,5
2621015,46,5
805166,46,4
2024236,46,4
1156180,46,3
2544653,46,3
2466655,46,5
998236,46,5
1496516,46,1
2577378,46,2
2156894,46,4
181740,46,2
2599934,46,5
2322752,46,3
551489,46,4
1127117,46,4
1023470,46,3
1591210,46,4
444058,46,5
1424169,46,2
1380707,46,2
213289,46,3
1062068,46,4
1136724,46,5
2198123,46,5
900465,46,4
913345,46,4
906432,46,5
1753758,46,5
78404,46,3
55436,46,4
1651171,46,3
1807199,46,2
629999,46,4
1322015,46,4
614224,46,4
1583627,46,3
382421,46,5
980597,46,5
1247153,46,2
2088974,46,2
2016474,46,2
1280311,46,4
1289499,46,5
478050,46,4
1014151,46,4
1832073,46,4
1454008,46,4
377755,46,3
2481214,46,4
39375,46,5
309989,46,4
1016303,46,3
2494394,46,3
1460561,46,3
2110645,46,5
591207,46,5
2081956,46,3
2333311,46,4
1511019,46,5
1685990,46,2
1475516,46,4
2030092,46,4
597312,46,4
1431048,46,4
779492,46,1
1368707,46,2
2405785,46,3
1505246,46,4
551584,46,5
1924074,46,3
1195511,46,5
2276779,46,3
1963140,46,2
1715522,46,3
1774409,46,4
1119178,46,3
1987093,46,3
2136526,46,5
1665063,46,2
558924,46,4
995154,46,4
1726223,46,5
2360354,46,4
863973,46,5
1637504,46,5
2174380,46,3
690591,46,3
1817069,46,3
391996,46,3
1011503,46,5
1611173,46,1
2080458,46,5
2166949,46,4
2402601,46,4
1069243,46,1
1909121,46,3
1948430,46,3
118015,46,4
2539743,46,3
309367,46,4
1329734,46,3
2159786,46,4
18659,46,5
731262,46,4
1173570,46,3
563034,46,4
1498824,46,5
2108672,46,3
400076,46,5
330314,46,5
2646634,46,4
50279,46,3
1699820,46,5
1713902,46,2
1838390,46,1
1538317,46,4
978771,46,4
431715,46,4
663118,46,2
2449812,46,4
1662770,46,4
1890044,46,5
2291746,46,4
2502736,46,4
972329,46,4
1485744,46,5
19930,46,4
370904,46,3
941522,46,3
1374089,46,4
2023200,46,3
1860025,46,3
683254,46,3
1806070,46,4
1653052,46,3
1264314,46,5
460818,46,4
13204,46,3
2188353,46,2
1750806,46,3
974009,46,3
2304355,46,5
1614802,46,4
1549803,46,5
1757216,46,2
2325684,46,4
152858,46,2
709817,46,3
537270,46,3
512278,46,5
901993,46,3
615502,46,3
1878798,46,2
996461,46,3
964588,46,2
578030,46,3
2573543,46,3
2427973,46,2
1822915,46,5
960542,46,5
1676166,46,4
63486,46,5
1480807,46,2
456230,46,3
2585665,46,3
1316286,46,4
1551548,46,5
1196676,46,3
900015,46,5
627111,46,3
628587,46,4
555561,46,4
2544672,46,4
112312,46,5
1235772,46,1
655297,46,5
872645,46,4
2371817,46,3
944111,46,4
2180259,46,4
569309,46,3
1769904,46,3
2097967,46,1
1144718,46,3
1738952,46,4
2611933,46,4
152090,46,4
1707198,46,5
1293893,46,3
1209162,46,2
724165,46,4
1298835,46,5
832536,46,5
1835306,46,2
2106009,46,3
1191135,46,3
239518,46,3
1190383,46,3
898390,46,2
1293817,46,5
2305706,46,2
1626347,46,3
2618750,46,5
1883623,46,4
1288750,46,2
1898315,46,5
1333453,46,2
30288,46,5
339318,46,4
1001924,46,3
1346751,46,4
183245,46,4
2449942,46,5
2187231,46,1
1274913,46,5
1091775,46,4
1951535,46,5
2275722,46,4
316711,46,5
816029,46,3
1612196,46,4
1477945,46,5
1238992,46,5
1635289,46,4
1493118,46,5
104724,46,3
440398,46,3
2439534,46,4
2235166,46,4
2334863,46,3
178448,46,2
2477320,46,4
2633243,46,4
1115742,46,5
2605284,46,3
561959,46,4
1794003,46,4
1039555,46,4
213427,46,3
1762536,46,5
1344404,46,4
592646,46,1
1913800,46,5
2304517,46,3
937899,46,4
1775740,46,1
94787,46,4
2019773,46,3
584214,46,1
2505962,46,4
1512646,46,3
260095,46,3
2278653,46,4
2522709,46,5
1640132,46,5
32754,46,5
1762062,46,3
1123371,46,3
2384601,46,3
2047369,46,5
812092,46,5
540648,46,3
966983,46,5
1897308,46,5
316155,46,4
1965849,46,4
2426066,46,5
1891868,46,4
228569,46,4
470781,46,3
2412493,46,5
74146,46,3
76312,46,3
1647680,46,4
2313362,46,4
408873,46,3
376617,46,4
2320697,46,4
225934,46,3
1740681,46,5
2255495,46,3
1889050,46,4
347701,46,4
455380,46,2
1688005,46,3
1419621,46,5
2486558,46,4
1486878,46,4
2107911,46,5
788347,46,2
2526769,46,5
1018826,46,1
1719966,46,5
521765,46,5
150344,46,5
1626829,46,4
1644346,46,3
2586253,46,5
561636,46,2
1319661,46,2
443447,46,3
2425260,46,2
543824,46,3
495206,46,3
471276,46,5
2506660,46,4
74729,46,4
1769229,46,3
944531,46,4
1617185,46,3
345238,46,3
702103,46,3
1305108,46,2
1713026,46,3
22145,46,5
1597569,46,4
1099094,46,4
389400,46,3
2276483,46,5
1276983,46,3
1954362,46,4
197483,46,2
383952,46,3
540694,46,5
1264026,46,4
972090,46,5
1050841,46,5
1082361,46,5
2234781,46,3
1632068,46,5
1517727,46,5
303969,46,4
2030708,46,2
1352916,46,5
2549657,46,5
2452544,46,4
969948,46,5
1456579,46,5
2254512,46,4
1642662,46,4
945759,46,2
2379,46,3
1344474,46,4
377712,46,3
1836095,46,4
403907,46,4
2209880,46,4
1362044,46,3
88969,46,5
449440,46,5
2348784,46,2
428688,46,2
2147956,46,2
738437,46,4
426460,46,3
2297654,46,3
1422883,46,3
2291562,46,5
1005630,46,3
416310,46,5
2604057,46,3
2115908,46,5
554776,46,5
1193228,46,4
2234535,46,4
1086360,46,4
1434214,46,4
2062150,46,5
1722278,46,3
1166535,46,4
237263,46,2
126257,46,3
2274199,46,2
557494,46,5
1711710,46,4
892254,46,3
2355048,46,3
1023052,46,1
985864,46,2
1256682,46,3
2511730,46,2
2513157,46,3
2150154,46,3
765484,46,3
472021,46,3
350266,46,3
1134783,46,5
289656,46,4
1470399,46,5
1197978,46,5
272840,46,5
1604329,46,3
166410,46,5
344131,46,4
2597108,46,3
1500643,46,4
1045087,46,5
1834263,46,3
583086,46,5
1357518,46,4
475874,46,4
714424,46,4
2096158,46,5
21823,46,3
2273385,46,3
264960,46,4
1003356,46,4
1570281,46,4
831676,46,5
679437,46,5
1091724,46,5
1521864,46,3
1906890,46,5
1165010,46,3
292475,46,4
128994,46,4
2611125,46,4
1177636,46,4
590515,46,5
2447365,46,3
2455611,46,4
188613,46,2
469713,46,3
800217,46,2
1199386,46,3
1342598,46,4
1074237,46,5
504401,46,4
2398656,46,4
2226046,46,5
1217751,46,5
2163169,46,3
145278,46,2
85169,46,4
1460846,46,3
1766524,46,3
1557705,46,3
1326341,46,5
1339423,46,4
363775,46,5
510438,46,3
1032863,46,4
1134341,46,4
2591364,46,2
175746,46,3
1122364,46,4
1440013,46,3
2115530,46,4
2377434,46,3
1927369,46,5
222885,46,4
167522,46,3
274829,46,4
1984540,46,5
644381,46,5
1848936,46,4
2142868,46,3
1313126,46,5
2208994,46,3
45856,46,5
376614,46,2
1336867,46,5
1149922,46,3
178266,46,5
611724,46,4
1597703,46,5
1573306,46,3
448834,46,3
921587,46,4
2565338,46,3
1816187,46,4
2641559,46,3
1408156,46,5
1626508,46,4
1070602,46,4
1474753,46,3
1023240,46,5
25354,46,4
1357667,46,3
250091,46,4
2007066,46,3
441723,46,1
2024112,46,1
1922296,46,5
1848647,46,3
773708,46,4
1286457,46,4
154216,46,4
1054248,46,4
539208,46,3
1049259,46,2
2339023,46,4
1340530,46,3
1469211,46,5
2042206,46,4
360347,46,5
87843,46,3
1253504,46,4
1032648,46,4
470582,46,3
2524438,46,5
1555081,46,5
1728270,46,5
2111672,46,4
2627248,46,5
1021047,46,5
2537879,46,5
1420786,46,4
914955,46,5
884171,46,4
1739783,46,4
741894,46,4
227903,46,4
2083913,46,3
2025567,46,4
777994,46,4
1369584,46,3
1939739,46,5
1842810,46,5
1603751,46,3
559886,46,3
2573509,46,3
2341389,46,3
428557,46,5
1441086,46,4
2381902,46,4
1502727,46,4
1264983,46,3
2507981,46,5
735111,46,4
1210516,46,2
1550207,46,2
420812,46,3
601455,46,4
1956737,46,4
1616950,46,5
352258,46,5
677285,46,4
1451620,46,3
2587946,46,5
2323358,46,3
288937,46,5
1017144,46,4
2038059,46,2
2057608,46,1
