712664,26,3
2336678,26,3
2422606,26,3
1241149,26,3
672200,26,2
2360117,26,3
263315,26,2
1922825,26,1
2163521,26,3
2455124,26,2
261048,26,2
308495,26,4
1356914,26,3
2122996,26,4
608309,26,2
515605,26,1
2409405,26,1
557167,26,3
1995985,26,4
1967828,26,4
1768432,26,2
2515522,26,2
84691,26,2
617782,26,3
728311,26,5
2503129,26,4
1130795,26,5
135718,26,4
1512842,26,1
172622,26,3
617814,26,3
203345,26,4
1694062,26,3
293901,26,3
2630970,26,4
1902787,26,1
838130,26,2
1564363,26,2
2064942,26,3
1722559,26,1
1869654,26,2
2325737,26,3
1404971,26,3
117409,26,3
227944,26,5
858362,26,3
2550394,26,4
1755092,26,3
1721885,26,2
2311452,26,3
1393482,26,2
461110,26,3
140813,26,5
1404885,26,3
166595,26,3
434878,26,4
1783996,26,5
250577,26,5
2156006,26,2
96262,26,3
596921,26,2
643182,26,4
1189241,26,3
60521,26,2
257457,26,1
2364678,26,2
2493602,26,4
1805573,26,3
1197267,26,5
937068,26,3
1395638,26,4
862622,26,2
811057,26,2
856125,26,3
1053933,26,1
777925,26,2
2264666,26,3
1297739,26,4
2071147,26,3
971723,26,2
945783,26,4
2138987,26,2
939467,26,4
1187125,26,2
908205,26,3
963787,26,3
244771,26,4
2343417,26,3
672628,26,3
827380,26,3
844049,26,3
1175930,26,2
127513,26,4
1650301,26,2
998862,26,3
2542255,26,4
251536,26,4
1249801,26,2
2513594,26,3
1574595,26,2
1560828,26,2
1213587,26,5
1002820,26,5
1291272,26,3
1867400,26,3
931782,26,1
2193673,26,2
824518,26,5
296905,26,3
1863499,26,2
818736,26,3
150380,26,4
40330,26,1
767493,26,4
1404021,26,3
1699974,26,3
2125733,26,2
849884,26,4
2239227,26,4
1977925,26,3
191785,26,2
1285604,26,5
2314286,26,2
2469324,26,4
542105,26,3
721754,26,3
1840690,26,3
2536720,26,3
2459804,26,1
1203892,26,3
1523714,26,3
2285713,26,5
296989,26,3
1271710,26,1
351981,26,5
966208,26,1
2253845,26,2
1885763,26,4
736288,26,4
2368652,26,5
381289,26,4
1387049,26,3
773427,26,3
1486658,26,3
1746305,26,1
1879267,26,5
2316747,26,2
1117379,26,2
1943504,26,2
550155,26,1
1078761,26,3
1190841,26,1
2536334,26,3
1962061,26,3
2645579,26,3
1826349,26,3
755862,26,2
29395,26,4
1333,26,3
149072,26,2
761609,26,2
1427554,26,4
1114857,26,3
386766,26,3
2542972,26,4
1127414,26,3
95090,26,2
520740,26,2
1705134,26,3
2645399,26,3
2365827,26,1
322173,26,3
2139575,26,4
2509293,26,2
381288,26,2
774505,26,3
557566,26,4
2205932,26,1
2433449,26,3
2568849,26,2
2075454,26,4
1384459,26,2
1754989,26,5
642513,26,4
2625158,26,3
133060,26,3
1567240,26,1
1164990,26,3
43039,26,1
1713873,26,4
1488600,26,1
2371721,26,1
1470766,26,3
704829,26,1
429281,26,4
2063287,26,2
695292,26,2
1610934,26,3
2125770,26,3
369963,26,2
2622141,26,3
1982465,26,3
1080361,26,2
2023529,26,3
1994236,26,4
262753,26,2
1300124,26,2
2268573,26,1
2505976,26,4
2475820,26,3
1213111,26,2
1629880,26,2
2602480,26,2
552413,26,2
2491997,26,3
1365868,26,3
373119,26,2
300511,26,2
1484808,26,4
505542,26,3
2510315,26,4
1299764,26,2
376638,26,3
2384855,26,3
2243703,26,3
1926339,26,5
721751,26,3
2287550,26,2
1683493,26,2
539811,26,1
1488926,26,3
1624245,26,2
513699,26,3
390013,26,4
1893356,26,3
1729676,26,3
1231117,26,5
1081905,26,3
286969,26,2
392255,26,5
1039981,26,5
2034826,26,3
752670,26,1
1339449,26,3
1546233,26,2
559344,26,2
1058639,26,3
2031866,26,1
1099104,26,2
125296,26,4
875796,26,3
1379793,26,4
1697375,26,3
289162,26,5
2057520,26,2
958951,26,4
1611464,26,4
514754,26,3
1997841,26,4
1202567,26,3
1494717,26,1
459230,26,3
1834138,26,4
92563,26,5
2270467,26,2
1450627,26,2
1859939,26,3
2397266,26,4
1684165,26,2
499379,26,4
1687379,26,3
643172,26,1
1035650,26,4
2245510,26,5
945258,26,2
304879,26,3
652714,26,4
1675105,26,3
2036550,26,2
975926,26,4
2127921,26,5
706873,26,3
617690,26,2
875559,26,3
1931472,26,2
1946039,26,3
294227,26,3
897756,26,1
2514464,26,2
747367,26,3
2599552,26,2
137982,26,3
1446326,26,2
2234547,26,1
1341348,26,1
1299391,26,1
1961322,26,3
164344,26,1
1397445,26,2
1094578,26,3
782776,26,4
2043109,26,1
1634682,26,3
2596443,26,4
2164274,26,4
2604824,26,4
2028571,26,3
565700,26,3
1350045,26,3
1947602,26,1
1615216,26,2
1381395,26,4
1224265,26,3
2346555,26,2
1813238,26,3
1030669,26,5
473516,26,3
2237922,26,3
451913,26,3
1090920,26,4
1240047,26,5
395767,26,3
1222906,26,3
1843562,26,2
1062016,26,1
2296246,26,4
403521,26,2
1928392,26,5
688665,26,4
1580481,26,3
375726,26,3
1701487,26,2
29267,26,1
2455016,26,1
746908,26,3
1641491,26,5
779062,26,2
160295,26,3
1924713,26,2
1106301,26,2
534508,26,3
1154813,26,1
596847,26,3
1716229,26,2
1818524,26,3
1211458,26,5
2491424,26,4
1610627,26,3
2419406,26,5
1113218,26,5
1411380,26,2
123134,26,1
1576510,26,1
1346040,26,3
2432532,26,4
1904086,26,3
1598115,26,5
1295097,26,3
2181916,26,3
1792621,26,2
1195594,26,3
2296097,26,4
1889212,26,1
2127608,26,3
2488790,26,3
734541,26,2
658314,26,3
1170248,26,4
949660,26,3
1977414,26,1
1604799,26,2
664537,26,3
2072378,26,2
1365840,26,3
767873,26,4
1784739,26,3
2370789,26,4
1669603,26,2
2184724,26,2
2153538,26,3
2258782,26,4
2246008,26,2
1423188,26,3
1917241,26,3
912769,26,4
1943935,26,2
1765862,26,3
2039201,26,2
2534574,26,5
498215,26,4
841091,26,2
843387,26,3
121774,26,2
1049943,26,4
794717,26,3
858739,26,4
2119007,26,4
1800726,26,3
2127006,26,5
1649948,26,2
1242044,26,3
2009204,26,1
829825,26,5
2434276,26,2
525356,26,3
2266083,26,2
1166707,26,3
92266,26,2
1872548,26,4
492102,26,2
2157919,26,5
147787,26,2
2191728,26,2
1655066,26,4
299112,26,2
449730,26,3
2288221,26,5
945561,26,3
1913832,26,5
589834,26,3
720578,26,3
2230701,26,1
1793313,26,3
2213570,26,2
661407,26,3
1084932,26,4
2586886,26,3
1533452,26,3
1655840,26,3
2379593,26,3
810752,26,1
245202,26,3
72115,26,1
2353743,26,5
1590670,26,4
1427566,26,3
1943596,26,3
1354888,26,2
1282130,26,3
447339,26,2
2001195,26,1
1195401,26,2
283163,26,3
1819429,26,3
2018721,26,3
1663295,26,3
824828,26,1
1375880,26,3
1464442,26,3
355894,26,3
2100280,26,3
1738046,26,3
1825378,26,4
995437,26,2
93986,26,3
572585,26,3
439830,26,5
316913,26,2
1469919,26,3
2154098,26,3
739192,26,5
2347320,26,1
2560717,26,3
2415788,26,4
1509395,26,4
138594,26,2
580955,26,2
1863442,26,2
28657,26,4
1560110,26,3
994451,26,1
2495094,26,3
2320755,26,3
2426064,26,2
944069,26,2
1784150,26,3
1738346,26,1
2643725,26,3
229488,26,3
267412,26,4
1741416,26,1
1897092,26,4
1059428,26,1
1045221,26,3
1556056,26,3
873483,26,4
1670562,26,5
151330,26,4
376279,26,4
694806,26,5
1887322,26,2
873291,26,2
634426,26,3
2480670,26,3
2329172,26,4
2040351,26,4
1094954,26,3
863778,26,2
1899301,26,4
401234,26,2
1627537,26,1
2223102,26,2
1309838,26,5
85987,26,3
2456727,26,3
178860,26,1
163970,26,1
2604811,26,5
2504674,26,4
192898,26,2
315420,26,3
1168738,26,2
484407,26,4
1752727,26,3
2340670,26,1
1390650,26,5
688892,26,4
1335582,26,4
1365299,26,2
1796981,26,3
306179,26,3
913495,26,2
1658224,26,2
2141387,26,1
2321370,26,4
2517800,26,1
1780039,26,1
2402611,26,2
273085,26,3
908750,26,3
2385153,26,1
113383,26,2
1701174,26,2
2601782,26,3
2254664,26,1
1481158,26,2
386065,26,4
70307,26,2
1906551,26,2
2516786,26,2
2642011,26,2
530755,26,2
709833,26,3
93529,26,3
425786,26,2
536085,26,3
1696308,26,3
679277,26,3
2402945,26,2
2213534,26,2
1352038,26,3
1018901,26,2
1989641,26,4
2009161,26,2
1363315,26,2
901520,26,2
557215,26,1
1079598,26,3
1793570,26,4
2458394,26,1
717542,26,2
1445965,26,2
621274,26,2
404654,26,3
2100928,26,3
1570444,26,3
944968,26,1
1927279,26,4
2335766,26,3
29269,26,3
556776,26,1
2643418,26,5
314434,26,2
559498,26,1
1726561,26,1
148394,26,3
917958,26,2
2563452,26,3
701272,26,3
2550660,26,3
1226844,26,3
878542,26,1
1518269,26,3
650960,26,3
391005,26,5
70793,26,3
1708065,26,4
1621227,26,3
1225820,26,3
568292,26,2
1606621,26,1
943058,26,2
505429,26,2
742147,26,1
78428,26,2
992679,26,2
2291972,26,4
91792,26,3
1331848,26,3
1189810,26,3
1662935,26,3
2198350,26,3
1607574,26,2
2424449,26,4
1001129,26,2
333273,26,1
1127389,26,3
1670075,26,1
1787526,26,4
1511683,26,1
2105033,26,2
454834,26,2
1859573,26,2
1971822,26,3
2573288,26,2
781575,26,1
2288460,26,1
2557043,26,3
1166750,26,3
196696,26,1
1076976,26,2
1690251,26,1
1632420,26,2
503235,26,3
1218023,26,5
1759284,26,4
2424839,26,2
725680,26,3
1004627,26,3
404116,26,1
2398877,26,4
2471780,26,4
551587,26,4
2561713,26,2
770678,26,1
111965,26,3
942743,26,2
1011307,26,2
334685,26,3
943452,26,3
288819,26,3
631747,26,4
2364029,26,3
760072,26,4
1766968,26,3
2052862,26,4
1574264,26,3
1697754,26,1
1761072,26,3
1721134,26,2
617223,26,3
263600,26,2
59868,26,3
2041533,26,5
1182331,26,4
613753,26,4
1392277,26,4
1130703,26,3
2613637,26,3
541239,26,3
2115736,26,4
325492,26,4
398088,26,4
2602750,26,4
815532,26,3
2477378,26,4
2545343,26,2
574653,26,3
1029763,26,4
2187637,26,2
2001268,26,3
872323,26,2
2043085,26,3
1386817,26,3
1412906,26,3
2449385,26,3
1494150,26,1
761371,26,3
2162539,26,3
1654205,26,3
415098,26,3
727125,26,5
1435335,26,2
423110,26,1
2430251,26,1
640098,26,2
1308379,26,5
1899746,26,4
2093957,26,2
236618,26,2
1036302,26,2
2602396,26,1
322874,26,1
1430431,26,2
1685050,26,4
1927638,26,5
968242,26,2
1397641,26,2
1106885,26,4
2492392,26,3
469607,26,4
1861645,26,3
2435106,26,4
2201379,26,3
356457,26,2
1097115,26,1
1034149,26,3
821202,26,2
2345110,26,3
1631417,26,2
415204,26,2
1462959,26,5
2078594,26,2
328516,26,4
1193792,26,2
1044029,26,2
1048894,26,3
2176431,26,1
354994,26,2
963119,26,5
2459749,26,3
2586150,26,3
2526173,26,2
717651,26,3
376440,26,3
2479320,26,4
2188731,26,3
82610,26,2
1302507,26,4
2221212,26,2
1554241,26,3
79032,26,2
1717489,26,2
1309111,26,4
132296,26,5
811114,26,1
1098293,26,1
2251582,26,2
1862901,26,3
1639857,26,3
2355432,26,4
2491070,26,4
1669507,26,2
536513,26,2
601976,26,3
81119,26,5
49585,26,2
1602583,26,1
2321023,26,3
984964,26,3
138027,26,1
2169368,26,2
20871,26,5
1697019,26,5
129710,26,3
1746335,26,5
2614903,26,2
2582303,26,3
725328,26,1
1235134,26,3
2402871,26,2
1786296,26,2
1175923,26,1
1558269,26,3
1870353,26,2
2189829,26,3
215082,26,4
1579340,26,5
1067471,26,4
2445177,26,3
155315,26,1
1261548,26,3
1899578,26,3
38764,26,3
1715651,26,4
2449394,26,4
2366849,26,2
209041,26,3
1030857,26,1
1259776,26,3
1932785,26,2
1041401,26,3
589076,26,3
430042,26,3
2066465,26,3
2491011,26,1
1695990,26,1
1531780,26,3
70923,26,4
1731346,26,2
2364625,26,4
2285184,26,2
1106432,26,2
991263,26,1
998916,26,2
2437697,26,3
1588953,26,3
2092534,26,4
1766996,26,3
2201637,26,4
725296,26,1
1761842,26,1
1899086,26,2
377808,26,4
455134,26,3
2322383,26,2
2034398,26,5
1580358,26,3
1264518,26,4
1552934,26,2
411705,26,4
243004,26,3
1642570,26,3
1618897,26,3
2176929,26,3
676732,26,4
428134,26,1
1900373,26,3
645639,26,1
1502045,26,4
273351,26,3
1126513,26,3
2609832,26,3
2207021,26,5
2562299,26,2
1521428,26,5
910768,26,1
2356143,26,3
2266017,26,3
2042505,26,3
2530409,26,3
612466,26,4
2516209,26,4
629383,26,2
1443192,26,2
221008,26,2
1856275,26,1
2589155,26,2
392322,26,1
2334137,26,1
91723,26,3
2098505,26,1
1618799,26,1
1613540,26,2
823455,26,2
1680732,26,5
1134084,26,3
1870112,26,4
428465,26,1
2243477,26,2
35036,26,3
1251664,26,1
1874239,26,4
246043,26,2
2267410,26,4
66293,26,4
1048542,26,2
2369910,26,1
2525630,26,4
2493022,26,2
1316604,26,2
314933,26,3
1398139,26,4
1725366,26,3
1997267,26,3
365496,26,1
787273,26,4
916626,26,4
68679,26,4
462344,26,2
2507290,26,3
2512833,26,1
82457,26,5
1825096,26,4
670188,26,3
1792741,26,3
2398509,26,3
1723251,26,2
1098431,26,3
1600477,26,3
899398,26,3
614465,26,4
775253,26,4
1314626,26,2
1314869,26,4
773191,26,1
1562770,26,2
721584,26,3
1223807,26,3
1748433,26,3
735607,26,4
99875,26,2
959737,26,4
565559,26,2
1182133,26,4
37513,26,4
2236982,26,1
257231,26,3
2646515,26,1
1498365,26,3
387341,26,5
1203646,26,2
700083,26,1
1359759,26,2
1755550,26,4
1255980,26,1
1722550,26,4
2504046,26,4
436060,26,1
2356142,26,3
1403379,26,2
1494053,26,3
1813197,26,3
892166,26,3
211775,26,2
321216,26,4
1431954,26,4
75086,26,4
540461,26,3
2279018,26,2
1092081,26,1
22842,26,1
1791048,26,1
1799135,26,3
907329,26,3
1362855,26,2
2322224,26,1
2123688,26,3
1718861,26,3
155728,26,2
1191566,26,3
1233695,26,3
16061,26,2
521153,26,1
1099459,26,4
1953616,26,2
1051402,26,2
556633,26,4
974275,26,3
1928399,26,4
949465,26,1
599719,26,2
1027559,26,1
718006,26,1
486392,26,3
1249157,26,1
324977,26,3
1112672,26,4
2224766,26,5
1873664,26,3
173011,26,3
1091776,26,3
1582956,26,3
735078,26,1
1969212,26,3
2065472,26,1
2430362,26,2
1599245,26,4
272699,26,3
2237185,26,3
2066443,26,2
2176223,26,3
2222970,26,4
2566306,26,3
518439,26,5
1224296,26,2
2254872,26,4
2541756,26,4
662270,26,3
767193,26,3
2373078,26,2
1962809,26,5
1825012,26,3
779406,26,3
1872258,26,3
2497731,26,2
2524912,26,2
1435524,26,4
1123480,26,2
1444509,26,3
534043,26,3
56674,26,4
542278,26,3
1635170,26,3
1040766,26,1
236470,26,2
542483,26,3
697575,26,2
2507129,26,1
920932,26,2
1405051,26,3
163650,26,4
2579151,26,3
2066039,26,3
2343135,26,2
923382,26,5
1551517,26,2
283337,26,4
638063,26,2
496321,26,3
2464431,26,5
695630,26,4
1606342,26,3
420873,26,3
2373143,26,4
767416,26,4
1646711,26,3
2315135,26,5
1031933,26,2
453717,26,4
2050877,26,2
1077562,26,5
696852,26,1
1053967,26,2
2469986,26,2
13762,26,4
929517,26,3
1997034,26,3
296094,26,3
403961,26,4
850190,26,3
2339162,26,3
2268876,26,1
1026162,26,3
2281592,26,3
1699366,26,3
1031385,26,1
1043117,26,3
1572555,26,3
42211,26,5
140696,26,1
2068217,26,3
563621,26,3
1146678,26,3
2176004,26,3
2089639,26,4
220416,26,2
602389,26,3
2119134,26,3
1672902,26,5
1121989,26,4
2418808,26,1
1203991,26,1
687769,26,1
1697975,26,4
931772,26,2
1202465,26,1
2591602,26,2
1699718,26,3
1310277,26,3
2449289,26,3
930552,26,2
2077168,26,3
840333,26,3
2616705,26,4
428831,26,1
340002,26,2
2359820,26,2
540725,26,4
330172,26,3
2439493,26,1
1968107,26,4
913809,26,4
520520,26,5
2071416,26,3
1574003,26,2
613799,26,2
1382766,26,2
2341581,26,2
990034,26,3
1718135,26,3
479180,26,2
2224778,26,2
2149577,26,1
2070698,26,3
1956846,26,4
1463088,26,3
1016579,26,2
1650338,26,3
1352363,26,3
547594,26,2
2048945,26,2
967015,26,2
784875,26,3
1525109,26,2
1933266,26,2
898484,26,4
1251931,26,5
1046723,26,2
679946,26,3
547130,26,1
1240334,26,3
1604905,26,5
935617,26,4
862850,26,2
2267431,26,1
21619,26,3
357574,26,5
2116582,26,4
1573527,26,4
1427279,26,3
876825,26,3
1770112,26,2
429061,26,3
1204833,26,3
2023540,26,3
109074,26,1
979870,26,3
1095395,26,2
121056,26,2
2226594,26,3
983737,26,3
1664020,26,1
2583311,26,3
1621834,26,4
148348,26,2
1028153,26,3
265079,26,3
1290641,26,1
598753,26,1
1270534,26,4
1686905,26,3
1234351,26,4
1802253,26,4
1058508,26,4
1578617,26,3
1429854,26,3
2216316,26,1
420266,26,3
845921,26,5
2351185,26,5
2365032,26,4
143831,26,2
1733123,26,3
1006269,26,2
844906,26,2
2545300,26,3
161506,26,5
2107119,26,3
2464571,26,2
1343237,26,3
2122854,26,4
809033,26,2
1017698,26,4
1025856,26,1
2113640,26,3
2009131,26,3
2065686,26,4
846426,26,4
249687,26,1
147386,26,3
109112,26,5
2494022,26,2
2572600,26,4
882281,26,2
565203,26,4
920527,26,3
438863,26,3
1392184,26,3
609742,26,3
415165,26,1
1303543,26,3
2120406,26,5
967936,26,2
87900,26,2
2058194,26,3
510258,26,2
1928368,26,5
708502,26,5
472452,26,1
2003947,26,4
1982495,26,3
1691090,26,2
1517061,26,2
1760637,26,3
530647,26,1
2551462,26,3
945548,26,1
1156621,26,2
125813,26,3
969879,26,1
1332396,26,5
955061,26,3
55138,26,2
925510,26,1
1914703,26,2
1253619,26,3
157040,26,2
1353907,26,2
1437139,26,3
2537739,26,2
1471789,26,4
1973531,26,1
315061,26,3
2246569,26,1
2102014,26,3
1183223,26,4
208631,26,1
159549,26,3
1141401,26,2
2288360,26,3
1007577,26,3
1622469,26,2
268092,26,3
2633489,26,3
1896664,26,2
850291,26,1
746270,26,3
1287267,26,3
2306379,26,3
649116,26,2
2485908,26,4
1083753,26,1
1624701,26,3
1467708,26,3
1224670,26,4
16588,26,2
2622616,26,4
954740,26,1
2069148,26,5
1754931,26,4
2083665,26,2
2165133,26,4
1077189,26,5
1683059,26,3
2115223,26,4
594457,26,1
2312320,26,2
871698,26,3
1027945,26,2
1679929,26,1
2480509,26,5
787316,26,2
2626475,26,2
1510455,26,5
692072,26,3
282417,26,5
343903,26,2
2645580,26,2
2568985,26,2
2579706,26,3
388418,26,3
2483123,26,3
1074585,26,3
2458526,26,3
1373098,26,3
885830,26,2
2384259,26,3
123151,26,3
379279,26,3
2546840,26,2
106890,26,3
2170871,26,1
1344467,26,1
1358802,26,3
2554126,26,3
397682,26,2
2272402,26,1
2087189,26,2
922085,26,3
1843064,26,2
428313,26,5
1857762,26,1
2321980,26,5
1482059,26,1
77739,26,1
479060,26,5
1760670,26,1
797136,26,1
151987,26,1
1600629,26,2
678196,26,5
1722542,26,3
2344419,26,3
1792510,26,3
583773,26,3
2557710,26,2
675066,26,2
1105839,26,2
302959,26,1
1998547,26,3
2266157,26,4
1108976,26,3
1348699,26,3
1172522,26,4
1118128,26,1
526838,26,4
789966,26,2
1197090,26,4
1369995,26,1
265069,26,1
1595102,26,3
2435695,26,4
1318951,26,5
1912768,26,3
245542,26,4
1830744,26,1
235185,26,3
1643138,26,4
2294895,26,3
558473,26,3
898511,26,4
1634443,26,2
1359075,26,3
598610,26,4
1792817,26,1
573571,26,2
1899058,26,2
2296185,26,4
2423601,26,4
2573277,26,2
450389,26,1
239103,26,3
417792,26,3
1496291,26,3
2547219,26,3
520584,26,1
1146948,26,3
1688046,26,1
249283,26,2
2416188,26,2
2170968,26,5
1390514,26,4
1043526,26,5
746881,26,3
1913414,26,5
622150,26,5
2017364,26,2
1617536,26,2
2034970,26,2
539607,26,3
305111,26,3
1392053,26,1
551569,26,3
1345335,26,1
802392,26,2
2627415,26,4
1720884,26,2
1540380,26,3
2445812,26,5
831979,26,2
12205,26,3
1812809,26,4
1669225,26,3
1358267,26,2
1562322,26,3
84412,26,2
1761390,26,2
952095,26,3
1782775,26,4
488194,26,2
2603847,26,4
165247,26,5
517592,26,3
2578541,26,3
1024854,26,2
61765,26,3
426008,26,4
2622042,26,1
896996,26,3
2504393,26,1
2204483,26,3
284684,26,4
1405644,26,3
1473980,26,4
1669091,26,3
1887468,26,1
136854,26,4
291453,26,2
2488357,26,3
131887,26,3
1989308,26,3
2342567,26,4
2305789,26,3
234660,26,3
692977,26,4
1554685,26,3
4797,26,1
1934599,26,2
1838812,26,3
1733326,26,5
1734960,26,3
1960942,26,2
2025153,26,3
2551112,26,4
1771252,26,3
2179853,26,2
13561,26,3
2588510,26,2
456964,26,5
287224,26,4
465885,26,2
1887657,26,2
1589271,26,3
1428534,26,2
786013,26,3
855429,26,4
1934912,26,2
2647555,26,3
2561189,26,4
2552315,26,4
997185,26,1
2035967,26,1
226886,26,2
1314487,26,4
332164,26,1
2287074,26,3
1746067,26,2
1054205,26,3
2174559,26,3
1858493,26,2
2622281,26,2
1005457,26,3
231293,26,3
417775,26,1
917414,26,3
741449,26,4
924421,26,4
99970,26,3
970578,26,3
2013226,26,5
2402792,26,3
1556050,26,2
1067767,26,3
641336,26,1
2148612,26,2
1341571,26,1
1358877,26,1
2645398,26,2
2273715,26,3
749304,26,3
836550,26,2
745920,26,3
278257,26,4
1497400,26,3
904841,26,2
2548408,26,5
2271389,26,4
2117569,26,5
627133,26,2
229174,26,3
1799766,26,5
934235,26,2
594014,26,4
2455107,26,2
247932,26,2
1778733,26,3
1305961,26,3
136596,26,3
2314664,26,2
1131877,26,5
311898,26,4
2438302,26,4
498182,26,5
2054736,26,2
1124982,26,3
961794,26,4
2107834,26,4
1683491,26,2
2091736,26,5
1751084,26,3
202678,26,1
963705,26,2
2313634,26,4
1460449,26,1
15218,26,3
1759887,26,2
1521559,26,4
402299,26,4
1028463,26,3
1575018,26,4
1796497,26,1
2183036,26,1
275639,26,2
588393,26,5
2361784,26,4
1543215,26,4
2099457,26,1
2239020,26,1
461075,26,1
238550,26,3
63475,26,3
762318,26,3
1872477,26,4
616242,26,2
1530087,26,4
630134,26,4
2261359,26,2
152807,26,3
59052,26,2
1290175,26,2
589143,26,3
515441,26,3
585597,26,3
935732,26,3
214007,26,3
1654495,26,2
524610,26,3
483851,26,4
33899,26,4
921787,26,2
579352,26,2
1277365,26,2
2534534,26,2
198309,26,2
2605017,26,2
2620157,26,5
276449,26,3
1515841,26,5
1109553,26,3
1388519,26,3
1224435,26,4
1083203,26,2
356311,26,3
2119484,26,3
1878040,26,3
2576263,26,2
1828972,26,3
896630,26,3
2387572,26,3
761491,26,3
968736,26,1
92910,26,1
1895721,26,3
844526,26,5
2521079,26,2
2395761,26,3
1393732,26,5
1436357,26,4
233796,26,3
1965691,26,3
1065099,26,2
2337281,26,3
1903373,26,4
240869,26,2
1613574,26,2
1008097,26,1
736560,26,1
966686,26,4
1587903,26,2
1755577,26,3
13875,26,5
2176195,26,1
2128659,26,2
662550,26,4
732183,26,1
1564486,26,2
739965,26,2
1730671,26,3
783755,26,1
240107,26,3
850660,26,2
1960129,26,3
1096479,26,3
1758797,26,2
1449353,26,3
1449358,26,3
2208760,26,5
1646426,26,4
2259855,26,5
743633,26,4
2552381,26,3
1231842,26,4
2061408,26,4
2095640,26,2
2621150,26,1
2577898,26,3
596759,26,3
1274638,26,4
2277171,26,3
328059,26,5
1942741,26,2
1914940,26,4
542907,26,3
983052,26,2
823370,26,2
1518755,26,2
1830523,26,3
2012563,26,3
2232946,26,2
1155962,26,5
2296852,26,3
2230312,26,3
1684679,26,3
1135047,26,4
1391101,26,2
707913,26,3
1071602,26,2
2329805,26,1
1900375,26,3
710555,26,2
2477489,26,1
2555373,26,2
1630777,26,3
1691661,26,3
1546115,26,3
1477732,26,4
2604473,26,3
2577659,26,5
2596083,26,1
2581605,26,3
1689219,26,3
1228625,26,3
568605,26,3
1104956,26,3
1903324,26,1
147715,26,5
2371650,26,3
1385409,26,3
77747,26,3
1896020,26,4
90273,26,1
2591972,26,2
477846,26,2
668505,26,3
367127,26,2
2300336,26,2
1278473,26,2
2507067,26,3
252770,26,3
1137886,26,3
1406309,26,2
2419371,26,4
2328698,26,5
1773915,26,3
2198586,26,4
49000,26,4
53527,26,2
1227603,26,2
1959581,26,4
2413703,26,3
2248080,26,3
1077156,26,1
610132,26,3
2332765,26,1
1359770,26,5
2584492,26,4
593799,26,3
867268,26,5
960843,26,5
2207309,26,3
80164,26,1
1380913,26,3
2424683,26,2
1874298,26,3
1519725,26,3
2315749,26,5
1906650,26,2
830349,26,4
2574937,26,2
1652427,26,2
641221,26,2
346394,26,1
22512,26,3
167041,26,3
2649067,26,3
2067584,26,4
2140012,26,3
2104707,26,4
2123932,26,5
474578,26,4
2203889,26,2
1380915,26,3
2474751,26,2
1905883,26,3
943817,26,3
929092,26,2
879760,26,4
940188,26,3
709551,26,2
2357076,26,2
416765,26,4
2469639,26,3
829000,26,3
671651,26,2
1428655,26,3
43666,26,5
2274586,26,4
1783491,26,2
812310,26,2
790792,26,2
139724,26,3
1090713,26,2
1657826,26,1
1662159,26,2
2501118,26,3
2323891,26,2
2582892,26,3
231863,26,3
592693,26,3
1252416,26,1
1744733,26,4
960776,26,4
2647298,26,2
1582275,26,4
2068432,26,3
1735535,26,4
1975202,26,4
1655462,26,3
2574258,26,3
1817718,26,2
2617972,26,2
960890,26,4
2285683,26,3
1688256,26,3
876191,26,4
1775284,26,5
1846441,26,4
566142,26,1
2308321,26,4
31039,26,4
1443417,26,2
2580369,26,3
1109736,26,2
745235,26,3
1277678,26,3
219303,26,4
248194,26,1
1445215,26,2
1556993,26,2
373956,26,2
1603706,26,3
2538389,26,3
2614533,26,3
1585697,26,5
1426404,26,2
1906979,26,3
2200556,26,2
1475293,26,3
1165353,26,4
476676,26,2
1339481,26,3
837114,26,3
2615444,26,1
1040284,26,3
1796481,26,3
1111994,26,3
2142917,26,3
435887,26,2
1716339,26,2
1805932,26,4
1919795,26,1
524142,26,1
1112982,26,3
1106767,26,3
2486850,26,3
2314169,26,2
936393,26,3
1176633,26,1
723135,26,1
630493,26,2
1420131,26,3
1854880,26,3
856894,26,3
2559887,26,2
1397075,26,3
538059,26,3
781735,26,2
1705759,26,3
1647362,26,2
2259272,26,4
331662,26,1
596255,26,4
733464,26,1
1867854,26,3
2087999,26,1
330058,26,1
1606959,26,2
1068610,26,2
797930,26,4
2300816,26,1
394895,26,3
2445180,26,2
1634037,26,2
421871,26,3
1562410,26,1
2258309,26,2
2568484,26,3
546700,26,2
1502456,26,2
1311275,26,4
970433,26,3
1024408,26,3
662255,26,4
1550975,26,3
2030978,26,2
177089,26,3
1653499,26,3
804602,26,2
1227944,26,4
1448369,26,3
2634117,26,4
595778,26,2
47944,26,3
1389278,26,1
1229449,26,3
1365379,26,4
1951157,26,4
1140609,26,3
494624,26,5
770097,26,5
1284868,26,4
1489224,26,3
1019475,26,4
398613,26,5
1980922,26,3
1105029,26,2
1743738,26,1
2405091,26,5
2636710,26,2
2141037,26,3
1075356,26,3
614631,26,3
31192,26,3
1402250,26,2
1289309,26,1
2385239,26,3
886679,26,5
210117,26,2
2557244,26,3
2400924,26,4
456534,26,2
1051995,26,5
1431636,26,3
2503546,26,3
2018081,26,3
1461687,26,3
404342,26,1
364618,26,3
2638895,26,5
1392168,26,4
1141105,26,5
2047556,26,2
1349518,26,3
1210631,26,2
2323895,26,1
887919,26,3
1352422,26,3
1333396,26,4
592782,26,2
1141624,26,1
1211790,26,2
1035403,26,4
2258288,26,1
856305,26,2
2224782,26,4
2075151,26,1
429357,26,4
1965738,26,4
1750386,26,3
1961753,26,3
994077,26,4
575029,26,3
2128711,26,3
1522119,26,4
2430630,26,5
291519,26,3
1576111,26,2
1949341,26,3
904084,26,5
606453,26,5
1785544,26,2
415099,26,3
1798771,26,3
2531844,26,3
1433718,26,3
957170,26,1
18630,26,4
858440,26,2
2604306,26,4
1327829,26,3
1684909,26,4
458678,26,4
2479863,26,4
1045799,26,3
1395395,26,1
2475611,26,3
1323351,26,2
2394035,26,3
102623,26,1
590461,26,3
1491108,26,3
1918839,26,3
2235269,26,2
1954955,26,5
1520710,26,1
2153829,26,1
1684916,26,2
2087036,26,2
56854,26,1
29905,26,2
2341301,26,2
652972,26,2
200692,26,1
2033360,26,4
2598134,26,3
2428563,26,2
586648,26,4
947328,26,3
2402698,26,3
919975,26,3
2043881,26,3
903346,26,2
868118,26,3
1655303,26,2
1419757,26,3
2352036,26,2
713980,26,3
1943954,26,5
2092609,26,1
636369,26,1
2304622,26,1
983060,26,1
986444,26,1
841968,26,3
463563,26,2
1329746,26,3
1076117,26,3
842623,26,4
524999,26,2
1104495,26,1
2209153,26,4
431098,26,4
2122256,26,3
185160,26,2
618976,26,2
812056,26,4
285244,26,2
1940011,26,4
298898,26,2
1686326,26,3
630651,26,3
1794317,26,4
2037765,26,3
1569793,26,1
701962,26,3
2080166,26,3
1737149,26,5
2060655,26,3
1219192,26,3
2441155,26,2
1583971,26,2
52021,26,2
2218160,26,2
1032576,26,4
779048,26,3
2366808,26,2
1005050,26,4
1547670,26,3
441206,26,3
1455342,26,3
2374862,26,1
2030117,26,2
2194905,26,3
991287,26,4
79072,26,1
1013603,26,5
1249720,26,4
160446,26,1
382913,26,1
2527098,26,4
1630360,26,3
1725259,26,3
1035196,26,3
2224759,26,3
480081,26,2
670116,26,3
1349998,26,1
338730,26,4
1433421,26,3
1613664,26,3
744514,26,3
1266847,26,3
593600,26,3
419660,26,1
1466181,26,3
2147545,26,3
2141139,26,2
79613,26,2
587918,26,5
1132367,26,3
637696,26,2
988041,26,3
1153782,26,2
1634998,26,4
4419,26,4
2069813,26,5
1034887,26,1
1007351,26,1
952020,26,3
2209525,26,2
1426598,26,3
1270202,26,3
1680043,26,4
1078630,26,2
79794,26,3
1256976,26,4
2426510,26,3
2523912,26,3
862675,26,2
1015048,26,3
2021646,26,4
279835,26,1
395087,26,1
1844537,26,2
1025477,26,4
628911,26,3
816504,26,4
897053,26,5
2376121,26,4
310767,26,2
206839,26,3
2360262,26,4
1406587,26,4
1477103,26,4
1407114,26,3
855883,26,3
110977,26,3
1798571,26,3
1727232,26,3
1226254,26,3
2262767,26,2
347088,26,2
1842313,26,1
946175,26,4
2457097,26,3
2446243,26,3
749028,26,1
1483525,26,3
403915,26,1
2542651,26,1
1289293,26,4
199435,26,2
885327,26,2
1620884,26,4
351813,26,3
956561,26,3
1704919,26,3
496393,26,3
154675,26,3
787089,26,3
796459,26,2
10942,26,3
868993,26,3
2383582,26,3
2631495,26,4
1804492,26,2
348470,26,3
2018207,26,3
2619753,26,3
311985,26,2
1690563,26,2
36858,26,3
1440126,26,3
894890,26,2
1059925,26,3
507603,26,1
2199182,26,3
1330415,26,2
393892,26,4
1563301,26,4
2052312,26,3
1747244,26,3
928704,26,3
1581303,26,2
2003390,26,3
1758591,26,1
1646495,26,2
2557082,26,3
2085211,26,3
638950,26,2
2523210,26,4
647401,26,4
1341214,26,2
2104907,26,1
549158,26,1
366785,26,1
698205,26,3
1241917,26,1
926298,26,1
290301,26,3
2415495,26,2
1346708,26,3
1508061,26,2
227093,26,4
1451761,26,3
2345686,26,3
1769353,26,3
2163283,26,3
1054227,26,3
2063001,26,5
1397213,26,2
2557821,26,4
2511081,26,1
2582552,26,1
1135847,26,4
2184556,26,3
468484,26,2
1157731,26,3
1429668,26,4
601174,26,2
986682,26,4
850089,26,2
631298,26,2
1279256,26,2
1769057,26,3
1761577,26,3
1979083,26,2
2167507,26,3
1739230,26,1
663619,26,1
2162729,26,1
1442099,26,3
2537543,26,4
1849849,26,1
2351412,26,1
1742476,26,4
622214,26,3
1183332,26,2
1645888,26,2
2234028,26,5
1961862,26,3
398231,26,1
2318461,26,2
223964,26,3
243821,26,2
1640334,26,1
255048,26,1
2314181,26,2
1579508,26,2
1752928,26,3
713081,26,1
1422324,26,3
1552084,26,3
2064713,26,3
2335640,26,1
2496945,26,1
159328,26,4
894519,26,3
2202365,26,3
1718042,26,3
860520,26,3
1888506,26,4
95075,26,3
627679,26,4
342192,26,2
2191370,26,3
2218055,26,4
737163,26,3
416278,26,2
158931,26,4
2227988,26,2
1905347,26,3
1093362,26,1
2379084,26,1
1844838,26,1
1481538,26,2
1357202,26,4
1354943,26,5
1182512,26,4
1312501,26,3
2507559,26,4
118341,26,3
2076571,26,5
2199413,26,3
35256,26,4
2070267,26,2
840537,26,3
1256752,26,5
1195652,26,3
1461440,26,3
126934,26,3
1428028,26,1
2266150,26,4
1117099,26,4
325862,26,5
131898,26,1
411415,26,4
2229111,26,2
52216,26,3
860305,26,2
2264752,26,1
1328698,26,1
803714,26,3
1203107,26,2
1399499,26,3
464559,26,2
2391817,26,2
477101,26,4
2430790,26,1
659630,26,4
1345921,26,3
1059757,26,3
2083367,26,4
581952,26,3
2413696,26,3
623281,26,3
244422,26,2
598757,26,1
381712,26,3
1429543,26,3
1541374,26,3
322009,26,4
2521051,26,3
87627,26,2
1483478,26,3
245653,26,3
670856,26,4
1111312,26,3
2540246,26,3
2085599,26,3
2048663,26,4
180596,26,2
1571690,26,2
1943378,26,1
44289,26,5
4733,26,3
2640647,26,1
759655,26,4
1120985,26,5
2472638,26,3
1730392,26,1
2584980,26,3
1764799,26,4
2489373,26,4
839176,26,3
2235548,26,3
2168506,26,3
1644255,26,2
998185,26,3
719725,26,3
2426395,26,1
1421309,26,3
2418682,26,1
1888873,26,3
1151330,26,2
1827209,26,2
1886935,26,1
1143750,26,1
2354740,26,1
2412829,26,2
1019987,26,3
19641,26,3
2286380,26,3
1643068,26,3
105685,26,3
2432917,26,3
609911,26,3
2018010,26,3
2510140,26,1
982995,26,4
1166613,26,1
1745936,26,3
675283,26,5
1780005,26,3
1926704,26,3
2139801,26,3
1080854,26,5
1124804,26,3
2038939,26,4
1153186,26,3
989829,26,3
2134796,26,3
1597787,26,4
884231,26,3
1459600,26,4
355800,26,4
819546,26,2
1874635,26,1
623496,26,4
1364926,26,2
2271182,26,1
1224398,26,2
1967166,26,4
16150,26,3
47344,26,2
382932,26,3
1921001,26,5
2644532,26,2
2147061,26,4
2351230,26,2
276678,26,3
1718496,26,1
1814964,26,4
2647648,26,3
1260854,26,2
609402,26,4
631733,26,5
165231,26,1
793951,26,3
2102334,26,4
375770,26,2
2483794,26,3
577981,26,3
181207,26,4
973313,26,2
2417531,26,3
373775,26,4
511428,26,3
2601078,26,3
1102418,26,5
961986,26,1
585682,26,1
1841327,26,2
609134,26,3
414557,26,2
377937,26,2
2121758,26,2
190482,26,2
105440,26,1
157667,26,1
2086265,26,3
2094446,26,3
243025,26,3
822140,26,4
2335593,26,2
985168,26,3
311875,26,3
2611234,26,3
11430,26,3
526407,26,3
232859,26,1
1540291,26,3
1455323,26,1
265955,26,2
2466211,26,4
1521075,26,3
1814662,26,3
546416,26,3
2189276,26,4
1523477,26,4
655277,26,1
628567,26,3
2383662,26,3
297453,26,2
2106825,26,4
1866461,26,2
1812290,26,4
1866009,26,2
918824,26,2
127664,26,3
1389446,26,3
1130882,26,4
710241,26,1
736977,26,2
2615048,26,4
1804144,26,1
1973766,26,2
701443,26,4
1939745,26,3
346036,26,3
1260839,26,4
1853952,26,2
1492353,26,5
1383762,26,2
701960,26,3
1248409,26,2
1499958,26,4
452738,26,1
2414534,26,2
2349904,26,3
1835632,26,4
249216,26,3
977446,26,3
1072312,26,4
919106,26,2
1936545,26,3
1399916,26,4
1030715,26,4
942174,26,5
80412,26,2
705904,26,1
825306,26,1
1341477,26,2
2458814,26,3
539938,26,5
2113963,26,3
2117915,26,4
1400474,26,3
1340361,26,3
1884804,26,3
2467173,26,3
656405,26,4
754312,26,4
528870,26,1
1172271,26,1
1566295,26,3
1041749,26,4
697780,26,3
2477409,26,3
1870474,26,4
832270,26,4
1664010,26,5
2576467,26,3
28786,26,3
600130,26,2
694309,26,5
2372456,26,3
957459,26,3
1506996,26,3
98673,26,1
473792,26,3
939840,26,3
2446442,26,3
592193,26,3
534639,26,3
1945051,26,4
1156900,26,3
1745911,26,4
2310269,26,3
643381,26,2
2366908,26,1
1388194,26,2
553711,26,1
1640500,26,3
1275394,26,4
748777,26,1
1707368,26,2
740199,26,2
626342,26,3
515445,26,2
1808648,26,4
2296560,26,4
1322925,26,3
593428,26,3
49890,26,3
1102291,26,1
835417,26,1
369646,26,3
2341415,26,2
1147320,26,4
1441441,26,3
425560,26,1
78466,26,3
2586787,26,2
2471500,26,3
1759835,26,1
467425,26,3
2030235,26,1
2294272,26,1
1489101,26,5
714660,26,4
695998,26,3
1863002,26,1
230448,26,3
1091253,26,3
914602,26,2
1688283,26,1
88565,26,4
1154480,26,2
1411079,26,3
408636,26,3
1441112,26,3
1810064,26,1
1338762,26,4
702069,26,2
2441439,26,4
1556889,26,1
1605239,26,2
593017,26,1
262115,26,2
1830336,26,4
1816552,26,2
2107249,26,3
1019660,26,2
699231,26,3
2105662,26,2
1965907,26,3
1962173,26,3
1620369,26,2
1290391,26,1
119510,26,3
1621247,26,2
1763790,26,3
2548397,26,4
2406879,26,3
1252307,26,3
1701654,26,3
314418,26,3
495800,26,2
2460176,26,1
681642,26,2
572481,26,1
950251,26,2
2620829,26,2
810562,26,5
1520703,26,1
2037449,26,3
2333025,26,3
1945665,26,4
352768,26,2
2068968,26,3
2232065,26,4
2591906,26,3
726287,26,4
1626568,26,4
841593,26,4
2601391,26,3
2160232,26,4
2202167,26,5
1937452,26,3
1844813,26,5
757746,26,1
535627,26,3
516422,26,2
406365,26,3
2524866,26,4
1788823,26,3
541048,26,4
1790168,26,4
1028824,26,3
1092121,26,4
2424706,26,3
1914678,26,4
1377486,26,3
383631,26,3
1288207,26,3
2237047,26,2
115396,26,3
818396,26,4
1225596,26,3
1444314,26,4
1056652,26,1
2323376,26,3
517794,26,2
1415719,26,2
1475936,26,4
1802658,26,3
1717060,26,3
630964,26,2
880097,26,4
1502511,26,5
730027,26,3
2066932,26,4
113821,26,2
856563,26,2
1734103,26,5
1944303,26,3
2020022,26,2
2427440,26,1
1044269,26,3
2557984,26,3
1203186,26,3
2265768,26,2
759774,26,3
42501,26,2
2535238,26,3
754887,26,2
139678,26,3
89396,26,4
651581,26,1
2324480,26,3
270873,26,2
2168925,26,5
2535586,26,3
2077921,26,3
235109,26,4
2410061,26,3
2155916,26,4
1083933,26,1
205569,26,2
2582261,26,1
1745041,26,4
1760752,26,2
897925,26,2
619027,26,2
2181536,26,4
62691,26,3
2031826,26,3
698606,26,1
139217,26,1
1610234,26,2
1736217,26,2
1039883,26,3
2302505,26,2
1349751,26,4
2646456,26,2
209024,26,3
1192771,26,3
1254685,26,3
257165,26,2
297085,26,1
1720569,26,2
1441442,26,3
1786989,26,3
1347916,26,3
1064665,26,2
840402,26,4
1176345,26,3
1424206,26,2
1030634,26,2
249824,26,3
851111,26,3
1341247,26,3
245181,26,2
1353717,26,1
189576,26,2
623234,26,1
1528680,26,3
1629608,26,3
2321393,26,4
36104,26,4
347885,26,2
649153,26,4
527498,26,2
78885,26,4
632333,26,4
1672254,26,4
863638,26,2
2232544,26,1
971527,26,3
2454575,26,3
876510,26,4
2477733,26,2
594754,26,3
280120,26,2
1471238,26,3
1691481,26,4
927945,26,3
777194,26,2
68685,26,3
1824028,26,3
2462235,26,2
109701,26,2
1743756,26,3
1379561,26,2
355317,26,3
2070560,26,4
110989,26,4
1749706,26,3
1831058,26,4
2078745,26,2
896753,26,3
895027,26,2
890153,26,2
2392201,26,1
1409234,26,3
1792238,26,2
2040332,26,3
1623601,26,3
1036757,26,3
1642162,26,1
1461923,26,4
212390,26,5
1102887,26,4
1838538,26,1
841409,26,3
28259,26,4
1227688,26,5
1138511,26,3
1782410,26,1
565015,26,2
1640526,26,1
32592,26,3
975592,26,2
2187083,26,2
2404943,26,1
436984,26,3
1524915,26,5
286684,26,2
451289,26,1
721567,26,1
2631565,26,2
894114,26,4
426056,26,1
979644,26,1
1117152,26,4
2276477,26,4
796157,26,2
2624159,26,3
1075476,26,5
2440206,26,1
608605,26,3
131853,26,5
1636806,26,1
1801739,26,2
1706829,26,3
1066160,26,4
144125,26,4
1453877,26,3
1720313,26,4
472282,26,2
1295821,26,4
1193818,26,1
1440187,26,1
1148741,26,2
897038,26,1
977681,26,3
516624,26,3
1020584,26,3
1828542,26,2
2375513,26,4
713224,26,4
507140,26,3
211995,26,3
968184,26,1
2288858,26,3
452001,26,3
1026933,26,2
1812093,26,3
2036646,26,2
1531965,26,3
1974022,26,2
2603551,26,3
1854658,26,2
279966,26,3
343857,26,3
881356,26,4
1006406,26,2
2611833,26,1
619338,26,4
298552,26,2
2123912,26,3
1479771,26,1
1063877,26,4
2358148,26,1
591577,26,3
190881,26,2
49380,26,1
976803,26,3
2337411,26,4
2507406,26,2
54514,26,4
1043581,26,5
1990783,26,1
364471,26,1
1735876,26,4
1291403,26,2
228464,26,4
62285,26,2
2092788,26,3
2618075,26,4
1020646,26,3
426981,26,2
764040,26,3
592729,26,2
243612,26,3
1050698,26,2
514476,26,3
2199263,26,3
1920425,26,2
493740,26,3
686842,26,5
1548220,26,4
222479,26,3
561246,26,3
1457939,26,2
2153000,26,2
2431148,26,1
500866,26,3
160593,26,3
22418,26,4
672461,26,3
590581,26,1
1352224,26,5
1245177,26,5
495584,26,2
1861818,26,2
1014074,26,4
73023,26,3
644264,26,3
133532,26,4
1588002,26,3
1100417,26,3
1653746,26,3
524086,26,4
2151695,26,1
2002026,26,3
1535722,26,1
25348,26,4
389652,26,2
1467440,26,2
1364974,26,4
349185,26,3
2090833,26,2
1346630,26,3
1171806,26,3
2181139,26,1
839077,26,3
1602902,26,2
381145,26,5
1584667,26,3
2241137,26,3
1955738,26,4
2422025,26,3
708881,26,2
359469,26,2
1235084,26,3
1769067,26,3
230252,26,4
1925404,26,3
1172525,26,3
693527,26,3
2609021,26,2
826483,26,2
38229,26,2
252435,26,3
1340039,26,4
197804,26,2
1569185,26,3
2215180,26,3
1532322,26,3
1132256,26,1
1038515,26,3
1591543,26,2
1388111,26,3
1079986,26,4
1851769,26,2
2117885,26,4
223379,26,1
2459229,26,3
86246,26,3
1295067,26,1
1151881,26,4
2351803,26,2
327577,26,2
1974864,26,4
1766217,26,2
2349225,26,3
617282,26,4
2509976,26,3
2152508,26,3
2323152,26,2
1593386,26,2
152746,26,4
2500870,26,1
2469579,26,2
387890,26,1
1162520,26,1
117072,26,2
1823789,26,5
2379147,26,3
727876,26,4
2171679,26,3
712653,26,1
741670,26,5
247005,26,3
2159054,26,2
1850209,26,5
2042125,26,1
1207567,26,3
1602735,26,3
1143290,26,2
466335,26,2
938519,26,3
1681416,26,2
628307,26,2
1498353,26,3
1377600,26,3
50214,26,2
98076,26,3
763924,26,2
2410785,26,2
940688,26,1
1338970,26,3
1307834,26,3
390416,26,3
1228437,26,3
1915478,26,3
1386733,26,3
152055,26,4
946179,26,2
243304,26,3
797848,26,1
1698112,26,4
952248,26,4
773046,26,1
1481817,26,5
833567,26,4
1250005,26,3
581399,26,4
941092,26,2
593226,26,3
493408,26,3
1381455,26,2
197101,26,2
1917540,26,2
2108619,26,2
2532654,26,1
2200332,26,3
1001454,26,4
1441623,26,3
2639876,26,2
2424333,26,2
1629806,26,1
1965113,26,3
2601892,26,4
1113616,26,2
1365863,26,1
1165820,26,2
2155569,26,5
1321554,26,2
1399466,26,3
992223,26,3
745647,26,4
732122,26,1
2635591,26,3
21377,26,5
677047,26,3
1158056,26,2
398616,26,3
704058,26,3
728128,26,3
1354825,26,2
656586,26,3
2043300,26,3
801513,26,4
357140,26,2
1062150,26,3
1917910,26,4
1896653,26,3
572707,26,3
249773,26,4
183235,26,3
2296144,26,4
2346577,26,4
167974,26,3
2070271,26,5
1847806,26,3
616636,26,3
1488054,26,4
2344833,26,4
2399502,26,3
2229171,26,5
2019083,26,1
1424011,26,2
1455407,26,2
1006810,26,2
641780,26,3
505184,26,4
252093,26,4
812458,26,3
1223933,26,4
2316963,26,4
16189,26,3
2500432,26,2
2037463,26,3
789239,26,3
2104189,26,4
342533,26,3
2372458,26,2
2023354,26,4
499920,26,5
498744,26,2
1013756,26,3
2077960,26,2
401418,26,4
538815,26,3
270406,26,1
186884,26,3
2153704,26,3
276743,26,3
2535914,26,2
2368102,26,2
2300818,26,4
402413,26,3
1889384,26,4
1680222,26,3
963361,26,1
275338,26,4
1194207,26,4
2601343,26,4
66120,26,2
361070,26,4
747077,26,3
1504176,26,3
153563,26,3
1328568,26,5
1053776,26,3
87113,26,4
1545253,26,3
296675,26,4
1561553,26,2
1303012,26,4
450465,26,1
2239152,26,3
952063,26,1
1203959,26,1
353802,26,3
2441488,26,4
1570543,26,2
880978,26,2
1960630,26,1
570018,26,3
780590,26,3
2312645,26,3
375148,26,1
2142919,26,1
1868327,26,2
372275,26,2
1930250,26,1
2077882,26,3
2366454,26,4
758080,26,3
202501,26,4
2630808,26,3
666560,26,3
2126573,26,4
2474528,26,3
1832833,26,3
1919296,26,2
2033279,26,4
335839,26,2
2389745,26,1
1174912,26,3
1033235,26,3
1569109,26,2
176700,26,1
795714,26,2
694454,26,3
2640879,26,3
459094,26,5
10374,26,4
1438652,26,3
1070508,26,3
1750143,26,4
2300191,26,3
2101845,26,3
289989,26,3
2075540,26,2
765132,26,4
408214,26,3
2377631,26,3
2180877,26,1
486767,26,3
1488451,26,3
412617,26,1
1937661,26,5
1340396,26,2
1907521,26,3
2272654,26,3
1228495,26,3
412988,26,1
169936,26,3
2032402,26,4
873888,26,3
1720861,26,3
1975659,26,2
410070,26,5
2283989,26,2
390233,26,3
2062197,26,3
107048,26,1
2339053,26,5
1916373,26,2
1882753,26,4
960490,26,3
2350500,26,2
1421402,26,4
1367773,26,4
1696164,26,3
344549,26,3
58495,26,3
1253144,26,4
2522791,26,2
583637,26,3
825819,26,3
1960094,26,3
1427394,26,3
1876817,26,4
1416673,26,2
1164074,26,1
1852891,26,3
267977,26,4
1758100,26,1
64593,26,3
293247,26,3
1287593,26,3
1616870,26,3
2420683,26,3
867068,26,3
108965,26,3
1768078,26,1
2645587,26,1
1828401,26,4
2193909,26,3
1251370,26,2
1835914,26,4
111653,26,3
1622407,26,2
336789,26,4
551702,26,5
97832,26,3
1428676,26,3
1374327,26,3
1354133,26,1
2086313,26,5
1390159,26,1
219199,26,1
1001972,26,1
190874,26,3
2356911,26,3
1594658,26,2
96089,26,3
598380,26,3
2436249,26,2
669659,26,3
807237,26,3
718564,26,3
579959,26,2
1280254,26,4
1224000,26,2
1783226,26,3
991096,26,2
1190033,26,3
346926,26,1
1279711,26,3
1452377,26,3
145514,26,4
374877,26,4
2598077,26,1
2621705,26,2
982689,26,4
298736,26,2
21386,26,3
110133,26,2
1262364,26,1
440606,26,3
1552167,26,5
1093757,26,1
273209,26,1
1786048,26,3
1129838,26,3
1083891,26,3
900307,26,4
2645469,26,4
1925775,26,3
974174,26,3
666611,26,1
1912415,26,4
1326277,26,3
944388,26,3
1611544,26,3
1607009,26,3
1424040,26,3
231248,26,3
824478,26,1
2506974,26,2
1340297,26,2
2579609,26,2
2232393,26,2
2364829,26,3
52344,26,2
818453,26,2
2535249,26,3
2058487,26,3
1605935,26,3
394794,26,5
79575,26,2
1239491,26,2
2460066,26,5
2495930,26,2
875288,26,4
255012,26,4
1666213,26,3
2566840,26,2
2242228,26,3
1510021,26,4
76500,26,1
2360000,26,3
2144829,26,5
212143,26,3
157814,26,3
59697,26,3
978928,26,2
2075004,26,3
647425,26,3
472332,26,2
1887259,26,2
115821,26,4
846349,26,3
92693,26,1
1783723,26,4
290614,26,3
2547020,26,4
434474,26,3
1067050,26,2
878915,26,2
1317671,26,3
2116230,26,2
888166,26,2
1709410,26,3
2052963,26,2
118390,26,3
1870318,26,4
2103917,26,3
491531,26,2
1096051,26,2
1304323,26,1
1632356,26,1
464185,26,2
2498475,26,5
1475038,26,2
380150,26,3
1062450,26,3
2378162,26,3
1525960,26,2
2142678,26,3
2492900,26,2
1907075,26,3
1033132,26,4
1468417,26,3
1679839,26,3
1828179,26,3
441819,26,4
1979894,26,3
1303703,26,2
1242854,26,3
2520189,26,4
1448496,26,4
2201356,26,5
1989124,26,4
1737735,26,4
207547,26,1
2589121,26,3
2032610,26,4
1427226,26,2
388671,26,1
2386152,26,4
2283770,26,3
4421,26,2
1232442,26,3
763012,26,2
2327851,26,3
2559602,26,3
2061733,26,4
2513627,26,4
2238629,26,1
77669,26,2
2581556,26,3
586024,26,1
1760336,26,2
624038,26,2
2066600,26,2
6544,26,4
1773744,26,3
974674,26,3
1765019,26,3
280377,26,2
180392,26,3
880814,26,1
1386887,26,2
2352251,26,3
989698,26,1
365704,26,3
1974335,26,4
1609631,26,2
192165,26,3
1777614,26,4
386947,26,3
1941338,26,1
2063009,26,2
1860206,26,3
2365141,26,2
1941574,26,3
1488439,26,4
1656198,26,3
1726981,26,2
802695,26,2
1895587,26,4
2427965,26,2
1472085,26,3
770133,26,1
306658,26,3
1557557,26,3
824717,26,3
1798407,26,3
1984749,26,2
510597,26,2
1133268,26,1
1863899,26,3
978405,26,3
140475,26,3
1272067,26,2
2301943,26,1
287545,26,3
1070582,26,4
278056,26,4
2084049,26,3
303818,26,3
1716783,26,3
2606799,26,4
128348,26,4
154853,26,4
2031435,26,2
1644709,26,2
1733443,26,3
1617448,26,3
408457,26,2
1463538,26,4
997265,26,3
2184768,26,2
1517168,26,2
1867401,26,2
1777786,26,2
954924,26,3
2272214,26,3
1113347,26,3
2020851,26,1
898637,26,2
26323,26,4
2434546,26,3
442467,26,1
2413413,26,3
1461921,26,1
504981,26,3
206121,26,3
1540980,26,1
2351276,26,2
424202,26,1
63740,26,2
1233072,26,2
1122390,26,3
280680,26,1
1898158,26,3
1189397,26,3
1238422,26,3
2475324,26,2
1409036,26,3
2241241,26,3
2542126,26,3
1424038,26,3
1284350,26,5
488559,26,3
1809921,26,5
1017068,26,3
1833392,26,3
2307036,26,2
2469,26,2
964241,26,3
929407,26,3
1617915,26,2
2069740,26,2
2581379,26,2
429045,26,3
2426145,26,1
1231291,26,3
2571376,26,4
2086129,26,4
2183788,26,4
298583,26,3
138481,26,2
1759820,26,2
2243279,26,2
408291,26,1
2456344,26,3
1126041,26,3
1241640,26,2
1811650,26,5
1162348,26,3
478558,26,3
249701,26,1
1725515,26,2
1106249,26,2
335501,26,1
1181707,26,3
526808,26,4
1824837,26,3
516276,26,3
2474029,26,3
1358950,26,3
342272,26,4
2256485,26,3
2042271,26,2
1519667,26,5
661563,26,3
570063,26,2
692877,26,5
2206103,26,2
2204005,26,1
449597,26,2
2469836,26,2
2011837,26,1
1738189,26,3
1019685,26,5
2041742,26,4
2493530,26,3
1180991,26,3
1692798,26,3
14794,26,3
1916053,26,4
639795,26,4
1187800,26,4
1996154,26,3
252476,26,3
1534251,26,5
1301243,26,3
682912,26,4
1055289,26,3
431326,26,3
744082,26,1
808382,26,2
1894128,26,4
1416689,26,4
1381007,26,3
2176304,26,3
986289,26,3
2161372,26,3
618356,26,3
2340450,26,3
2522899,26,4
1714727,26,3
2126211,26,2
1405485,26,3
2496512,26,2
1723381,26,3
622229,26,5
219755,26,4
2248649,26,1
1055451,26,3
2226738,26,5
882703,26,4
1625233,26,4
1823731,26,2
817461,26,3
2105130,26,3
716173,26,4
178925,26,3
881975,26,3
778566,26,2
2395124,26,3
90912,26,2
1110306,26,4
1145862,26,3
1498843,26,3
485025,26,3
1523225,26,3
491513,26,3
2395054,26,3
1028420,26,2
1403378,26,3
699513,26,1
1858464,26,1
1772954,26,3
2340455,26,4
475881,26,3
1220838,26,3
1478743,26,3
1165536,26,1
529234,26,3
1688953,26,1
1763136,26,2
628380,26,1
542323,26,4
1213094,26,2
1100043,26,5
2214218,26,3
1585108,26,3
1655508,26,1
427991,26,5
1679325,26,5
2626881,26,3
2039272,26,3
2261259,26,5
1034253,26,3
1480841,26,4
2096373,26,3
316972,26,4
562211,26,4
2194337,26,4
1638462,26,3
595285,26,4
2068443,26,2
2010587,26,3
475835,26,3
1369107,26,3
593204,26,1
1567970,26,3
433596,26,2
906005,26,3
726025,26,3
327860,26,3
997702,26,4
2423493,26,4
1455405,26,5
2192517,26,2
69212,26,1
2355749,26,3
1024083,26,3
599809,26,2
577780,26,1
976319,26,4
318793,26,4
2132886,26,4
700891,26,3
722798,26,3
916391,26,3
2393317,26,3
2133670,26,3
1255623,26,4
1938258,26,1
226582,26,3
2251874,26,3
934993,26,1
399971,26,2
2558443,26,4
2324737,26,2
1582952,26,1
1905328,26,3
989160,26,3
703090,26,4
734907,26,5
2487916,26,4
1195137,26,5
2067793,26,1
209366,26,3
1358126,26,3
2201507,26,5
2441434,26,3
2108460,26,2
653174,26,2
19577,26,1
2519397,26,3
180430,26,3
1899630,26,3
1896541,26,3
1963736,26,1
645259,26,1
1428255,26,3
1894501,26,3
293590,26,5
1020215,26,1
1679093,26,4
1792720,26,3
1930074,26,2
1806407,26,3
2088327,26,3
154977,26,3
1680414,26,4
113140,26,1
2569944,26,3
1651302,26,3
1254354,26,2
1528792,26,2
1169850,26,1
2557747,26,2
855281,26,2
604568,26,3
767318,26,1
2073432,26,4
916727,26,2
600141,26,3
1648623,26,3
1865121,26,1
1125734,26,3
1969592,26,2
796191,26,2
1397583,26,2
1588735,26,4
1725008,26,3
1147627,26,1
1646882,26,2
688217,26,3
534138,26,3
122639,26,4
1351421,26,3
845930,26,2
238048,26,4
2103336,26,3
581763,26,3
1726228,26,4
987295,26,3
1718159,26,1
386034,26,3
1940557,26,3
342877,26,3
2034654,26,1
1662118,26,1
1535446,26,4
1135473,26,3
2211474,26,4
572011,26,3
631041,26,3
230961,26,3
68724,26,5
2560750,26,3
321276,26,1
2109662,26,3
2156905,26,3
681541,26,3
442813,26,2
1245426,26,2
1054773,26,1
1956012,26,4
1970437,26,4
211008,26,3
216406,26,3
1901251,26,3
1224237,26,3
661502,26,3
1263488,26,3
1402654,26,3
2411869,26,1
237408,26,1
1804140,26,4
1232353,26,2
1319503,26,3
1293477,26,3
772327,26,2
1657921,26,2
2138897,26,4
809286,26,4
508927,26,4
119029,26,3
561184,26,1
2459417,26,4
1469394,26,4
302426,26,3
1455293,26,1
2076552,26,4
976191,26,5
2519993,26,3
323450,26,2
1151483,26,2
69737,26,3
1136445,26,5
2586666,26,1
1317895,26,3
1628912,26,2
2151690,26,1
459654,26,2
1625343,26,2
2545499,26,4
1401599,26,2
197057,26,1
11043,26,4
2532321,26,4
964916,26,4
2402297,26,4
1697426,26,5
1010115,26,5
348337,26,4
1713085,26,3
265257,26,3
1761783,26,3
1201988,26,4
449213,26,1
283648,26,3
578869,26,3
1279821,26,4
2356898,26,3
715516,26,3
443488,26,4
1594675,26,5
576763,26,3
4906,26,4
490181,26,3
837795,26,2
1620410,26,2
2265884,26,3
86712,26,2
332231,26,3
2530140,26,2
317134,26,4
959092,26,4
2184882,26,3
573987,26,3
1182045,26,3
87323,26,1
18327,26,3
617275,26,3
1292338,26,3
670275,26,2
848039,26,3
2502631,26,3
500066,26,3
2089379,26,2
634069,26,3
1294471,26,2
1126548,26,2
1252092,26,1
1796588,26,4
2325871,26,3
1946894,26,1
1859272,26,1
939264,26,4
1782436,26,2
1456473,26,4
853918,26,3
546456,26,5
2385715,26,4
242477,26,2
1492376,26,3
871436,26,1
1815739,26,2
1854660,26,1
2465070,26,4
781315,26,3
1868611,26,2
271978,26,3
670088,26,3
1993299,26,3
854274,26,2
919381,26,2
158785,26,1
101246,26,5
395760,26,3
548581,26,2
305344,26,1
280260,26,3
1546159,26,2
2360168,26,3
842431,26,2
530118,26,3
983558,26,4
272280,26,1
195673,26,3
720145,26,3
2394802,26,3
624610,26,4
2106707,26,4
1610101,26,4
1181558,26,4
2294263,26,2
809242,26,3
213651,26,3
1859845,26,2
1267177,26,2
958634,26,2
2321232,26,3
1425413,26,3
2529316,26,5
195886,26,3
1030797,26,2
173583,26,3
2602083,26,3
1885142,26,2
443308,26,2
708706,26,2
1725226,26,4
1754654,26,5
2322956,26,3
306237,26,2
687746,26,4
1197493,26,4
1541200,26,3
53633,26,1
213115,26,3
1413189,26,3
872070,26,4
2441830,26,4
149496,26,3
2395450,26,3
44434,26,1
1029283,26,4
516264,26,4
782666,26,4
1151811,26,3
2345122,26,3
2164692,26,2
2403820,26,4
322287,26,2
2540731,26,3
2345353,26,5
258818,26,4
1478617,26,3
568434,26,1
1288978,26,3
1600228,26,2
796093,26,1
377613,26,3
269706,26,3
2350483,26,2
1416947,26,2
305092,26,2
446469,26,2
1102039,26,2
1134651,26,3
1824021,26,2
1678554,26,4
1391913,26,2
669384,26,4
1933712,26,1
1870219,26,4
1485242,26,5
1909214,26,3
17576,26,3
1106653,26,3
544832,26,3
1254635,26,3
236380,26,5
1681991,26,3
1822963,26,3
1914163,26,2
1255057,26,4
681019,26,3
1815124,26,2
1863119,26,3
256141,26,4
291914,26,3
396805,26,3
1403217,26,4
1685361,26,3
1310116,26,2
2029086,26,3
67468,26,2
1156780,26,2
280512,26,4
100126,26,5
1867850,26,5
1966090,26,3
643312,26,4
2056981,26,3
2228000,26,3
252689,26,3
1670918,26,2
2071970,26,2
69368,26,3
597949,26,3
1407942,26,4
862092,26,2
79170,26,4
890414,26,4
1554021,26,3
1864108,26,4
2398086,26,5
1794942,26,4
2150269,26,4
2179367,26,3
972608,26,2
2411453,26,3
364208,26,3
1267967,26,2
1621899,26,4
187387,26,2
552639,26,3
639533,26,2
282654,26,2
708329,26,4
1521772,26,3
248435,26,3
1247208,26,4
1451256,26,4
1882466,26,5
1769996,26,3
2502522,26,3
2429206,26,3
2369887,26,1
2223717,26,3
901763,26,3
1447229,26,3
2586930,26,3
206238,26,1
127119,26,2
2647297,26,5
752763,26,4
1965052,26,2
8815,26,1
2260701,26,2
1606487,26,3
1394921,26,1
689488,26,1
1326886,26,3
1920055,26,3
748550,26,2
1062337,26,2
1895159,26,3
2528653,26,1
2278766,26,3
1361278,26,4
55339,26,3
60539,26,3
2199837,26,2
528666,26,5
2185774,26,5
499033,26,2
1410742,26,2
1827071,26,3
895443,26,2
556082,26,4
421620,26,2
791785,26,4
1866566,26,1
1393576,26,3
2294600,26,2
1162365,26,5
986251,26,2
1962147,26,3
2432080,26,2
1065598,26,3
252637,26,3
2333438,26,3
158506,26,2
942334,26,1
891954,26,3
979997,26,4
1347355,26,3
2434028,26,3
2147139,26,2
135785,26,1
630276,26,3
1763740,26,4
2419814,26,2
1067416,26,4
777488,26,3
1618971,26,2
2332262,26,1
2003414,26,3
2242472,26,3
763949,26,3
26762,26,3
2571912,26,2
1067046,26,3
1879189,26,4
2287578,26,1
691077,26,4
2059696,26,3
2453577,26,1
871533,26,3
200147,26,2
2346315,26,4
835686,26,3
121333,26,2
1200479,26,3
4628,26,4
1269423,26,1
1222913,26,3
2079760,26,1
1491448,26,3
1669646,26,4
548256,26,4
1861500,26,2
1762098,26,3
436917,26,3
2298615,26,3
2355703,26,5
2556921,26,3
1858928,26,1
340166,26,2
958603,26,2
447759,26,5
981199,26,3
2626891,26,3
1458172,26,3
1710643,26,3
13197,26,2
630166,26,3
6629,26,2
2523113,26,3
336588,26,2
1665296,26,3
1925719,26,3
2254239,26,5
2464081,26,4
1466310,26,2
1194487,26,1
679761,26,4
2090893,26,2
1954428,26,1
1073560,26,4
2339653,26,2
661698,26,5
753994,26,3
2250087,26,3
41946,26,1
1457709,26,3
1857268,26,1
2003213,26,1
1825395,26,4
818061,26,4
863836,26,1
2023226,26,2
1437766,26,4
2323387,26,3
1585165,26,2
862172,26,2
1653637,26,3
328642,26,3
14081,26,4
1476342,26,3
272299,26,2
1777917,26,3
1535493,26,2
1663592,26,2
330221,26,3
2295763,26,3
1724972,26,1
1287631,26,3
1509682,26,2
1321199,26,1
1354814,26,3
912114,26,2
2037301,26,3
32438,26,1
1722758,26,3
2291251,26,3
595851,26,3
238600,26,2
2291540,26,2
94686,26,2
1812156,26,2
1896177,26,4
1435298,26,3
2036325,26,5
278049,26,3
891923,26,5
264739,26,2
1480781,26,1
651815,26,2
1361047,26,1
220350,26,3
2490542,26,3
717938,26,4
2468851,26,4
2629660,26,4
1458102,26,1
2426189,26,1
2501348,26,4
272379,26,1
1527490,26,3
1886911,26,3
2598889,26,4
811109,26,3
299805,26,3
160474,26,4
143827,26,4
120536,26,2
2553449,26,2
18816,26,5
258046,26,1
60293,26,3
10874,26,2
1124693,26,3
855011,26,3
397793,26,4
160899,26,2
1145912,26,3
2026754,26,3
1972419,26,3
2315251,26,3
891141,26,3
1866789,26,1
1289686,26,2
100495,26,4
495349,26,2
1650616,26,4
1578534,26,2
321954,26,3
362688,26,2
1850228,26,3
2228502,26,2
1817279,26,2
41495,26,2
193872,26,2
1732518,26,4
2547683,26,5
1345871,26,3
2040916,26,1
1365167,26,5
421777,26,3
2578110,26,2
46304,26,3
600797,26,2
1067920,26,3
2022009,26,4
2137676,26,2
2205259,26,2
2584676,26,2
2159290,26,2
597389,26,4
372273,26,3
1917486,26,2
1449668,26,1
1049260,26,3
1085805,26,5
2300139,26,4
863737,26,3
847349,26,3
2316556,26,2
484464,26,3
136912,26,5
472880,26,4
2150451,26,3
712091,26,1
1859593,26,2
2383158,26,4
888463,26,5
1707892,26,1
38110,26,5
1203994,26,1
1179235,26,3
1819554,26,2
2142889,26,3
1348221,26,1
1172490,26,5
1099977,26,3
1160344,26,5
2290591,26,3
1033171,26,1
557724,26,5
2303668,26,3
860307,26,3
1937352,26,3
2448590,26,5
1838055,26,3
2036299,26,4
538267,26,2
604596,26,3
336524,26,3
1484075,26,5
1129284,26,3
1409880,26,3
2355771,26,4
2646574,26,3
1455712,26,3
1020352,26,3
1033246,26,3
1196292,26,2
2485978,26,2
1147679,26,1
2434678,26,3
108936,26,2
2590248,26,4
120796,26,2
1558918,26,3
2563650,26,4
2407004,26,4
614869,26,2
702044,26,3
702147,26,3
995585,26,5
2166190,26,3
1216073,26,5
1778466,26,4
2191598,26,2
650092,26,3
2125551,26,2
611360,26,1
1073396,26,4
1209437,26,3
1410681,26,3
1928140,26,3
1526205,26,4
1620319,26,2
140565,26,4
127501,26,1
1525992,26,4
1346326,26,2
971609,26,3
1558683,26,3
620741,26,3
2110341,26,3
2401784,26,3
1360963,26,3
1669692,26,3
902413,26,4
1062684,26,2
388535,26,2
740929,26,3
1464946,26,5
1161575,26,1
1638252,26,3
686954,26,4
214706,26,1
759596,26,3
516190,26,3
987824,26,2
1701781,26,2
1525729,26,1
1257093,26,3
1730485,26,2
2295136,26,2
2188622,26,4
1144968,26,3
2112235,26,2
2260008,26,3
107309,26,5
2388628,26,3
2554933,26,1
1904505,26,4
212479,26,4
1067999,26,1
1610064,26,4
2160334,26,4
1136411,26,3
2517870,26,5
1827598,26,5
1865988,26,2
1889697,26,3
2587561,26,2
966626,26,3
1259056,26,3
1040572,26,1
218926,26,3
495389,26,2
1630241,26,2
745125,26,1
84627,26,1
1644869,26,3
1201757,26,3
1600255,26,3
2458468,26,2
1987360,26,2
952554,26,3
1603270,26,4
2502880,26,2
2120945,26,3
2134683,26,3
2184327,26,2
2340643,26,4
2251661,26,2
435435,26,3
49129,26,3
2638748,26,2
2267044,26,1
125821,26,4
744985,26,4
1277635,26,2
467885,26,1
1269137,26,2
2320196,26,5
1704311,26,4
620106,26,4
2296610,26,2
835107,26,4
161636,26,3
1630882,26,3
234399,26,3
1783789,26,5
2554860,26,2
1963167,26,1
1810964,26,3
1456657,26,2
1182942,26,2
1612685,26,1
1261985,26,3
2383221,26,3
482951,26,2
402389,26,4
1616215,26,2
2092479,26,3
2561857,26,2
2016596,26,3
1570397,26,2
2627259,26,3
1162415,26,3
2186273,26,3
609236,26,2
2468191,26,3
1473014,26,4
1103243,26,5
2229663,26,2
2126215,26,1
1449241,26,2
2485184,26,4
2312913,26,2
969155,26,2
408193,26,5
2179179,26,5
596679,26,2
1601085,26,2
1608087,26,3
842359,26,5
690313,26,3
737438,26,4
400133,26,3
1994495,26,1
2453494,26,3
573937,26,5
1176215,26,3
240923,26,2
276388,26,1
2474661,26,3
2598647,26,1
1955923,26,3
990918,26,3
1209835,26,2
740412,26,4
629227,26,3
826257,26,5
2038137,26,3
1121136,26,4
244213,26,2
1232354,26,3
2220342,26,5
895146,26,3
1152594,26,3
535889,26,3
95393,26,2
1461667,26,3
12812,26,3
152556,26,5
412833,26,5
55199,26,3
176441,26,2
135763,26,2
2337369,26,2
1338202,26,4
663236,26,1
1329904,26,3
1965634,26,2
116838,26,2
886520,26,5
223423,26,3
1015868,26,3
2618155,26,2
844533,26,3
1145003,26,3
1507887,26,1
1570999,26,3
1717979,26,2
2044378,26,2
2242389,26,1
1816597,26,2
227799,26,3
697553,26,2
84213,26,1
1231059,26,2
1858600,26,2
561541,26,3
1785134,26,3
2210257,26,4
2035541,26,3
1923714,26,1
537186,26,3
1841081,26,2
1424452,26,2
1456336,26,2
1649204,26,1
1896402,26,2
393989,26,1
871496,26,2
1787815,26,2
514107,26,1
337144,26,3
488551,26,3
1525673,26,4
524897,26,4
678049,26,4
1772442,26,3
1611284,26,3
2355151,26,2
750641,26,5
943590,26,4
1852396,26,2
1279037,26,1
1117772,26,3
853929,26,1
1215153,26,1
1085406,26,1
53686,26,4
803932,26,4
2178426,26,1
2131287,26,5
542122,26,4
1870288,26,2
2549548,26,3
1284609,26,4
822774,26,2
2123270,26,1
778243,26,2
1555531,26,2
1933732,26,3
1941534,26,3
1287065,26,3
1146517,26,5
1705878,26,3
1996793,26,1
1647443,26,1
72795,26,1
2598966,26,2
1504162,26,5
995393,26,1
85159,26,3
2209521,26,4
690097,26,1
483544,26,4
2280030,26,3
2636392,26,4
1438214,26,1
789548,26,3
1194937,26,3
1556193,26,4
105802,26,2
1946202,26,2
1109370,26,3
2177576,26,3
1175001,26,2
460500,26,2
2634931,26,3
429303,26,2
2466899,26,1
1398076,26,3
747238,26,2
894309,26,1
1908283,26,2
2479136,26,5
2528157,26,5
2021291,26,4
188190,26,4
733988,26,4
826871,26,3
2330119,26,2
933552,26,4
125687,26,3
2221268,26,2
516116,26,4
1846483,26,3
2334533,26,4
2609074,26,5
1011759,26,2
1777950,26,1
2005447,26,3
2023370,26,2
281167,26,3
1455043,26,4
1796532,26,4
731988,26,4
2342014,26,5
753457,26,1
633728,26,4
1858533,26,3
768880,26,3
741629,26,3
1585322,26,3
1747369,26,3
1463511,26,3
2148317,26,3
48630,26,2
1559797,26,3
658437,26,2
1012178,26,5
1115666,26,3
1684428,26,2
2345349,26,3
2289015,26,1
169453,26,4
421008,26,4
1571514,26,4
2552648,26,4
1900938,26,2
2020725,26,4
460308,26,2
335322,26,3
1283365,26,2
1986641,26,3
2093403,26,3
307413,26,1
1942068,26,2
2404366,26,3
1612715,26,4
1118693,26,3
2013681,26,2
1747135,26,3
1904554,26,3
782551,26,1
121182,26,3
1852792,26,1
1065162,26,2
1569593,26,2
2378741,26,3
2056022,26,3
2602672,26,5
228996,26,4
2138225,26,2
1891612,26,4
411469,26,4
2215203,26,1
168848,26,4
2253110,26,4
722177,26,3
1835001,26,4
1080572,26,3
1238549,26,4
1036921,26,1
1939065,26,2
2441094,26,3
918922,26,2
2481804,26,2
479035,26,3
298020,26,2
2476287,26,4
2056481,26,2
2241886,26,1
2574568,26,4
2287981,26,4
2383768,26,4
602277,26,4
472480,26,2
2316414,26,3
146434,26,4
1876600,26,3
2633293,26,1
1997674,26,4
473748,26,3
2015769,26,2
962788,26,2
1547747,26,1
1057437,26,1
1821378,26,3
622756,26,5
1673012,26,3
532045,26,4
1847898,26,2
128459,26,5
528251,26,3
1372380,26,4
2275155,26,3
1341447,26,2
1191408,26,4
2084259,26,4
222626,26,2
1524307,26,3
1337026,26,2
1226434,26,3
1789325,26,3
1267976,26,5
1857774,26,2
695541,26,4
134743,26,3
2452947,26,3
2539452,26,3
743508,26,3
1020165,26,2
2304264,26,1
1512579,26,2
1002780,26,4
817916,26,3
798104,26,4
381867,26,3
410265,26,2
2088343,26,2
1469999,26,4
1742718,26,2
1718212,26,3
2614426,26,3
1890763,26,3
265949,26,2
5498,26,1
168877,26,2
1246015,26,1
2576917,26,3
1080839,26,2
1553024,26,1
551044,26,4
2508531,26,2
1987324,26,5
710485,26,2
1458040,26,4
1771965,26,1
1490243,26,4
1082290,26,3
2260824,26,3
1711103,26,3
1139284,26,3
939129,26,3
1939728,26,4
155244,26,1
1444690,26,1
578191,26,1
1589599,26,2
171276,26,1
762998,26,2
664659,26,3
1872817,26,2
1816372,26,2
2356260,26,4
382767,26,2
1869491,26,1
1286325,26,3
1599340,26,1
2269807,26,2
1803629,26,3
585855,26,5
156752,26,3
807325,26,1
480115,26,2
1871703,26,4
1033855,26,4
1985001,26,3
2416290,26,2
425238,26,3
413334,26,4
1747954,26,2
1122530,26,3
408282,26,3
912823,26,5
1871118,26,3
1578807,26,2
1718936,26,5
1321416,26,3
2976,26,3
350021,26,3
1047788,26,1
534655,26,3
2048970,26,3
514808,26,3
1395700,26,2
1905177,26,3
2088224,26,4
1320587,26,4
1452510,26,5
1717503,26,4
586275,26,2
1161952,26,3
1655498,26,5
733425,26,4
1867391,26,1
1474480,26,1
1367085,26,4
603614,26,2
2025886,26,2
566410,26,2
822154,26,1
2176465,26,2
1057021,26,2
1625122,26,1
1262713,26,2
1115451,26,3
1446105,26,1
1503023,26,3
765277,26,4
339616,26,4
774049,26,3
1078644,26,3
183140,26,1
1716970,26,3
2649093,26,2
2252217,26,3
1298190,26,4
1634643,26,1
1873361,26,3
2148993,26,1
641146,26,2
753452,26,2
879303,26,3
733746,26,1
12798,26,3
632034,26,3
1070376,26,1
1578622,26,2
1231593,26,3
1885827,26,2
1110291,26,2
1266440,26,3
42771,26,2
772652,26,2
1169378,26,3
1125029,26,3
1736630,26,2
1855065,26,3
2423462,26,1
940757,26,3
2438113,26,4
2175613,26,3
1860308,26,4
1215561,26,4
740750,26,4
1206461,26,2
1960433,26,2
767134,26,3
713311,26,5
1812024,26,3
1227000,26,3
2145823,26,3
268854,26,5
1652509,26,4
1538960,26,4
2138793,26,2
2152465,26,4
123105,26,2
2109211,26,2
2614402,26,3
686722,26,3
380808,26,3
1899111,26,3
828344,26,3
797113,26,3
8092,26,3
1079032,26,4
1816708,26,5
2599944,26,3
23200,26,2
175695,26,5
351301,26,3
1699855,26,2
726337,26,4
1225559,26,2
114761,26,3
1278662,26,3
2094579,26,3
574851,26,2
943314,26,3
2585154,26,5
421514,26,2
2097548,26,5
517329,26,2
1650804,26,3
1278271,26,5
1598232,26,2
707496,26,2
2640210,26,4
1714043,26,4
1555969,26,3
2284092,26,3
2150831,26,4
1413434,26,2
1707657,26,3
658699,26,1
391435,26,4
71743,26,1
1377593,26,1
2332251,26,4
657699,26,4
1625771,26,2
2518374,26,2
2271505,26,5
349286,26,3
583875,26,1
1903728,26,2
1495380,26,1
240447,26,1
1796234,26,4
1694475,26,2
2352203,26,1
1835967,26,2
334611,26,2
77898,26,3
537734,26,4
367617,26,2
515403,26,3
1284016,26,1
1085991,26,1
2420760,26,3
1621615,26,3
1140560,26,3
627156,26,2
629651,26,3
1008936,26,2
2038306,26,2
33867,26,2
1048389,26,1
2024111,26,2
1336700,26,2
2416621,26,5
1597273,26,3
1383564,26,3
314099,26,4
1228208,26,1
1761905,26,3
2296755,26,2
322887,26,4
2222936,26,3
1658,26,4
2391625,26,3
2316873,26,1
2401371,26,1
288282,26,3
1806515,26,3
2118461,26,4
2201940,26,3
139942,26,3
523779,26,2
2334969,26,2
1486001,26,3
1207437,26,3
691978,26,2
2415929,26,3
2502850,26,5
884078,26,2
803008,26,3
94330,26,4
2330236,26,4
1151006,26,1
426549,26,1
1906519,26,4
2617918,26,2
32047,26,2
1015549,26,3
2631584,26,1
695747,26,2
644111,26,3
394409,26,3
2609867,26,4
544571,26,4
1869882,26,3
1051683,26,3
1102924,26,3
622515,26,1
761524,26,5
421901,26,2
2150982,26,2
2061495,26,3
1711691,26,2
361670,26,5
1125538,26,4
2304462,26,3
924079,26,1
252119,26,2
1352098,26,2
454348,26,4
1468124,26,3
849878,26,3
1539894,26,5
2295981,26,2
158201,26,1
240721,26,4
1081831,26,4
1663197,26,1
2447866,26,1
1767621,26,2
435338,26,3
157796,26,2
479087,26,3
2531606,26,3
2605272,26,1
548338,26,5
1172430,26,1
1172667,26,2
2599360,26,4
1116110,26,3
143784,26,1
2044049,26,1
2068497,26,3
2090005,26,2
2468283,26,3
846859,26,1
387418,26,1
415981,26,3
587372,26,3
1478668,26,2
79043,26,3
2472772,26,4
770196,26,1
1075576,26,5
2015214,26,1
1785138,26,1
1009097,26,3
2153084,26,3
2254751,26,2
2505466,26,2
1618876,26,3
827038,26,2
1121618,26,2
2336776,26,3
1823920,26,2
2492994,26,4
266493,26,2
1661583,26,2
536112,26,1
2228269,26,2
2217196,26,3
2508312,26,1
572864,26,1
2540053,26,2
189623,26,3
352812,26,3
848910,26,3
2447933,26,2
1151698,26,2
1651924,26,1
602695,26,3
868085,26,4
2619115,26,3
2423563,26,3
2602856,26,3
1217518,26,2
812245,26,3
1875698,26,2
237476,26,3
2139182,26,3
173566,26,4
1197595,26,5
291469,26,5
2374309,26,3
1469232,26,3
2409465,26,1
1198992,26,3
1173684,26,2
1566596,26,3
609144,26,4
2324310,26,2
1029163,26,2
408341,26,4
2130429,26,4
2449859,26,4
2185049,26,2
653792,26,3
231134,26,3
1709436,26,4
2248748,26,5
1043135,26,1
658950,26,3
870006,26,3
1824079,26,3
2389553,26,2
2448261,26,2
2311851,26,3
886506,26,4
2643005,26,2
2092108,26,1
1995784,26,2
2157080,26,2
2447150,26,3
1114324,26,4
2060737,26,5
1743431,26,3
430091,26,3
601317,26,3
917857,26,2
2367955,26,2
2521398,26,2
2048294,26,3
794382,26,3
1981621,26,3
1028195,26,4
482817,26,1
964622,26,4
1025869,26,3
35580,26,3
2495257,26,4
2645299,26,4
686362,26,4
1839934,26,2
1490621,26,3
835353,26,3
1011325,26,2
2434916,26,3
1944420,26,3
1004478,26,3
1685882,26,2
782854,26,3
752668,26,1
1351821,26,3
884558,26,1
43470,26,5
1533618,26,3
66436,26,4
1906611,26,3
1043112,26,3
2073011,26,2
2378732,26,1
1903703,26,2
328106,26,2
280112,26,4
2614314,26,2
1457551,26,3
2543250,26,4
2343571,26,2
523370,26,4
90729,26,3
940967,26,2
2620227,26,3
2186779,26,4
1642491,26,2
1501684,26,4
1760487,26,4
585137,26,3
689527,26,2
195678,26,3
2129041,26,4
669032,26,3
1185698,26,2
1758628,26,3
2274004,26,5
1196966,26,3
44641,26,3
1398509,26,1
278096,26,1
1121211,26,2
1133199,26,2
944944,26,3
2500094,26,3
2230222,26,1
2591832,26,1
327440,26,4
1623074,26,1
1380372,26,4
2326311,26,2
1974360,26,5
1932594,26,3
2619337,26,3
1441961,26,3
459053,26,3
397948,26,4
1003661,26,2
794999,26,5
450707,26,5
813493,26,1
567008,26,1
68560,26,2
2027590,26,2
612641,26,1
785998,26,4
1865634,26,2
2054421,26,3
1296600,26,2
927636,26,3
426610,26,3
932536,26,3
1821193,26,2
1019603,26,5
1942483,26,4
1023432,26,3
930473,26,2
2534154,26,3
635874,26,2
916555,26,3
1176051,26,5
1419253,26,1
998506,26,2
733225,26,4
342448,26,4
303694,26,3
2521916,26,2
1048955,26,1
787388,26,4
267196,26,4
2597503,26,4
1091177,26,3
2467783,26,4
1758378,26,2
1481471,26,3
1123533,26,3
2302141,26,3
1285197,26,4
839036,26,2
930600,26,3
370218,26,1
1319737,26,3
1645904,26,3
811903,26,1
1627588,26,2
2320222,26,3
1406478,26,3
1258995,26,2
246880,26,3
2272244,26,2
6504,26,3
2439283,26,3
2039130,26,4
182989,26,3
2030659,26,4
2609486,26,4
1216388,26,3
749139,26,1
1884816,26,1
2124284,26,1
1530887,26,2
1522983,26,5
467639,26,3
2229377,26,4
591050,26,1
283468,26,3
966478,26,2
1357598,26,4
2572690,26,3
2284144,26,5
54040,26,3
1728361,26,1
2305551,26,4
2291202,26,4
1603671,26,3
1249857,26,3
1168926,26,3
918597,26,4
2321989,26,3
1275597,26,3
620714,26,3
1487002,26,1
1929461,26,1
7133,26,5
2312996,26,3
206736,26,4
2473261,26,3
1486735,26,2
1145948,26,5
2471527,26,3
1323362,26,3
1784357,26,3
1750816,26,1
618171,26,3
2575950,26,3
2007970,26,1
1456866,26,3
1829913,26,3
1434219,26,3
2574342,26,3
1767216,26,3
524265,26,4
1261142,26,3
1654721,26,4
2629195,26,3
2243435,26,3
871328,26,4
2034810,26,3
765938,26,2
2536367,26,2
1092047,26,4
2285360,26,1
1502608,26,2
105441,26,3
85912,26,4
2350222,26,5
1448522,26,3
726342,26,4
942523,26,4
219387,26,3
13651,26,3
1543183,26,3
2409318,26,1
352061,26,4
1041853,26,2
446832,26,1
585695,26,2
1340474,26,2
2550982,26,2
2031909,26,4
977819,26,1
34201,26,3
323420,26,4
1439452,26,3
405807,26,1
2066475,26,3
1848139,26,3
74644,26,3
1343150,26,3
1589301,26,1
2328701,26,4
1753761,26,3
1939066,26,2
2359163,26,4
2326453,26,3
1108339,26,4
2124351,26,4
89903,26,1
355496,26,3
1058309,26,2
2069442,26,1
118431,26,3
209550,26,4
97199,26,4
2012561,26,3
2146402,26,3
673841,26,3
1536575,26,4
874732,26,4
960999,26,3
437239,26,3
730848,26,3
2065560,26,2
2620409,26,2
1812378,26,2
2187915,26,2
2294724,26,2
921585,26,2
924352,26,1
470456,26,4
1944116,26,3
909926,26,2
537348,26,1
1417552,26,4
2524045,26,3
267163,26,2
1700517,26,3
1890699,26,5
315665,26,3
2102669,26,3
1453265,26,1
650634,26,3
136831,26,4
309948,26,5
1427314,26,3
2571952,26,2
791528,26,2
2527690,26,4
2165086,26,4
346348,26,1
499507,26,1
675407,26,3
184493,26,3
171083,26,5
1367152,26,3
2203749,26,4
1240794,26,2
2240751,26,2
4540,26,3
1058895,26,3
2024102,26,2
36662,26,4
2363191,26,2
1479456,26,3
1342551,26,5
1752719,26,3
1889146,26,3
2353213,26,2
917187,26,3
1264380,26,3
586882,26,2
2396252,26,5
2419957,26,1
653164,26,5
1871109,26,3
2185584,26,2
488251,26,2
823540,26,2
2389313,26,3
2404790,26,4
527808,26,1
1052140,26,4
1865835,26,1
2352992,26,3
1328011,26,4
2033353,26,3
1408280,26,3
486048,26,3
833884,26,3
2498386,26,5
1353897,26,2
2626212,26,2
642384,26,5
976468,26,1
1787619,26,3
1659515,26,1
1828848,26,3
1819057,26,2
2331824,26,2
26602,26,3
2274714,26,1
139159,26,1
2113137,26,2
1233877,26,1
1325031,26,4
1166373,26,1
1919829,26,2
556870,26,2
79108,26,2
560909,26,3
682894,26,4
836806,26,3
1291852,26,5
289131,26,4
1209880,26,3
708416,26,4
1847613,26,3
1300556,26,3
239658,26,3
328353,26,3
689461,26,3
1899071,26,1
410698,26,4
1352912,26,5
726937,26,3
476419,26,3
602661,26,1
1175578,26,4
1821646,26,3
852423,26,3
1588949,26,3
1249490,26,4
170248,26,2
1707778,26,3
1233297,26,3
370012,26,2
490466,26,1
1178517,26,3
1736602,26,3
1343049,26,3
1769866,26,3
393278,26,2
230671,26,3
2442597,26,3
433440,26,2
1937233,26,2
2048801,26,3
806970,26,3
773250,26,5
1235131,26,4
2546997,26,3
206138,26,1
2598023,26,4
67134,26,2
1537919,26,1
1344844,26,5
1688727,26,5
2224734,26,4
1346864,26,1
738860,26,2
2112242,26,3
2348502,26,3
2280081,26,1
1068771,26,4
52591,26,3
580492,26,5
1124379,26,2
2198801,26,2
57633,26,3
586729,26,3
1361818,26,3
384489,26,3
1727816,26,3
807361,26,3
197031,26,3
2028607,26,4
1501538,26,2
1954297,26,3
1726364,26,4
2041865,26,1
1035139,26,3
379350,26,1
891803,26,1
1549225,26,3
1008367,26,5
2388591,26,4
1972609,26,1
395727,26,2
1253130,26,3
795291,26,3
1430841,26,2
1325145,26,3
1052756,26,3
790348,26,1
2417170,26,3
389445,26,5
2311983,26,2
281272,26,3
363189,26,3
893501,26,5
2143500,26,3
648079,26,3
1073125,26,2
754257,26,4
1239318,26,2
1583566,26,3
1147876,26,4
1881160,26,4
635708,26,1
2566815,26,3
1453531,26,2
756826,26,3
2614568,26,4
2385160,26,1
373532,26,5
1017192,26,1
403972,26,3
132731,26,4
1801898,26,3
1715324,26,2
1294030,26,4
140208,26,4
1807264,26,3
1468944,26,1
2311187,26,3
423361,26,3
1921815,26,3
1266506,26,2
1185968,26,3
78404,26,2
1067602,26,2
512742,26,2
2628278,26,4
1952776,26,3
1997469,26,2
543418,26,2
2536943,26,2
1117062,26,1
331825,26,1
649466,26,4
625827,26,3
801068,26,1
2385007,26,5
2386274,26,3
2351518,26,5
2569952,26,2
1996717,26,4
288268,26,3
1155730,26,1
2440454,26,2
1898896,26,2
2169119,26,4
763160,26,2
1396663,26,3
1981425,26,1
1195465,26,2
1696380,26,3
151344,26,3
2163230,26,2
1578442,26,3
2110645,26,2
2006322,26,5
2308472,26,2
585121,26,3
2238010,26,3
1201442,26,3
266289,26,2
206222,26,3
884836,26,3
2299436,26,3
804300,26,3
1744528,26,2
671535,26,1
751906,26,3
1869116,26,3
101755,26,2
1148329,26,3
280657,26,3
640111,26,3
2497827,26,3
2426498,26,3
1774409,26,3
395179,26,2
1358410,26,2
2444873,26,1
1802984,26,2
855421,26,4
1351898,26,2
2425586,26,2
191367,26,3
2086904,26,3
883934,26,4
667957,26,1
1924155,26,4
2337132,26,4
2488907,26,5
1401028,26,3
1997020,26,3
409313,26,2
572690,26,3
1199902,26,3
1222903,26,1
450423,26,3
591369,26,5
749353,26,2
2575071,26,4
1130102,26,5
1696215,26,3
960402,26,2
1554689,26,5
477042,26,5
1554349,26,4
413166,26,3
856470,26,2
2565720,26,2
2107792,26,3
1553929,26,2
2571742,26,2
2640784,26,2
1687442,26,2
2097539,26,3
1232890,26,3
2463861,26,5
1814305,26,3
1446370,26,1
588289,26,1
1168238,26,3
1564071,26,4
2185202,26,5
2139083,26,5
986482,26,4
152858,26,2
474868,26,3
542049,26,2
2502736,26,1
604822,26,3
2188353,26,2
2145961,26,2
828433,26,3
851802,26,2
2107455,26,4
1405910,26,3
1797427,26,1
991789,26,3
1127274,26,1
2585070,26,3
1479257,26,3
548226,26,3
265220,26,2
132319,26,2
2104877,26,3
2238060,26,5
2380601,26,2
1185782,26,2
1580803,26,4
335570,26,5
478476,26,4
1711704,26,3
1898520,26,3
1326993,26,2
2293072,26,3
1944505,26,2
1667002,26,3
916071,26,2
1658790,26,3
1703127,26,2
1309680,26,3
841391,26,2
123444,26,1
1698636,26,3
363868,26,2
588630,26,1
1112365,26,1
1195600,26,3
2243627,26,2
471382,26,4
113411,26,5
1818994,26,3
787492,26,2
578632,26,4
2314755,26,4
2203809,26,3
1222811,26,4
2078966,26,3
1033463,26,1
627111,26,4
779281,26,2
1153750,26,3
953557,26,4
1361428,26,3
1122318,26,4
104724,26,3
41308,26,4
581814,26,5
2029190,26,3
132638,26,3
2303773,26,3
955278,26,1
1389823,26,3
686226,26,1
543164,26,3
1986509,26,3
1710624,26,3
2308041,26,1
752229,26,4
1829062,26,2
2191154,26,3
469532,26,1
2405311,26,4
1432224,26,3
1661347,26,1
1270980,26,2
304708,26,1
1508257,26,3
1220511,26,2
239521,26,2
1819642,26,4
277508,26,5
763315,26,2
156208,26,3
399298,26,2
2221218,26,3
1562842,26,4
941279,26,3
257710,26,1
1612913,26,2
1991855,26,5
2505962,26,1
316155,26,1
1257454,26,2
2095348,26,3
453485,26,2
635387,26,3
959752,26,5
2414865,26,2
2573090,26,3
1986483,26,1
388625,26,3
1337762,26,2
754104,26,3
661156,26,3
183385,26,1
914853,26,3
909736,26,2
2337253,26,5
2537413,26,5
1459863,26,4
1506865,26,2
201978,26,2
1204935,26,2
2321454,26,4
599570,26,2
840558,26,4
797735,26,3
994269,26,4
1756722,26,4
1073842,26,3
476512,26,3
1165840,26,2
1919713,26,4
928695,26,2
1592086,26,1
1360392,26,4
712575,26,1
2508301,26,5
581775,26,2
1707427,26,4
1423726,26,4
1472772,26,1
151790,26,1
2333949,26,3
2429230,26,3
2021278,26,4
1664634,26,2
524408,26,3
211753,26,3
1858389,26,1
1919559,26,2
2523241,26,2
644429,26,1
226788,26,5
470781,26,3
2511416,26,3
2583734,26,5
2491400,26,3
2154321,26,4
1706867,26,2
2005487,26,3
617082,26,3
2529286,26,2
436590,26,2
876513,26,3
346790,26,4
573365,26,1
1620278,26,3
1223771,26,3
1644385,26,4
2000256,26,3
2787,26,2
2269100,26,3
1271907,26,2
1632068,26,2
590275,26,2
1881045,26,2
1357209,26,3
1112565,26,3
988885,26,2
1109629,26,2
525993,26,3
1630815,26,3
1134960,26,2
544787,26,2
1624131,26,2
1743642,26,3
285174,26,4
20839,26,3
1622165,26,1
605236,26,3
1253177,26,4
795826,26,2
1042086,26,2
2622406,26,2
298815,26,1
992670,26,3
1417489,26,2
760924,26,3
887482,26,4
2397692,26,4
2122009,26,3
271005,26,1
362038,26,4
1231610,26,3
1661750,26,2
2523435,26,3
2429294,26,3
701514,26,3
1842201,26,3
2037038,26,2
1376321,26,5
471831,26,4
2297654,26,1
747879,26,4
912738,26,4
999201,26,1
674013,26,3
2365226,26,2
170915,26,4
210923,26,5
1065402,26,5
1833201,26,3
743334,26,3
2024723,26,2
1615312,26,2
2193419,26,3
1201205,26,3
1535639,26,2
1156220,26,1
1656194,26,3
1738852,26,4
1305660,26,2
2286189,26,2
953667,26,2
1637287,26,3
2030708,26,1
592527,26,2
1929190,26,1
1712917,26,1
2502395,26,4
2591362,26,2
2303996,26,1
558537,26,3
166938,26,3
1517379,26,4
1105105,26,4
1635381,26,4
834896,26,3
2533753,26,2
2589137,26,2
2641975,26,2
1563392,26,4
335760,26,1
2008443,26,2
1574599,26,3
2453738,26,2
1456547,26,3
2076631,26,2
2156611,26,2
383394,26,1
382041,26,1
1112907,26,1
165821,26,1
1002870,26,3
457177,26,3
2375732,26,2
731125,26,3
723509,26,4
234937,26,2
1906890,26,4
398561,26,4
1190335,26,1
1836533,26,3
220259,26,2
554773,26,1
141085,26,3
2269742,26,2
1076372,26,3
1201470,26,3
904939,26,4
648614,26,3
568194,26,4
953604,26,1
442899,26,4
1401506,26,3
2242468,26,2
2452130,26,4
1709895,26,2
295556,26,1
579962,26,3
129805,26,3
2449259,26,4
2610012,26,3
294961,26,3
2010226,26,1
2546703,26,3
1073184,26,1
2255333,26,3
2096807,26,2
2188617,26,3
1561126,26,3
2431231,26,2
1690620,26,3
1234139,26,3
457635,26,3
1081737,26,4
103692,26,1
983466,26,2
1088647,26,3
914704,26,5
2368032,26,3
121369,26,3
2582425,26,2
1253689,26,3
616792,26,3
2051372,26,2
191963,26,5
1866164,26,4
617401,26,2
1990167,26,2
1009682,26,4
2172649,26,2
375462,26,2
92341,26,3
1720484,26,3
322044,26,1
464774,26,3
575362,26,1
152050,26,2
1222252,26,4
2065242,26,5
1041553,26,3
631603,26,2
710474,26,2
1548623,26,2
2300163,26,3
2633972,26,3
1334130,26,2
415674,26,2
830650,26,3
1855513,26,4
146806,26,2
2096312,26,3
1622196,26,3
705213,26,3
250091,26,1
1678208,26,3
776383,26,2
862350,26,1
1041585,26,3
706368,26,3
1374023,26,1
1274035,26,1
1528326,26,3
1723479,26,3
525354,26,3
1246729,26,2
675468,26,2
1516396,26,4
2285743,26,2
432162,26,4
2390575,26,5
690135,26,1
165337,26,5
690746,26,2
1900750,26,2
131846,26,2
1977116,26,2
693724,26,3
1250162,26,2
2028123,26,3
1790158,26,3
797245,26,1
216630,26,1
2529152,26,4
2304475,26,3
234191,26,3
156925,26,3
1763571,26,1
704394,26,3
359935,26,4
301047,26,3
1398946,26,4
1528686,26,3
1056061,26,3
1458854,26,3
875719,26,3
1306886,26,5
1423566,26,5
327402,26,1
340792,26,2
745033,26,4
1867189,26,5
2265054,26,2
1424777,26,1
795105,26,3
1406495,26,2
442222,26,4
811203,26,2
2427055,26,3
2389847,26,3
1008445,26,3
1097750,26,2
2108611,26,3
2185548,26,3
1792690,26,1
1628959,26,5
288387,26,2
933608,26,2
809896,26,2
2570372,26,5
266474,26,2
2570936,26,3
880813,26,3
1704768,26,2
