1623180,33,5
282486,33,3
1987434,33,4
1447783,33,5
2616301,33,5
1603025,33,4
1091832,33,2
1643959,33,4
413350,33,3
2390429,33,5
2502462,33,5
2007993,33,2
1728300,33,5
2152176,33,5
86767,33,5
532579,33,5
546578,33,5
75971,33,4
2431286,33,4
1329923,33,5
644827,33,5
229944,33,5
868186,33,3
1745265,33,5
1395430,33,5
848443,33,3
1765381,33,5
2046387,33,3
1583311,33,5
853261,33,4
477388,33,5
2336448,33,5
2525092,33,5
1780909,33,4
244820,33,3
353412,33,5
1803892,33,5
1666394,33,5
2087361,33,4
273084,33,5
1907558,33,5
697600,33,3
577553,33,5
2608816,33,5
1110906,33,5
1961542,33,5
2477414,33,5
1898008,33,4
1419506,33,3
2272974,33,3
1910629,33,4
857478,33,5
2053796,33,4
1194424,33,5
2183220,33,5
1512274,33,5
2015764,33,5
989704,33,1
200675,33,5
1439698,33,4
1567095,33,2
1270217,33,5
914508,33,1
910164,33,2
2434606,33,4
1636115,33,4
1783996,33,5
1831179,33,5
2542474,33,3
1494552,33,1
705603,33,5
481668,33,4
2184980,33,4
476805,33,4
8896,33,5
150859,33,2
1015986,33,5
264160,33,5
623221,33,4
2161330,33,1
141839,33,5
1464635,33,5
1101839,33,5
354803,33,4
613371,33,4
2310614,33,4
607969,33,4
2529894,33,5
334829,33,5
2248873,33,5
1686766,33,5
2335105,33,4
2587481,33,3
634174,33,3
122786,33,4
2207774,33,5
720366,33,4
2604063,33,5
67831,33,5
1253685,33,5
1719085,33,2
1003291,33,5
2402818,33,5
13334,33,4
2487269,33,3
1596099,33,4
1436407,33,4
54272,33,4
180200,33,5
1917657,33,5
1319946,33,5
317060,33,5
1750223,33,4
1799814,33,4
2345031,33,4
353820,33,1
957447,33,5
2554555,33,5
1794366,33,4
1695739,33,5
252393,33,5
15814,33,2
858700,33,2
2233783,33,3
787938,33,4
1810235,33,5
1712735,33,4
1863499,33,5
1304101,33,5
1852201,33,5
416956,33,5
2312045,33,1
252468,33,5
411537,33,5
1497241,33,3
773712,33,5
591390,33,5
2387293,33,3
1750553,33,4
1148490,33,1
856313,33,5
246566,33,5
677956,33,5
409085,33,5
1326279,33,5
1044479,33,4
403531,33,5
2605439,33,4
1310250,33,4
938911,33,5
2557435,33,5
1830660,33,4
805776,33,4
130818,33,5
5569,33,4
1512971,33,4
1758008,33,2
1384836,33,5
332712,33,4
847417,33,5
2646124,33,5
323681,33,5
489962,33,5
2322468,33,5
2563204,33,5
1535240,33,3
1860946,33,5
616046,33,5
2458285,33,3
2006197,33,5
1013930,33,5
1034825,33,5
47411,33,5
1454357,33,3
1579651,33,5
1905247,33,4
445339,33,5
1639291,33,5
2384691,33,5
535268,33,5
1091730,33,4
521386,33,5
834968,33,5
1084149,33,4
2421898,33,5
125918,33,5
2220238,33,4
2179629,33,5
950464,33,5
546349,33,5
1049731,33,4
384822,33,4
633636,33,5
2620590,33,2
1857979,33,3
1561423,33,5
138688,33,3
439978,33,5
1224731,33,5
595742,33,3
518123,33,5
765544,33,5
1498198,33,5
44783,33,5
1940242,33,3
1210842,33,4
2594647,33,5
1711859,33,5
2206592,33,3
2412160,33,5
1807821,33,1
322178,33,1
1172317,33,5
2217731,33,5
1512341,33,4
38244,33,5
1678976,33,5
2205189,33,4
509704,33,5
1877623,33,5
1589443,33,5
2639642,33,5
1309808,33,5
109409,33,5
187355,33,5
2299907,33,5
1594170,33,4
1217869,33,5
1163183,33,4
1167579,33,5
1985633,33,5
2025403,33,4
1903571,33,5
951366,33,5
1591040,33,5
1712165,33,5
2023397,33,5
27870,33,3
2543231,33,2
2168365,33,5
1554614,33,4
1209846,33,5
1110925,33,2
549109,33,5
59100,33,1
734313,33,5
709342,33,4
2482204,33,5
1728673,33,4
1647196,33,5
2503255,33,5
1740600,33,5
641806,33,4
1121984,33,3
324026,33,5
542326,33,4
2298817,33,3
1054303,33,3
2608552,33,1
1740424,33,5
1348148,33,1
1945634,33,5
1197401,33,4
1253465,33,5
1679065,33,5
1337321,33,5
1887630,33,5
403583,33,5
216780,33,5
200255,33,3
1129140,33,5
1051197,33,2
48580,33,5
879603,33,5
1368659,33,5
1321637,33,5
2058950,33,4
769600,33,3
1379726,33,5
1591892,33,5
300074,33,4
912864,33,5
1580651,33,2
1948337,33,5
2175558,33,4
476183,33,5
344987,33,4
2121798,33,5
1630930,33,3
1888772,33,5
2088489,33,3
1671609,33,5
650531,33,4
2447529,33,5
1396934,33,5
2439674,33,5
303948,33,4
109667,33,4
1153585,33,5
1978934,33,5
1973359,33,5
664616,33,3
849107,33,5
904898,33,1
701723,33,4
1258971,33,5
580959,33,5
2183737,33,5
2268800,33,4
963962,33,5
1617144,33,3
1701298,33,4
1900253,33,5
398762,33,3
762667,33,5
2065662,33,4
588383,33,5
1905111,33,5
752670,33,5
2108605,33,5
1060647,33,5
1122655,33,4
2162245,33,1
1555820,33,5
2284249,33,4
1176077,33,5
2048279,33,5
1597207,33,3
1353760,33,4
2104010,33,5
557562,33,4
2512224,33,4
2548819,33,5
99798,33,5
2378599,33,2
1987541,33,5
351559,33,4
2072697,33,5
1592937,33,3
189023,33,5
688702,33,4
633894,33,5
1452042,33,5
1629640,33,3
2008017,33,2
1037526,33,4
491331,33,1
757996,33,5
2396207,33,3
2076207,33,4
1030733,33,3
756256,33,5
1872604,33,5
388780,33,4
965764,33,4
1976523,33,5
1061147,33,3
277089,33,5
2132275,33,5
1145640,33,5
1594839,33,5
2337325,33,5
450325,33,5
2192190,33,5
252727,33,5
1181550,33,2
2135792,33,1
968447,33,4
2066017,33,5
575973,33,5
2185698,33,1
511726,33,1
1554112,33,5
907779,33,3
270318,33,5
400405,33,5
2613816,33,4
1825497,33,3
1327121,33,5
2145185,33,5
654043,33,5
152029,33,5
704012,33,5
334555,33,5
466322,33,3
926763,33,5
158087,33,5
913746,33,5
1730949,33,5
1327492,33,5
2389815,33,4
67737,33,4
607321,33,4
57228,33,5
793900,33,2
1717946,33,2
2018717,33,5
1694830,33,5
149058,33,5
909324,33,5
902532,33,3
404652,33,5
1146649,33,5
2015597,33,2
229971,33,3
2499904,33,1
366695,33,4
7251,33,5
1638366,33,4
1683079,33,5
1737886,33,5
180994,33,4
644054,33,3
767144,33,5
1212712,33,4
890087,33,5
1089498,33,5
858392,33,4
1633102,33,5
1504756,33,5
1551042,33,5
395847,33,5
1681133,33,5
2462191,33,5
2027266,33,5
2572552,33,3
640921,33,4
1355090,33,5
1389633,33,4
565666,33,4
287006,33,4
1293628,33,4
600362,33,4
1177035,33,4
894977,33,4
1753467,33,4
2567391,33,4
296804,33,5
2092288,33,4
373450,33,5
1309167,33,4
1420005,33,5
2054718,33,5
224808,33,5
929308,33,1
1303245,33,3
2159428,33,5
2468881,33,2
2623903,33,1
2108962,33,3
1390169,33,5
2090894,33,4
2632468,33,5
1136793,33,5
627044,33,4
1033629,33,2
10289,33,4
1201932,33,5
2218182,33,4
2499519,33,4
1197233,33,1
2153290,33,4
846397,33,5
781314,33,5
2450212,33,5
1066606,33,5
1513622,33,4
2513796,33,4
786523,33,5
719862,33,5
267352,33,5
1849905,33,5
8158,33,5
594543,33,5
1880775,33,1
2004611,33,5
992186,33,4
408133,33,3
1729046,33,4
2354054,33,3
1576329,33,5
1322839,33,5
2624211,33,5
888922,33,5
2369781,33,5
1616259,33,5
693980,33,5
2648176,33,4
1125766,33,4
1946163,33,5
920882,33,4
1390877,33,1
1179117,33,4
1163758,33,5
262579,33,4
1602952,33,5
2104805,33,5
2631668,33,3
195603,33,1
2352460,33,4
150869,33,4
1481561,33,1
2225511,33,5
892018,33,5
1045306,33,5
636812,33,5
888155,33,5
918303,33,5
1852727,33,4
389017,33,5
783860,33,4
109639,33,4
2308671,33,5
207574,33,5
2553298,33,5
1416310,33,4
1784174,33,5
2067757,33,5
1198824,33,5
1733650,33,5
1667283,33,3
1327415,33,4
525356,33,2
2462804,33,5
2545436,33,4
2018176,33,2
2163203,33,5
2179925,33,4
1968095,33,5
999456,33,2
1087138,33,5
2476195,33,4
570414,33,5
1220164,33,3
687176,33,5
2245128,33,5
1349745,33,5
1737211,33,5
342956,33,5
2301330,33,4
1230680,33,4
2413235,33,4
1161725,33,5
409592,33,5
696969,33,5
1653438,33,4
874550,33,5
539017,33,5
1352917,33,5
1020427,33,5
2293996,33,5
1367641,33,5
1481961,33,3
2239344,33,3
567026,33,5
2399376,33,4
1009622,33,3
841620,33,5
1092842,33,5
3012,33,5
1043089,33,5
1809284,33,5
879343,33,3
2319390,33,5
232955,33,4
1170660,33,4
2389578,33,5
1595493,33,4
968121,33,2
1291055,33,4
2152854,33,5
1919678,33,3
1937486,33,1
61989,33,3
8757,33,4
654849,33,5
196970,33,1
469240,33,5
1684624,33,3
852012,33,4
1932377,33,5
711031,33,3
647216,33,3
2582726,33,5
2428089,33,5
1929713,33,5
1741099,33,5
1871937,33,1
1686846,33,3
301059,33,5
320568,33,5
660175,33,4
503179,33,5
1818967,33,5
2413192,33,5
380505,33,4
1716910,33,5
2088413,33,5
1116701,33,5
1113783,33,3
114551,33,5
2426152,33,5
749504,33,5
1373764,33,5
541870,33,2
2599606,33,3
1553047,33,5
1973956,33,5
1349437,33,4
1841531,33,5
221046,33,5
1414970,33,5
256343,33,3
2092076,33,1
884684,33,5
474691,33,5
719183,33,4
1326266,33,5
1454460,33,5
240102,33,1
875093,33,1
1468050,33,5
14389,33,4
902369,33,4
887738,33,5
560832,33,5
344861,33,5
1751847,33,5
1256349,33,5
569334,33,4
944778,33,2
2411263,33,4
959042,33,5
922603,33,5
297901,33,5
950078,33,5
167877,33,4
615104,33,1
162679,33,5
1432375,33,5
2273637,33,5
2087750,33,5
1724717,33,3
400459,33,5
1686932,33,2
907707,33,5
1884497,33,4
2467174,33,3
1443570,33,5
1166859,33,4
2569971,33,5
534316,33,5
130412,33,4
1168012,33,1
1892457,33,5
560533,33,4
1051463,33,5
253037,33,4
2464928,33,3
1087650,33,4
1463620,33,4
163920,33,5
21334,33,3
2124919,33,4
602991,33,3
1377349,33,3
2043555,33,4
1622628,33,5
260008,33,4
431839,33,5
1270901,33,5
1631237,33,5
245096,33,5
893235,33,5
2257565,33,5
179995,33,4
1443021,33,5
102548,33,5
767884,33,5
493903,33,5
1179122,33,3
488092,33,5
2524260,33,5
2615660,33,5
1298639,33,2
1858049,33,5
1235769,33,3
487558,33,5
1291321,33,5
2119165,33,5
1365299,33,5
2549042,33,5
2375314,33,4
2410674,33,4
1987589,33,5
1030918,33,5
2244760,33,5
1553126,33,3
2322980,33,5
204512,33,5
388809,33,5
2565504,33,5
803272,33,5
1532336,33,5
865316,33,5
2141350,33,4
2266752,33,4
270694,33,2
984936,33,4
903241,33,5
1785236,33,4
1724738,33,5
2516738,33,5
158450,33,5
2562071,33,4
2370974,33,4
2240929,33,5
1040948,33,4
2237068,33,5
2103029,33,5
893805,33,5
125275,33,4
2257811,33,4
2260425,33,5
583100,33,1
1713944,33,5
669006,33,5
1826180,33,5
1849194,33,5
1834395,33,5
1598950,33,3
1782505,33,1
780104,33,5
2201939,33,4
579914,33,5
1050369,33,4
1912356,33,5
2353668,33,2
2212095,33,5
1189488,33,5
1339537,33,5
1764906,33,2
2048380,33,4
2405587,33,5
432596,33,5
1632987,33,3
1684223,33,4
1337127,33,5
350294,33,5
87153,33,5
1540084,33,5
1695221,33,4
722006,33,3
329172,33,4
133601,33,1
1778714,33,3
930604,33,5
1009346,33,5
2172013,33,3
2634805,33,5
1207834,33,5
840901,33,5
517024,33,1
461863,33,5
512633,33,3
962384,33,1
1111240,33,5
2570338,33,5
1323479,33,5
2110273,33,5
2488843,33,4
404378,33,5
581955,33,5
378857,33,3
1711802,33,3
1134764,33,5
798745,33,5
796682,33,2
229617,33,3
2471780,33,4
2478172,33,5
1946517,33,5
1419142,33,5
2084651,33,4
753836,33,4
1513215,33,5
1306734,33,5
2182315,33,5
373936,33,5
525847,33,5
2381407,33,5
2425195,33,3
584880,33,1
473586,33,5
1147565,33,5
2071803,33,3
2219598,33,3
109280,33,4
1402638,33,4
2171565,33,3
1671885,33,5
352563,33,5
1957561,33,5
418202,33,5
607828,33,5
2086822,33,5
2038601,33,5
2531026,33,5
221852,33,5
890325,33,5
1992755,33,4
1505098,33,5
1556097,33,5
604449,33,5
922550,33,5
2533823,33,5
1009409,33,4
2531675,33,5
2624590,33,5
585917,33,3
1061033,33,5
1113228,33,5
2421651,33,1
1459122,33,5
1752856,33,4
2642255,33,4
801749,33,5
559849,33,4
1952168,33,5
1491667,33,5
2163627,33,5
1318168,33,5
1902025,33,5
1407746,33,1
740059,33,5
2436583,33,1
1408350,33,5
1040960,33,5
519669,33,1
1059193,33,1
1661414,33,4
494073,33,5
675574,33,1
2411830,33,5
77333,33,4
2354942,33,1
2499420,33,2
2331813,33,5
1897785,33,5
239108,33,5
1752270,33,5
1569765,33,5
413197,33,5
2087505,33,5
16029,33,5
1995044,33,5
32346,33,3
2028705,33,3
2053748,33,4
1600039,33,5
517647,33,3
1066571,33,1
49828,33,4
2467,33,5
935185,33,5
415098,33,5
2277259,33,4
50621,33,4
2201323,33,5
1714564,33,3
978106,33,5
2194866,33,5
748773,33,4
1790631,33,5
293766,33,4
1722968,33,2
1835505,33,5
555841,33,3
2296425,33,5
2609954,33,5
2505679,33,5
2069802,33,5
1703286,33,5
416214,33,1
2278960,33,5
2399782,33,5
152661,33,3
79116,33,5
2267371,33,5
1161601,33,5
876635,33,5
1649545,33,5
1236996,33,5
1502195,33,5
1998439,33,1
1629943,33,5
790397,33,5
1931350,33,5
879340,33,1
2034323,33,4
2325231,33,5
2554513,33,5
695597,33,4
1623050,33,4
850937,33,5
1990316,33,5
2445468,33,3
2190926,33,5
1786541,33,5
2501642,33,5
2625344,33,5
1288714,33,4
2270992,33,5
952874,33,1
2046079,33,3
1718511,33,5
1730716,33,5
2370325,33,5
2066072,33,5
157221,33,5
895218,33,5
1938377,33,2
2023168,33,5
1285374,33,5
528522,33,4
2144752,33,5
1380752,33,4
1897286,33,5
1984856,33,5
577586,33,5
754329,33,4
2239796,33,5
924655,33,5
1866600,33,5
1012294,33,1
2564586,33,3
1439160,33,5
1516690,33,5
2606655,33,5
2435047,33,4
1928597,33,5
266907,33,1
1597299,33,5
294018,33,4
1928485,33,3
2314702,33,5
2258127,33,5
1522823,33,5
226521,33,5
1745470,33,5
187896,33,3
1654255,33,5
1129356,33,5
1579340,33,5
2388917,33,5
2453729,33,5
1007914,33,5
2476029,33,3
1327753,33,5
927276,33,1
1783158,33,2
2063417,33,4
182826,33,5
174230,33,5
2453799,33,5
1486390,33,3
1307785,33,5
2126534,33,5
613250,33,5
447612,33,4
1584940,33,3
312299,33,3
684295,33,4
285791,33,5
291676,33,4
2457710,33,5
1567202,33,3
40563,33,3
474700,33,5
322541,33,5
1077278,33,5
2451386,33,3
249189,33,4
2234000,33,5
744557,33,2
718085,33,5
1822477,33,3
1738718,33,5
1946409,33,3
1030857,33,1
859226,33,5
2169350,33,5
475132,33,5
1354470,33,5
977973,33,4
436947,33,5
2572463,33,5
223641,33,5
698782,33,3
2266068,33,3
2467486,33,1
60175,33,3
2179703,33,5
1524394,33,4
1519766,33,5
1897671,33,5
2100210,33,5
2174151,33,5
704223,33,4
1744054,33,1
534561,33,4
1177902,33,5
964614,33,5
2511269,33,2
2368644,33,5
1903151,33,5
739683,33,4
608933,33,3
1498767,33,5
2531593,33,5
338542,33,4
2203246,33,4
998461,33,5
322878,33,5
2049947,33,5
447121,33,3
1468972,33,5
2314460,33,3
606621,33,5
1836557,33,3
1345575,33,5
1067877,33,4
2371832,33,5
2467280,33,2
115368,33,2
2284606,33,5
1724900,33,5
474592,33,4
1573878,33,5
1779210,33,5
2407468,33,5
1019003,33,5
948213,33,4
864061,33,5
1167171,33,4
350786,33,5
679652,33,4
88959,33,5
846618,33,5
336696,33,5
1455504,33,4
708361,33,5
410857,33,5
199530,33,4
1693322,33,5
644849,33,5
2380244,33,2
1978455,33,4
1785456,33,5
1665776,33,5
677430,33,4
969753,33,4
1807963,33,5
1006238,33,5
2235959,33,5
1013802,33,5
2529308,33,5
1174652,33,5
2326997,33,5
140216,33,5
583373,33,5
2617913,33,4
424953,33,4
2006588,33,5
2475887,33,5
1674064,33,5
1450048,33,4
2583481,33,5
1073290,33,1
1810691,33,4
276313,33,4
280585,33,5
2123658,33,5
2478364,33,5
1307872,33,5
2451799,33,5
2344501,33,4
2214785,33,5
98955,33,5
1816971,33,5
1481405,33,5
1090911,33,1
7284,33,5
453997,33,3
1121708,33,3
1475543,33,2
2097608,33,3
339416,33,5
1991674,33,5
1597776,33,5
687401,33,4
1872414,33,5
2290352,33,2
402641,33,5
908662,33,5
1955464,33,4
2207633,33,3
1681315,33,5
386474,33,5
908925,33,5
823164,33,5
1659398,33,5
1046564,33,2
1805531,33,4
625300,33,2
286567,33,1
2262266,33,5
2405956,33,1
215730,33,5
1025896,33,5
1098431,33,5
81287,33,5
614465,33,4
1078032,33,5
2056743,33,3
769643,33,1
225620,33,5
206954,33,3
1883721,33,4
1765538,33,5
1949119,33,5
2429989,33,5
1904321,33,4
929292,33,4
1665415,33,4
1267783,33,4
986982,33,5
1502413,33,5
1671860,33,5
1314869,33,1
2123052,33,5
118119,33,4
575076,33,5
1138678,33,4
1802127,33,5
1793225,33,4
2152068,33,5
508994,33,5
2596046,33,5
1724719,33,5
1618217,33,5
2408485,33,5
169835,33,4
1530469,33,5
388767,33,5
2537179,33,5
868680,33,5
1389750,33,5
948470,33,4
2397374,33,3
4057,33,4
1504597,33,5
2570720,33,4
2040566,33,5
2220239,33,5
2476207,33,5
2480865,33,5
530588,33,4
1666140,33,4
593961,33,5
2008478,33,5
342296,33,4
1237321,33,4
1061025,33,4
1703879,33,2
1137400,33,4
1232164,33,3
1427330,33,5
1231851,33,5
295729,33,5
2512594,33,5
1647591,33,1
2333714,33,5
1850164,33,5
342103,33,4
1437491,33,5
795561,33,5
1577875,33,4
2408589,33,5
1353216,33,5
2344128,33,2
471144,33,1
843971,33,5
1572816,33,4
1517889,33,4
1874444,33,5
1784340,33,3
2421516,33,5
1173489,33,5
1213963,33,4
2191223,33,5
2521571,33,4
537924,33,1
2115174,33,4
856989,33,5
2092509,33,1
636262,33,1
1980497,33,4
1433307,33,5
556633,33,5
547341,33,5
1719647,33,3
2123115,33,3
9456,33,3
2111640,33,5
2116224,33,4
1926431,33,1
1377620,33,5
1346081,33,1
403390,33,5
2469594,33,5
1620184,33,5
2091069,33,5
1167305,33,5
2048858,33,5
2184619,33,3
1334551,33,4
691900,33,4
183229,33,4
676849,33,5
102028,33,5
2088599,33,3
755649,33,4
1849541,33,4
2628708,33,5
1674407,33,5
1742749,33,4
1705196,33,4
421111,33,4
1085448,33,5
2434322,33,4
436613,33,4
1900736,33,5
1412898,33,1
928488,33,5
677885,33,4
441070,33,5
1763197,33,3
859041,33,5
1279916,33,3
1121093,33,5
1749866,33,5
2487508,33,4
2026319,33,5
2228109,33,5
367582,33,5
292937,33,3
684565,33,5
529440,33,5
2235968,33,5
1107269,33,5
866189,33,5
2255935,33,5
239082,33,3
540205,33,1
355756,33,3
782611,33,1
1409665,33,5
2081455,33,5
445256,33,5
710472,33,5
2593882,33,3
2433961,33,5
2021876,33,5
1530764,33,4
1751764,33,5
1836706,33,5
2291709,33,4
1750374,33,5
1702394,33,5
1606342,33,5
354316,33,5
1870351,33,5
692526,33,5
1719605,33,5
1812930,33,5
523249,33,5
731133,33,1
1765490,33,5
2373143,33,5
543306,33,3
687337,33,4
78143,33,3
482371,33,4
1554906,33,3
1721731,33,5
2125436,33,3
2330949,33,4
1143939,33,3
361837,33,5
2068217,33,4
2189378,33,3
1576061,33,5
2148899,33,4
320474,33,5
838937,33,5
578609,33,5
2505462,33,5
1671426,33,3
1555323,33,5
816995,33,3
1411358,33,5
2391686,33,1
593967,33,4
1429603,33,4
211086,33,5
2129640,33,5
1819462,33,1
959151,33,5
2434485,33,5
832661,33,4
1551068,33,4
1440503,33,3
1583305,33,4
1248545,33,4
2154333,33,4
868960,33,5
1638580,33,5
2391674,33,3
2559743,33,4
1810197,33,5
2439493,33,1
854429,33,5
1340096,33,5
448190,33,3
854998,33,4
985688,33,4
1826847,33,5
309167,33,5
1842466,33,5
972899,33,5
2593785,33,2
479924,33,5
737370,33,4
1430800,33,5
1195665,33,4
1789133,33,5
1442088,33,4
1753054,33,4
959020,33,4
1784782,33,3
1412498,33,4
187366,33,5
2102534,33,1
79799,33,5
389632,33,4
684393,33,5
2446424,33,5
19117,33,5
2280493,33,4
488709,33,3
123932,33,5
2471392,33,4
1838226,33,3
1478210,33,4
856056,33,2
1805636,33,3
1779722,33,4
2178965,33,5
1816857,33,4
526568,33,1
881110,33,5
1820916,33,5
766840,33,5
1565824,33,4
722105,33,4
796192,33,5
1645795,33,5
519380,33,5
2128971,33,4
1151274,33,4
1018157,33,5
2379494,33,4
2290414,33,4
696005,33,5
566255,33,1
825485,33,5
2365876,33,5
346182,33,4
1992558,33,5
1012498,33,3
1072205,33,1
92699,33,5
2095835,33,4
829041,33,5
2041234,33,3
1810444,33,4
1137485,33,5
1886082,33,5
2614268,33,4
758808,33,4
2202644,33,5
591679,33,5
1684232,33,5
1682851,33,3
1713064,33,4
1298393,33,2
765460,33,5
846426,33,4
940917,33,1
1815101,33,2
181926,33,5
1673724,33,2
846608,33,5
567698,33,5
2005985,33,5
1704128,33,5
996306,33,4
1511081,33,5
2632341,33,5
923612,33,4
1125733,33,5
270523,33,3
598156,33,5
1536419,33,1
1588345,33,4
1017698,33,4
485083,33,3
2566167,33,5
1414483,33,5
1134379,33,4
2102186,33,5
1381130,33,3
2500976,33,5
1891825,33,5
979777,33,5
2397204,33,3
1075153,33,4
2535323,33,5
2309460,33,2
813870,33,3
391325,33,5
2496979,33,4
497052,33,5
458471,33,3
1922286,33,5
1812977,33,4
933427,33,4
1760780,33,4
2221970,33,3
1824389,33,5
1869159,33,5
1235033,33,4
964621,33,4
1405157,33,5
794991,33,4
1918206,33,4
784295,33,1
824811,33,5
2479356,33,5
394784,33,4
1449295,33,5
934686,33,5
230154,33,1
1033361,33,4
1279798,33,5
1691090,33,4
1411722,33,4
1910320,33,3
38917,33,5
2379324,33,4
863347,33,5
544216,33,5
1727197,33,5
45393,33,5
1853225,33,4
2269039,33,3
1719285,33,5
996205,33,5
1100765,33,5
974903,33,5
1247862,33,5
1756878,33,5
162078,33,5
591755,33,5
740727,33,3
1418623,33,5
1948046,33,5
2433743,33,5
2059698,33,5
2374433,33,5
581309,33,4
2449719,33,3
1141718,33,4
1820855,33,4
451099,33,5
2132670,33,5
1901876,33,5
1959873,33,3
324371,33,5
712115,33,5
742091,33,4
1324815,33,4
475437,33,5
985900,33,5
2484562,33,4
1371981,33,5
2614098,33,4
649643,33,5
894886,33,4
510386,33,5
1040424,33,4
966823,33,5
326619,33,5
1439019,33,2
655140,33,1
327721,33,5
1681002,33,3
1241521,33,1
1097214,33,5
1338355,33,5
1149249,33,5
2003061,33,5
2596548,33,5
2639749,33,5
2172358,33,1
1793159,33,5
1973332,33,3
1515231,33,4
116101,33,2
252541,33,2
1551814,33,5
368070,33,5
397392,33,5
1700760,33,2
372757,33,1
2612765,33,5
585393,33,5
146128,33,5
1305549,33,5
1668779,33,5
381372,33,5
282758,33,5
1564478,33,5
2207145,33,1
1185494,33,5
1816966,33,4
705924,33,4
2020464,33,5
2455340,33,1
1430108,33,5
2103014,33,2
2482738,33,4
1825128,33,5
2254919,33,4
747848,33,5
2083021,33,4
2228520,33,1
1131422,33,5
1210827,33,5
1567150,33,5
1225643,33,5
2553254,33,2
217266,33,4
2020685,33,5
2419504,33,1
2461289,33,5
1792510,33,5
311706,33,5
184199,33,4
2576357,33,5
861874,33,4
2529596,33,5
1334745,33,5
853689,33,3
57186,33,4
2068728,33,5
969674,33,5
371763,33,3
970561,33,5
2191176,33,5
92833,33,5
92849,33,4
623751,33,5
2121581,33,4
2382561,33,5
342644,33,5
759549,33,5
2435695,33,5
2549520,33,5
485029,33,4
492714,33,3
754443,33,4
1128131,33,4
1692716,33,5
1408491,33,5
1468370,33,5
1612700,33,5
440725,33,4
980393,33,5
2292444,33,5
1602278,33,5
1971954,33,5
1590374,33,4
2392512,33,5
1826989,33,4
962375,33,4
2594772,33,5
1806805,33,1
2615029,33,5
1386322,33,1
898045,33,5
1393827,33,5
70005,33,3
2524965,33,4
935196,33,5
1509725,33,2
1633268,33,1
2345098,33,4
1520052,33,5
1946842,33,3
1321505,33,4
2489065,33,5
2099486,33,5
2361939,33,5
1927647,33,5
1639014,33,5
366426,33,4
1964980,33,1
2547219,33,4
783677,33,3
2431916,33,2
2096648,33,5
1736406,33,4
911832,33,3
2358688,33,5
2435556,33,4
361763,33,5
2360073,33,4
75120,33,4
711786,33,1
778781,33,5
930113,33,4
1121699,33,5
1074718,33,5
2626223,33,5
978959,33,3
1733995,33,4
2162676,33,3
56309,33,4
1508308,33,4
1552990,33,5
2577989,33,4
852524,33,4
983369,33,2
91574,33,5
88946,33,4
1409508,33,4
1658172,33,5
614412,33,5
1709349,33,5
2245944,33,4
586780,33,5
1442331,33,3
71661,33,5
1353855,33,4
492775,33,5
1384093,33,4
1024854,33,1
2215348,33,5
1419888,33,4
656432,33,4
2564160,33,4
165247,33,3
718303,33,3
1998495,33,3
1215043,33,5
892252,33,4
1559833,33,1
2569227,33,4
1436470,33,4
692943,33,4
376983,33,5
1950043,33,5
1986668,33,4
1140762,33,4
356546,33,5
2147249,33,4
11215,33,5
1128620,33,5
1572514,33,5
345580,33,1
72543,33,5
1998719,33,4
2258002,33,3
608182,33,5
345704,33,4
907760,33,5
147010,33,3
95186,33,3
982049,33,5
540485,33,1
1622801,33,5
814145,33,4
1049141,33,3
1379015,33,4
157631,33,4
1468105,33,3
2203248,33,5
563844,33,1
2154287,33,4
844784,33,5
2162807,33,5
570055,33,5
2448354,33,4
2417066,33,5
592122,33,5
1206293,33,5
194678,33,4
1457828,33,1
1071066,33,4
1013321,33,5
2477751,33,4
1473980,33,1
1648250,33,4
279302,33,5
338553,33,4
1013593,33,5
725704,33,5
1188632,33,1
284651,33,5
1078189,33,5
1426838,33,5
1960942,33,1
2340228,33,5
2517849,33,5
938049,33,5
2018156,33,5
1988095,33,1
2435672,33,1
194412,33,5
479898,33,5
262236,33,5
121324,33,5
2149561,33,4
2502113,33,4
2040859,33,1
1295471,33,5
1524964,33,4
2245883,33,5
2035903,33,5
1411284,33,5
361630,33,4
1718989,33,3
2144094,33,5
1604143,33,4
1175090,33,5
313673,33,3
348773,33,3
684019,33,4
2453123,33,5
1811436,33,5
200805,33,5
2002444,33,5
1230976,33,3
822400,33,5
1111275,33,1
1737785,33,4
286783,33,4
531516,33,5
1096707,33,4
675171,33,5
1282317,33,2
399933,33,4
2332020,33,5
1903582,33,3
2578394,33,3
593696,33,1
2018166,33,5
371868,33,4
1325794,33,1
1481249,33,4
759985,33,3
323883,33,5
886746,33,2
951113,33,3
1740500,33,1
2352686,33,4
225917,33,5
873340,33,5
2507583,33,5
1872840,33,5
2229575,33,5
325844,33,4
2648272,33,5
452501,33,4
2364204,33,4
1150494,33,5
2556407,33,3
975408,33,5
732907,33,3
175711,33,4
1418754,33,5
1782575,33,5
680554,33,5
198833,33,5
1662658,33,4
1313714,33,2
1823038,33,5
2158444,33,5
1054140,33,1
2546452,33,3
446598,33,5
2124230,33,5
1256816,33,5
2222341,33,2
2457662,33,3
2422462,33,5
1745057,33,5
1871090,33,4
358062,33,4
87897,33,4
1219454,33,5
1283300,33,5
136596,33,4
2183240,33,5
2379835,33,4
447839,33,4
1363879,33,5
2525160,33,5
2157507,33,5
1806536,33,4
2502710,33,4
2341610,33,5
129404,33,5
1621533,33,5
24095,33,2
442118,33,5
2040676,33,1
1079943,33,4
321059,33,2
1495026,33,4
79721,33,5
1613350,33,4
2604932,33,4
2122654,33,5
1372908,33,3
480664,33,3
1704052,33,5
659029,33,5
4905,33,3
1524731,33,5
359110,33,4
995591,33,5
1102334,33,4
518757,33,3
202678,33,1
152807,33,2
198434,33,4
2500722,33,4
667164,33,3
238981,33,4
1512796,33,4
671808,33,5
643657,33,2
1097507,33,4
904195,33,4
928604,33,4
492528,33,4
1209972,33,3
388941,33,5
1052040,33,3
562960,33,1
434874,33,5
1721745,33,4
1473595,33,3
249119,33,5
2114555,33,4
2024961,33,5
1266208,33,5
264732,33,4
755976,33,4
1562619,33,5
522846,33,4
1804066,33,3
1990336,33,5
445227,33,3
1236142,33,4
1252521,33,4
124742,33,5
2424419,33,5
151236,33,4
1317778,33,5
44801,33,4
1832101,33,3
2187999,33,5
99540,33,3
616943,33,5
1173675,33,5
2246160,33,5
101783,33,5
633303,33,5
2189183,33,5
1062600,33,4
1973178,33,4
1155200,33,3
455707,33,4
1352984,33,5
2384679,33,4
1009528,33,2
1755138,33,4
1381691,33,4
2468305,33,3
680121,33,4
1281636,33,5
1563555,33,1
1974371,33,5
2399098,33,5
85965,33,5
2269083,33,5
1156527,33,3
1847188,33,5
2395631,33,5
798174,33,5
2630047,33,5
1596531,33,5
1748915,33,5
702106,33,3
1273752,33,4
1772902,33,4
1175652,33,4
25412,33,4
260255,33,5
633313,33,1
149188,33,5
795786,33,4
1762679,33,5
2508565,33,1
1899913,33,5
2614913,33,5
1619277,33,3
2324275,33,5
578151,33,4
2316131,33,4
1389466,33,5
823370,33,2
914708,33,5
1232413,33,3
1661647,33,5
314635,33,4
649692,33,4
1316775,33,5
246245,33,5
2051376,33,4
450711,33,4
403504,33,3
537788,33,4
610915,33,4
2012341,33,4
751385,33,4
702600,33,5
2180095,33,4
1965750,33,5
2463655,33,4
1420835,33,4
1141578,33,5
2118345,33,5
2133551,33,1
2596083,33,4
1407739,33,5
9424,33,4
2029033,33,5
2203318,33,5
910412,33,3
649902,33,5
962019,33,1
1878071,33,5
2315722,33,2
794657,33,5
1239101,33,3
2342053,33,5
1195070,33,3
254718,33,5
1490356,33,5
320159,33,4
1119113,33,3
2629741,33,4
1146044,33,2
1731305,33,5
14946,33,5
597873,33,3
2193995,33,5
363854,33,5
2367740,33,5
704733,33,5
82646,33,5
1890000,33,5
1919268,33,5
2217150,33,3
2306316,33,5
273776,33,4
1600392,33,4
559779,33,5
699299,33,4
2503163,33,1
2647713,33,5
94189,33,3
2344963,33,5
1846965,33,5
1278244,33,5
80914,33,1
1049700,33,4
1742339,33,4
2074189,33,5
477846,33,5
2181591,33,5
1270144,33,4
2615819,33,5
2440842,33,3
1333922,33,5
1412245,33,5
198341,33,5
820386,33,5
842272,33,5
936236,33,4
755587,33,5
553220,33,5
653906,33,5
1404959,33,5
350686,33,4
615743,33,5
1261457,33,4
793098,33,2
1743858,33,4
2228662,33,5
79839,33,3
99865,33,5
1467020,33,4
2402781,33,4
2461142,33,5
192304,33,3
1638141,33,5
1694916,33,4
232847,33,1
2211187,33,4
78804,33,5
1460346,33,5
1480912,33,5
2026775,33,4
1151752,33,4
2196916,33,5
2562446,33,5
975497,33,5
1790965,33,4
1920225,33,5
1652105,33,5
1868530,33,3
2276311,33,5
2289363,33,1
1241395,33,5
1082874,33,5
2011890,33,3
770028,33,4
1002377,33,5
1196131,33,5
522887,33,4
283738,33,5
2578120,33,4
26673,33,5
2207125,33,4
2648112,33,2
607819,33,5
1094273,33,4
2315457,33,5
769702,33,1
1316252,33,4
932537,33,5
2010173,33,4
1145552,33,5
2627490,33,5
989746,33,5
1701231,33,5
1985532,33,5
2338812,33,4
794459,33,1
2502173,33,3
850280,33,5
2416356,33,4
429397,33,5
1306442,33,5
565839,33,4
1714142,33,5
1874614,33,4
649215,33,3
2021088,33,5
2637639,33,4
820252,33,5
1545512,33,4
118706,33,5
2591361,33,2
2147894,33,4
1016140,33,5
149031,33,4
552864,33,5
847496,33,4
820942,33,4
2604814,33,3
2631056,33,4
718456,33,5
783335,33,3
1743759,33,4
2415600,33,5
2085042,33,4
1951713,33,5
2387782,33,3
721146,33,5
555328,33,5
1330662,33,5
717313,33,5
1271332,33,4
409539,33,5
585968,33,4
2378443,33,4
1897305,33,3
2642580,33,4
570428,33,1
2605287,33,5
751255,33,5
502520,33,4
555770,33,5
1669701,33,1
2573212,33,5
1919269,33,5
688132,33,5
1690571,33,3
2610321,33,5
1325467,33,5
715245,33,5
218189,33,5
1380222,33,3
1941680,33,2
1377926,33,4
1016603,33,5
277837,33,1
1805932,33,5
729286,33,3
382224,33,3
2119910,33,4
85747,33,4
1160858,33,2
1475609,33,3
607358,33,3
346340,33,2
1845687,33,4
221936,33,4
636566,33,5
1640450,33,5
529088,33,3
1122208,33,1
1261962,33,5
1968424,33,5
1816818,33,5
1627227,33,5
16388,33,2
382278,33,5
551071,33,5
2558262,33,5
1265652,33,5
2324074,33,5
2370302,33,1
217501,33,4
1056881,33,1
1381061,33,5
2635086,33,4
2200234,33,4
2062506,33,4
2169348,33,5
669502,33,5
2031349,33,4
1311122,33,4
2510725,33,3
56298,33,4
1514983,33,4
35150,33,2
1586668,33,3
1414501,33,5
2507447,33,4
1632046,33,4
2503188,33,5
465331,33,5
1081414,33,4
894125,33,3
370452,33,4
1620030,33,5
1425403,33,4
1909216,33,4
2636407,33,3
487254,33,4
2487755,33,5
1916387,33,5
1512703,33,5
790475,33,4
1344766,33,4
331269,33,4
1280119,33,4
2400924,33,5
2515050,33,5
973784,33,5
285550,33,4
1957360,33,5
943336,33,5
2093548,33,3
2386746,33,5
1974604,33,4
1460326,33,5
1909219,33,4
2012582,33,5
150557,33,5
2463065,33,4
901402,33,5
2644252,33,5
1822126,33,5
264531,33,5
471177,33,5
1075739,33,5
2592095,33,5
1529951,33,5
2302897,33,5
1105029,33,2
2325330,33,5
160174,33,4
1347822,33,5
1274354,33,5
932442,33,5
437980,33,3
1005883,33,4
1398211,33,4
1220648,33,5
1125803,33,5
1406633,33,3
1550423,33,5
1048062,33,5
220934,33,5
1082768,33,5
2298914,33,5
1959111,33,4
530137,33,3
1255580,33,5
247094,33,5
2049806,33,1
1437304,33,5
1510413,33,5
2398923,33,5
616294,33,5
1845334,33,5
1564226,33,1
394737,33,4
242509,33,5
217426,33,5
1593313,33,5
886899,33,1
2013726,33,5
2597636,33,5
1385788,33,3
579549,33,5
1390682,33,5
664333,33,5
2212387,33,5
347301,33,1
2350832,33,5
994077,33,5
845971,33,5
1798197,33,5
1094918,33,5
2415897,33,4
2585339,33,5
2263337,33,3
133462,33,4
818120,33,5
2381639,33,4
1683615,33,1
754814,33,5
1451637,33,5
951418,33,5
1078529,33,4
1648745,33,5
2585108,33,4
1605822,33,5
1032429,33,4
2579664,33,3
1910437,33,4
675150,33,5
576142,33,5
920158,33,3
1723350,33,5
1610558,33,5
678815,33,4
1528418,33,4
1643572,33,4
761194,33,5
2522313,33,5
882693,33,3
1148958,33,5
2440668,33,5
537601,33,3
2122647,33,3
1728122,33,5
2228939,33,5
1606897,33,4
203949,33,5
1380173,33,5
2303680,33,5
618272,33,4
132540,33,5
419238,33,4
2626704,33,5
1117356,33,4
1514161,33,5
2557990,33,5
752931,33,5
85165,33,4
741968,33,5
1268644,33,5
2299084,33,5
1983426,33,3
1944514,33,4
1228200,33,3
2000790,33,5
2144649,33,3
1409537,33,5
1315788,33,5
670065,33,5
2630344,33,4
1742674,33,4
355742,33,3
252114,33,2
1292557,33,5
1465090,33,5
880045,33,2
1509801,33,5
784461,33,5
370466,33,5
2608997,33,4
1160224,33,4
936737,33,5
1062123,33,5
806310,33,5
1708087,33,5
785784,33,5
301935,33,5
894877,33,5
717955,33,5
2107188,33,5
1137666,33,5
2590509,33,5
652972,33,5
1777171,33,3
1668044,33,2
375802,33,4
569271,33,5
1400575,33,3
1714054,33,5
2099107,33,3
35887,33,3
1117036,33,5
1211019,33,5
1132339,33,4
514495,33,5
2195606,33,5
2141209,33,4
1724818,33,5
1658716,33,4
738390,33,4
951905,33,5
1263133,33,4
1363673,33,3
397596,33,3
1905560,33,4
2072762,33,1
1637099,33,5
491852,33,3
880309,33,5
830021,33,5
456601,33,5
206836,33,5
1224253,33,3
969820,33,5
2149265,33,4
2031767,33,5
1276569,33,3
1767645,33,4
1858770,33,4
2511574,33,5
1174603,33,5
258840,33,5
981636,33,5
209646,33,3
2076358,33,2
2628604,33,5
609861,33,5
116381,33,4
721369,33,3
1840953,33,5
1457189,33,4
2391124,33,3
1030029,33,5
2634757,33,5
1174678,33,3
1732840,33,1
1875316,33,4
1101768,33,1
1602158,33,5
2647351,33,5
1721994,33,5
406808,33,5
2137371,33,3
686241,33,4
120931,33,4
2431749,33,5
2359967,33,5
1280008,33,5
1877347,33,1
1578669,33,5
2364551,33,5
1075541,33,5
87762,33,5
1817731,33,5
2114400,33,5
1303722,33,4
1791768,33,2
539331,33,4
1780689,33,4
978339,33,4
1308730,33,4
469822,33,3
975146,33,4
177700,33,5
1920199,33,4
258666,33,5
1152870,33,5
1579476,33,5
2592682,33,5
2086298,33,5
833205,33,2
1932258,33,5
269205,33,4
1358623,33,3
1938123,33,4
1254623,33,5
2381028,33,5
2069528,33,5
1192601,33,5
473621,33,5
601359,33,5
2330108,33,4
337249,33,4
508924,33,5
2307327,33,4
752094,33,3
1602339,33,5
1415272,33,5
604906,33,4
412951,33,4
1139290,33,5
866627,33,5
1625521,33,5
391986,33,5
1704248,33,4
18122,33,5
1913104,33,2
1419462,33,5
813424,33,5
2166958,33,4
2469575,33,5
1533440,33,5
1054730,33,5
250618,33,4
2510270,33,2
543954,33,5
2425208,33,5
1326168,33,5
2622469,33,4
85066,33,4
2176702,33,5
1308024,33,5
1798758,33,1
1803326,33,2
2464989,33,5
1831536,33,5
1255812,33,4
1941292,33,5
241487,33,5
2084213,33,5
2574099,33,5
1657303,33,5
1687607,33,4
1933833,33,3
630691,33,4
1095823,33,5
2390188,33,5
383451,33,5
2190687,33,5
1132266,33,4
187515,33,4
998502,33,5
2029979,33,1
1479892,33,2
922517,33,4
2597614,33,3
118526,33,5
533512,33,5
2234581,33,5
348115,33,5
1094358,33,5
839078,33,5
169765,33,4
698451,33,4
1499478,33,5
1009931,33,4
940637,33,5
1970266,33,4
369881,33,5
940806,33,5
355195,33,5
2647816,33,5
1649989,33,2
199435,33,3
1445724,33,4
1273272,33,5
131819,33,5
225621,33,4
1386297,33,3
1790857,33,5
2075410,33,5
535197,33,5
2501912,33,5
507603,33,2
891430,33,5
1833826,33,5
2088667,33,5
1059661,33,4
2099272,33,5
1066353,33,5
1076207,33,5
1740987,33,5
2012116,33,5
154214,33,5
2490151,33,5
261611,33,3
1217853,33,3
473095,33,4
216096,33,5
1758524,33,5
1192040,33,3
781810,33,1
1647714,33,4
1346559,33,5
1467079,33,1
1921972,33,5
1341214,33,1
1548884,33,5
658206,33,4
2204807,33,5
1487011,33,4
799442,33,2
1622409,33,5
1455459,33,3
139433,33,4
2431794,33,3
379057,33,5
602493,33,3
490940,33,5
845523,33,5
2054726,33,5
1692253,33,4
1645605,33,5
1658654,33,5
312403,33,5
23051,33,4
1353938,33,4
1678660,33,4
612626,33,5
2586199,33,5
2252432,33,5
204978,33,4
708226,33,3
1612721,33,4
684028,33,5
1072669,33,4
1675006,33,4
678430,33,5
818526,33,4
237716,33,5
248181,33,5
1106518,33,3
2364887,33,4
2456613,33,4
1068266,33,5
762320,33,5
1308491,33,5
1979083,33,5
945594,33,3
1915183,33,5
1104756,33,4
2463075,33,5
1734147,33,5
1537860,33,4
880035,33,5
1560344,33,4
432375,33,3
2169479,33,3
2404608,33,5
595870,33,2
42950,33,5
1142872,33,5
2537543,33,1
2637755,33,4
2269445,33,4
882475,33,4
1588878,33,5
81700,33,1
1256989,33,5
852924,33,5
369407,33,5
1941185,33,5
1560675,33,5
2469768,33,5
530548,33,5
1081036,33,5
478920,33,5
536866,33,5
133489,33,5
2509304,33,1
1841541,33,5
1734419,33,2
2627602,33,5
1851822,33,4
1819879,33,4
2112089,33,5
1449249,33,5
1061597,33,5
2232579,33,5
1793251,33,5
200423,33,5
224190,33,5
1298990,33,5
673421,33,4
1566775,33,3
336230,33,5
680585,33,5
1191743,33,3
2499586,33,5
1193472,33,1
2131012,33,5
2496212,33,5
960004,33,5
1756925,33,5
1167841,33,3
824424,33,4
612578,33,4
669523,33,5
302304,33,4
1256752,33,1
746150,33,3
1632291,33,4
874797,33,5
2065445,33,5
312844,33,4
2078420,33,3
87637,33,5
403620,33,5
1232728,33,4
315622,33,5
1441297,33,4
1001701,33,4
1155580,33,4
2114982,33,5
1737883,33,5
1062246,33,4
558154,33,5
1953510,33,5
1744020,33,5
841429,33,3
2589523,33,5
2172077,33,5
933259,33,5
639089,33,5
276131,33,5
2578830,33,5
953149,33,5
343055,33,5
1450660,33,4
1700556,33,5
130710,33,5
1825757,33,5
1449412,33,1
2621215,33,3
407560,33,5
1670457,33,5
1517699,33,5
248262,33,4
1889229,33,5
1547725,33,3
1227850,33,5
412017,33,5
1254366,33,5
1763866,33,1
1423788,33,1
1882000,33,5
2624624,33,4
482902,33,5
470645,33,5
2017584,33,5
1681382,33,5
712021,33,5
1273979,33,5
1159766,33,4
779469,33,5
2102768,33,5
2339734,33,4
1490332,33,5
1854269,33,3
690212,33,4
2250323,33,2
2253129,33,5
1042826,33,5
943543,33,4
2540246,33,5
1736157,33,4
1877210,33,5
2266655,33,4
2260832,33,1
1895279,33,3
673414,33,4
320314,33,3
269344,33,3
2048841,33,5
1562708,33,4
705714,33,5
2536611,33,5
494201,33,5
281040,33,5
1838530,33,5
2270154,33,4
1400163,33,5
1404770,33,5
2014772,33,4
2163718,33,5
469195,33,5
1292792,33,5
2555262,33,5
1317142,33,2
686758,33,5
830947,33,5
422957,33,4
378922,33,4
1216140,33,5
1191347,33,5
603882,33,5
2394703,33,5
244054,33,5
39307,33,5
149511,33,4
153067,33,4
544925,33,4
2391976,33,3
1734711,33,4
702368,33,2
989327,33,5
2555688,33,4
1142792,33,5
1660002,33,5
2213144,33,4
869390,33,3
315751,33,1
657836,33,3
600648,33,5
1080854,33,5
2647182,33,5
1153186,33,5
657198,33,5
2463461,33,2
1309322,33,3
744232,33,1
214262,33,4
868253,33,1
47344,33,5
2151303,33,5
135577,33,4
2310578,33,5
1902672,33,4
2475608,33,4
284978,33,5
2120303,33,5
1590651,33,5
2118564,33,4
2372898,33,5
281834,33,5
2455181,33,5
1331844,33,4
538668,33,5
1493352,33,4
2082456,33,3
1895843,33,4
1093988,33,5
1579214,33,5
296659,33,5
2297686,33,5
879084,33,5
1336421,33,4
1920234,33,4
308148,33,2
1029654,33,1
1896471,33,4
1522103,33,4
2622948,33,5
2408493,33,5
2236366,33,3
1394334,33,5
882711,33,2
136030,33,4
1650580,33,5
460419,33,1
1018447,33,4
39297,33,5
2299847,33,5
2552949,33,4
667482,33,3
1151443,33,1
1456757,33,5
2538943,33,5
3998,33,3
1992980,33,5
406090,33,4
1645029,33,3
1672302,33,5
1443615,33,5
2316606,33,5
2053117,33,5
1469862,33,5
1835954,33,5
1655585,33,3
818416,33,1
1149218,33,5
582768,33,5
873336,33,4
713769,33,4
756209,33,4
668605,33,3
2603872,33,1
1720130,33,5
1519503,33,4
1100643,33,5
508615,33,4
1722735,33,5
214848,33,3
2372153,33,5
1467206,33,5
1046090,33,5
2354394,33,5
1371541,33,5
158019,33,5
1394261,33,5
438674,33,5
227626,33,5
86773,33,1
1736797,33,3
1522205,33,5
1064977,33,5
510834,33,3
1170493,33,5
2268521,33,3
2331171,33,2
2633543,33,5
427064,33,4
1013527,33,5
803332,33,5
1477194,33,5
1155020,33,5
52927,33,4
592094,33,5
1765211,33,5
1996200,33,5
2608404,33,4
505015,33,3
2611915,33,2
2135552,33,4
2399101,33,4
1283765,33,5
2084815,33,5
345883,33,5
1600880,33,5
2596061,33,5
1421913,33,3
307248,33,5
2431289,33,2
1637615,33,3
1628403,33,4
1950710,33,1
1551926,33,2
1467497,33,4
1096854,33,4
1088899,33,1
1410175,33,3
1895660,33,3
2251189,33,3
803489,33,2
2461307,33,5
2508793,33,5
1664010,33,5
549995,33,5
78504,33,5
440781,33,5
1970741,33,5
534993,33,3
2632722,33,1
2201265,33,5
239431,33,5
307483,33,5
1001376,33,5
1051322,33,5
381740,33,4
2327743,33,5
385096,33,4
2085126,33,5
1756495,33,5
1349645,33,5
126538,33,3
339068,33,3
635360,33,5
505039,33,4
2517118,33,5
2002493,33,4
1387388,33,5
180414,33,2
2296108,33,5
883511,33,5
519520,33,5
1832599,33,4
825740,33,2
1382977,33,1
1738713,33,2
263527,33,5
838725,33,3
2214656,33,5
739709,33,5
1723484,33,5
1725374,33,4
797921,33,5
1114786,33,4
1927082,33,4
2020781,33,3
1803441,33,5
2374782,33,3
681577,33,5
1236932,33,5
1496963,33,1
1244699,33,4
1603694,33,5
411030,33,5
37153,33,5
205005,33,2
1260373,33,5
2011887,33,5
546489,33,5
1345520,33,5
813018,33,5
1485793,33,5
2035997,33,3
1608535,33,4
957642,33,3
245556,33,5
291620,33,4
1799940,33,4
2157606,33,4
1846566,33,4
1089335,33,5
1133068,33,4
416881,33,4
2238144,33,4
1941422,33,5
1548956,33,5
984085,33,5
1047767,33,1
323890,33,3
1386315,33,5
2497157,33,4
2033411,33,5
1481825,33,5
300631,33,5
754422,33,5
1198528,33,4
2308300,33,4
1249280,33,3
393657,33,3
944027,33,5
576990,33,1
1876964,33,1
314718,33,4
1529181,33,5
428915,33,4
2053719,33,5
1290391,33,5
2560088,33,4
2173328,33,1
701406,33,5
212895,33,5
1749717,33,5
1496172,33,2
619498,33,5
1229053,33,5
570222,33,4
1086999,33,5
12542,33,5
736342,33,5
2637251,33,5
2473503,33,5
2259174,33,4
796368,33,5
1179811,33,5
2334283,33,5
2292403,33,5
2122847,33,4
1638484,33,1
1325649,33,4
237672,33,1
29875,33,1
778420,33,5
380078,33,5
1198567,33,5
1739874,33,5
950251,33,5
1765729,33,5
1690121,33,5
603837,33,5
2270936,33,5
803610,33,3
2582563,33,5
1817838,33,5
2271535,33,5
612384,33,4
1443280,33,5
1345370,33,5
2111332,33,1
1506960,33,5
145887,33,5
1420371,33,5
806605,33,5
2607678,33,5
381001,33,5
1378727,33,4
222099,33,4
1626928,33,5
388122,33,4
1817470,33,5
1032280,33,5
712363,33,4
1295377,33,5
1412683,33,5
2060268,33,2
1650982,33,4
2147983,33,5
531747,33,4
1854220,33,4
638961,33,5
1824267,33,5
2066105,33,5
1261690,33,5
1778555,33,3
2015498,33,5
1811832,33,3
1346159,33,5
2289733,33,4
466247,33,5
2227543,33,3
1485393,33,5
690788,33,5
725549,33,2
1952797,33,5
295319,33,5
371123,33,5
1739082,33,1
1712598,33,5
2040022,33,5
1500243,33,3
1476270,33,3
1805444,33,5
702837,33,5
1020318,33,3
583407,33,5
2631480,33,3
1772754,33,1
531851,33,5
1663564,33,2
2387990,33,1
464648,33,3
2056370,33,5
219595,33,5
2496644,33,5
1760294,33,3
1100131,33,4
207866,33,5
1247145,33,4
1394114,33,5
1472304,33,2
1560620,33,5
2515334,33,5
1065388,33,5
1940869,33,5
952078,33,5
1217689,33,3
2275419,33,5
1056827,33,4
1493191,33,4
762194,33,5
1167696,33,4
469220,33,5
645242,33,5
2090117,33,3
1153917,33,5
2256611,33,3
1078528,33,5
1763439,33,4
1604903,33,3
1344207,33,5
1997244,33,5
1665203,33,4
2455201,33,3
2222535,33,3
1456270,33,4
2496874,33,5
180711,33,5
2297136,33,1
2622906,33,5
1208461,33,5
1802241,33,5
1942077,33,3
379701,33,3
541707,33,3
339901,33,4
1355330,33,4
1351544,33,5
1465414,33,5
1084427,33,5
251123,33,2
1605728,33,5
877394,33,1
1591221,33,4
1435141,33,5
2161820,33,5
2289721,33,5
1759696,33,5
1305649,33,5
2506228,33,5
1841056,33,4
2538123,33,5
1056041,33,4
898680,33,3
91154,33,4
2099780,33,2
1213884,33,5
2155086,33,4
2342836,33,5
1435822,33,5
2021366,33,4
2456635,33,3
981128,33,5
1677552,33,4
2291341,33,3
1981556,33,4
2331185,33,2
795082,33,5
307612,33,5
566460,33,5
1333297,33,4
1187309,33,2
552356,33,2
13850,33,4
1729821,33,5
1743756,33,3
761595,33,1
2406689,33,5
36104,33,4
243865,33,4
2211145,33,5
2150248,33,5
874923,33,5
1143413,33,3
2094269,33,5
153328,33,4
1444094,33,5
873713,33,5
2444023,33,5
1289436,33,4
1561537,33,5
1312635,33,4
1682592,33,5
1442154,33,1
472276,33,5
2104092,33,5
1729472,33,5
1984294,33,5
1847886,33,5
330424,33,4
1135509,33,4
218070,33,4
2252844,33,5
2280393,33,5
1241893,33,5
1992065,33,5
1512733,33,3
751829,33,5
1523400,33,5
929584,33,5
1084609,33,5
1498141,33,2
2404872,33,5
135295,33,3
1107263,33,4
1552059,33,1
658815,33,4
34300,33,5
2455707,33,5
970269,33,3
1580631,33,5
2373658,33,4
1753001,33,5
564441,33,5
610803,33,4
68979,33,4
2070911,33,5
393936,33,5
33068,33,4
841924,33,5
1608701,33,5
1642162,33,5
1606186,33,5
184983,33,2
2542703,33,5
648585,33,5
736581,33,5
577019,33,5
1296625,33,5
2442168,33,4
288977,33,5
2611124,33,4
1098510,33,5
756649,33,5
1492039,33,2
2193044,33,1
1811927,33,5
1139477,33,1
1465890,33,2
2421539,33,2
942442,33,5
1109665,33,5
703450,33,4
336196,33,4
1666439,33,1
533771,33,4
1975223,33,3
643813,33,5
1871358,33,5
1706195,33,5
434848,33,5
149353,33,3
271198,33,3
1349661,33,4
1643718,33,5
2062055,33,4
1796898,33,3
2512149,33,3
2648885,33,5
1474385,33,4
912397,33,5
2565803,33,3
406638,33,3
767267,33,4
160449,33,4
558303,33,4
397717,33,5
634883,33,5
1155602,33,5
56520,33,4
1746614,33,5
2324645,33,3
2001153,33,4
68093,33,5
1119268,33,4
219343,33,5
776389,33,1
2510050,33,5
1847624,33,5
1124070,33,4
2270550,33,5
16115,33,1
505344,33,2
1765896,33,4
706603,33,5
1326994,33,5
1049321,33,5
2274419,33,5
1953713,33,4
1014626,33,4
429034,33,5
991385,33,4
1280149,33,4
1854658,33,4
1502298,33,5
2329550,33,3
2004105,33,4
1797073,33,5
281116,33,5
1232733,33,5
785937,33,1
863866,33,5
987402,33,5
2014607,33,5
1396997,33,5
1458071,33,5
1115828,33,4
1655277,33,4
1099969,33,4
2216966,33,3
1349229,33,1
2330618,33,5
2239537,33,4
1634821,33,2
2400424,33,5
2407407,33,5
1283426,33,5
2514204,33,5
2052283,33,2
658929,33,5
347276,33,5
1880826,33,5
1315201,33,3
1467800,33,5
1962908,33,5
1246998,33,5
1645206,33,5
1319554,33,2
617686,33,5
1296127,33,5
653515,33,3
134508,33,5
1285169,33,1
990201,33,4
854682,33,5
598497,33,5
460871,33,5
1998313,33,5
2365682,33,5
2418053,33,5
1474278,33,5
1317833,33,2
1543537,33,5
90051,33,5
590270,33,4
1390057,33,3
2337144,33,1
871970,33,1
2464049,33,2
668788,33,5
653345,33,4
1035905,33,5
382817,33,5
283946,33,3
164319,33,5
2316212,33,5
1136132,33,5
668669,33,4
1313475,33,5
795380,33,3
709536,33,5
123299,33,3
1788942,33,4
1865770,33,4
1051569,33,5
1969009,33,5
458104,33,1
1336447,33,5
391543,33,5
871034,33,4
683124,33,5
2207624,33,1
890301,33,5
2237382,33,4
285400,33,4
913572,33,4
153036,33,5
1282217,33,5
1517519,33,4
2139714,33,5
1949871,33,3
1756407,33,5
220945,33,5
694620,33,3
2016667,33,5
1589400,33,5
1378586,33,4
1991379,33,5
699787,33,3
2212303,33,2
262566,33,3
2108461,33,5
405075,33,4
837881,33,4
1914535,33,4
2635998,33,5
1200097,33,3
2205118,33,5
1531417,33,4
539309,33,5
2560484,33,4
347883,33,4
841969,33,3
303657,33,5
1508115,33,5
523105,33,5
707217,33,1
1996259,33,5
2502456,33,5
90934,33,4
2140034,33,4
2320001,33,4
2560285,33,5
59836,33,5
2470428,33,1
2276352,33,5
1719565,33,3
1963704,33,4
1990771,33,4
1629440,33,5
1190685,33,5
940516,33,3
2345270,33,4
318409,33,5
1745278,33,5
872655,33,5
194373,33,5
568767,33,5
2362173,33,4
2118083,33,1
1899030,33,5
331364,33,4
1475707,33,1
724066,33,5
1982296,33,4
738784,33,5
1054534,33,5
613118,33,5
1795038,33,5
312397,33,4
1562454,33,2
560435,33,5
2373330,33,2
2389373,33,1
563535,33,4
933819,33,3
655385,33,5
1086481,33,1
1463269,33,5
2318567,33,3
103828,33,4
1041851,33,5
1158943,33,5
224258,33,4
2316642,33,5
1031805,33,3
1813438,33,5
512915,33,5
4300,33,4
2154796,33,5
1371609,33,4
972873,33,1
492943,33,5
1789442,33,5
1181035,33,4
1793274,33,3
664084,33,4
2198341,33,5
1827242,33,5
50214,33,2
1892864,33,4
919486,33,5
2415859,33,3
193303,33,3
330894,33,4
224856,33,4
2497164,33,5
643967,33,5
1329072,33,5
23948,33,1
1233335,33,5
2047597,33,5
458819,33,5
158732,33,5
1958866,33,5
1773601,33,2
2106433,33,2
2268182,33,3
2540441,33,5
1239120,33,3
2091484,33,4
1127876,33,3
1966325,33,5
1413190,33,4
2091625,33,5
437881,33,5
1137883,33,2
585132,33,2
1890844,33,4
2046241,33,3
253559,33,5
2067635,33,5
1788536,33,5
240953,33,5
376600,33,5
1414298,33,5
527586,33,5
474247,33,5
2344833,33,4
1598194,33,1
2393981,33,3
2375169,33,5
1924398,33,5
382635,33,4
407645,33,5
1509826,33,4
1511945,33,5
626281,33,5
348503,33,5
295135,33,4
262233,33,4
616839,33,4
982026,33,5
2555614,33,5
145828,33,5
939871,33,1
1950372,33,5
1495499,33,4
2019240,33,4
675165,33,5
2640760,33,4
750617,33,5
1279413,33,1
679801,33,2
1771108,33,4
913832,33,5
2323941,33,5
1835645,33,5
1208914,33,5
28713,33,5
297269,33,5
692569,33,5
1395529,33,4
1235474,33,5
1354313,33,4
1223091,33,5
1622277,33,4
2585979,33,5
2106970,33,5
545029,33,5
2104189,33,5
1248310,33,2
1460382,33,5
2583887,33,5
2095101,33,4
1233221,33,4
2562458,33,5
2071184,33,5
2073607,33,4
554630,33,1
294118,33,4
255784,33,5
1118822,33,1
43293,33,4
1972798,33,1
601778,33,5
602139,33,3
1821959,33,5
1399457,33,2
2614625,33,4
2540207,33,5
1881445,33,5
342533,33,5
1434643,33,4
105110,33,5
314440,33,4
973487,33,3
1261357,33,3
1297124,33,5
1254951,33,4
1604357,33,3
561447,33,4
701907,33,5
846473,33,5
1853151,33,4
59143,33,4
1586578,33,3
2499578,33,4
34909,33,3
1149569,33,5
741791,33,5
1732388,33,4
1434918,33,5
1835953,33,2
1193582,33,5
2413848,33,5
1708934,33,5
385191,33,3
1655778,33,5
1149499,33,5
1191081,33,4
68769,33,5
334429,33,4
678920,33,5
1302944,33,4
744365,33,4
2235512,33,5
2360662,33,4
1442050,33,4
1336618,33,5
1716520,33,5
2134810,33,5
132537,33,5
1910447,33,4
2496603,33,5
801800,33,4
2007119,33,5
1659955,33,5
262681,33,1
1843209,33,5
2239899,33,5
665500,33,5
2160091,33,2
1049532,33,5
2369280,33,2
397561,33,4
2126702,33,5
314385,33,5
1720091,33,5
2273623,33,5
1703380,33,4
1800377,33,3
2141429,33,1
1495485,33,5
224053,33,5
1763993,33,3
1429841,33,4
1024941,33,1
466472,33,4
1377201,33,4
2184326,33,4
1346943,33,3
380752,33,4
2473451,33,5
628735,33,5
1795873,33,5
2599241,33,4
1608091,33,5
420340,33,5
1463153,33,4
857156,33,5
1536782,33,4
853135,33,5
1926198,33,5
304079,33,5
1585666,33,5
1492171,33,5
1111943,33,5
573802,33,1
685770,33,5
435310,33,4
1354252,33,5
1695199,33,5
53503,33,5
16855,33,3
1778955,33,5
1036138,33,4
109205,33,4
546031,33,4
320263,33,5
1041936,33,5
1236974,33,5
1641163,33,5
1937793,33,5
228369,33,4
888229,33,5
728413,33,1
67388,33,5
151638,33,5
455512,33,4
369944,33,5
769807,33,4
1798607,33,2
433651,33,5
1425382,33,3
794050,33,4
586340,33,5
1510130,33,4
300358,33,3
1637067,33,5
1309403,33,5
1860383,33,5
1020189,33,4
659839,33,1
2057462,33,5
2287383,33,5
1115413,33,2
2599682,33,1
2334078,33,5
2410823,33,2
105764,33,5
734358,33,5
2614806,33,5
2343748,33,4
448155,33,5
487497,33,5
420622,33,3
1867116,33,3
1069602,33,5
576587,33,4
423397,33,2
894645,33,3
1891442,33,5
1018727,33,5
755459,33,5
2061738,33,5
2056368,33,5
1356896,33,3
1613932,33,5
1773757,33,5
297166,33,5
1021251,33,4
2457685,33,4
2591481,33,5
948439,33,5
178803,33,5
1500410,33,5
1910762,33,3
549399,33,5
649092,33,5
42425,33,5
2540261,33,5
2438925,33,5
971281,33,3
1068136,33,3
834131,33,1
611481,33,5
951907,33,5
1111180,33,3
59938,33,4
948475,33,3
282376,33,5
1611402,33,5
2588102,33,1
1054137,33,1
2182398,33,5
353141,33,3
1280254,33,5
1901678,33,4
1497310,33,5
17288,33,5
1514916,33,5
317965,33,5
1550091,33,4
1348262,33,5
724256,33,5
521690,33,4
2165686,33,5
900151,33,5
614585,33,5
1278249,33,5
2036973,33,5
1111433,33,3
913156,33,4
426352,33,3
1182359,33,5
1279711,33,4
1907304,33,2
1116511,33,4
2544518,33,3
1586533,33,5
2624547,33,5
11526,33,3
547819,33,5
1160808,33,5
1389638,33,5
1093671,33,4
986421,33,5
32887,33,3
1233226,33,5
2072826,33,4
1175810,33,5
2491478,33,5
915610,33,2
2375997,33,5
142811,33,1
1744953,33,5
948541,33,3
2499088,33,5
2632664,33,4
1457892,33,5
1326277,33,5
2292120,33,3
1194911,33,5
30972,33,5
2497130,33,5
1203360,33,5
1532001,33,5
149494,33,5
451866,33,5
1556831,33,1
2209351,33,2
2318043,33,3
1863297,33,5
480835,33,4
2130952,33,5
430983,33,5
1857889,33,1
1374152,33,2
642069,33,3
328034,33,4
1728104,33,5
2604465,33,5
1380905,33,5
1584655,33,4
777535,33,3
1258743,33,5
2134121,33,5
2279369,33,4
413855,33,5
228572,33,4
361829,33,5
763359,33,5
2382165,33,5
1664670,33,1
2499056,33,5
676791,33,5
2635287,33,5
2341916,33,5
1862492,33,3
867768,33,5
1964476,33,5
1059828,33,4
1652623,33,4
1548039,33,1
1792137,33,5
1084037,33,4
2603178,33,5
2358492,33,4
1864975,33,5
1993464,33,3
252441,33,3
2541421,33,2
247739,33,4
2358429,33,5
1025458,33,4
903186,33,1
1653552,33,5
1416785,33,1
1089125,33,5
2161891,33,5
731137,33,5
654316,33,5
1317671,33,5
1836587,33,2
642159,33,4
1778077,33,4
690339,33,5
2620660,33,5
452902,33,5
178299,33,4
1898842,33,4
1542690,33,5
2094433,33,5
281455,33,4
89915,33,5
747497,33,4
1200638,33,5
1139743,33,4
1633216,33,5
1357560,33,2
88909,33,5
1737862,33,5
1365272,33,5
1784858,33,5
289450,33,5
1902609,33,1
1962909,33,4
1534223,33,4
943994,33,5
55652,33,4
1019798,33,5
2283770,33,5
158223,33,5
1685331,33,2
838513,33,1
2303279,33,4
2296990,33,5
636569,33,5
2522401,33,5
666860,33,5
601028,33,2
182134,33,1
539019,33,5
1774576,33,5
1944176,33,4
2509552,33,3
1754267,33,5
705645,33,2
1928457,33,4
1168586,33,4
2225065,33,3
1002879,33,3
1777614,33,3
945962,33,5
913920,33,5
1357007,33,5
2180255,33,4
2141510,33,5
97556,33,5
2254121,33,3
2281700,33,5
2012619,33,5
1199912,33,5
1450171,33,4
491903,33,5
1586403,33,5
2251203,33,3
1540466,33,4
2089599,33,3
1746395,33,5
320856,33,1
2016856,33,5
1231605,33,5
1962309,33,3
915257,33,5
2512437,33,2
604404,33,5
524110,33,5
1656752,33,1
1489678,33,4
1549954,33,5
2356682,33,5
1909052,33,5
1688306,33,1
2642600,33,3
2243084,33,5
1191606,33,5
1511901,33,4
1317635,33,5
2608919,33,3
1545944,33,5
1713439,33,1
922088,33,5
126015,33,5
1057989,33,5
499619,33,5
959898,33,5
1577961,33,4
669351,33,5
1192523,33,5
2426928,33,5
128348,33,4
2535902,33,4
2001962,33,5
1380713,33,4
1678820,33,5
1482828,33,3
1528604,33,3
1310822,33,4
883150,33,5
329471,33,5
276549,33,5
1854180,33,5
1091318,33,5
810009,33,5
733049,33,5
1141391,33,5
2074901,33,2
383404,33,4
1632734,33,4
967853,33,5
1618695,33,5
371560,33,4
423969,33,3
1851346,33,5
52055,33,5
2618819,33,1
1072948,33,3
1549873,33,5
2479308,33,5
2340340,33,5
1007067,33,5
1022711,33,5
28423,33,5
335946,33,4
828672,33,5
583808,33,5
2634182,33,5
375606,33,4
237732,33,4
649197,33,5
415273,33,2
280680,33,4
1936086,33,5
1950639,33,2
2519892,33,2
1564966,33,4
1878268,33,5
567527,33,5
777147,33,4
547504,33,5
228321,33,3
2328019,33,5
1214273,33,5
2555013,33,4
1623287,33,5
826958,33,4
2600616,33,5
1146000,33,1
382792,33,3
2298426,33,5
977854,33,3
1591646,33,5
2053953,33,5
1439225,33,4
2494867,33,3
609005,33,3
843740,33,5
2484715,33,5
2607533,33,5
2470945,33,5
1088277,33,4
1809924,33,5
1633756,33,5
2351316,33,4
1534296,33,5
287695,33,4
276854,33,5
1521921,33,5
1088920,33,4
2002446,33,4
1466233,33,5
2644423,33,5
1855590,33,5
146623,33,5
533352,33,5
976385,33,5
1204764,33,4
116353,33,3
1809462,33,4
1778317,33,5
2381153,33,3
2130638,33,5
1827148,33,5
1237984,33,4
1064046,33,5
2210767,33,4
314656,33,5
431019,33,4
1246115,33,5
106569,33,5
2486753,33,4
1399783,33,5
47776,33,5
471578,33,5
2056853,33,5
2378317,33,2
766158,33,5
56741,33,5
1109495,33,4
413150,33,4
1625634,33,5
101968,33,5
1481098,33,5
2516131,33,5
1530429,33,5
1016509,33,4
2083476,33,1
2329209,33,1
2531371,33,5
2023996,33,5
768710,33,4
1588855,33,5
2012113,33,5
2262005,33,5
884300,33,5
653202,33,5
2510970,33,5
1025234,33,5
823933,33,5
2493348,33,1
1479256,33,5
539110,33,4
716173,33,3
1301243,33,1
1014939,33,5
2490348,33,5
836176,33,5
2257474,33,4
2530216,33,5
2594075,33,5
1595644,33,1
1561552,33,5
17707,33,1
1783376,33,5
530340,33,3
306227,33,5
1859188,33,5
176653,33,5
316006,33,4
1002598,33,3
1343991,33,5
1299887,33,5
2506955,33,4
1419073,33,4
2616470,33,5
1803828,33,5
2095387,33,4
1637650,33,4
2611979,33,4
122970,33,3
4347,33,5
2285289,33,5
492058,33,5
1638402,33,5
730961,33,4
121921,33,4
2230641,33,5
208435,33,5
94191,33,4
2111014,33,5
331278,33,4
1390539,33,5
107366,33,5
1197972,33,4
1533695,33,5
1288864,33,4
1336046,33,5
1461717,33,3
260373,33,5
1553474,33,4
1825620,33,1
1473381,33,4
1720492,33,3
1178938,33,4
742508,33,3
1437996,33,3
262960,33,5
1470972,33,5
1255596,33,4
2430041,33,5
1560171,33,3
891034,33,4
1455112,33,5
1841924,33,4
1045497,33,5
1071141,33,5
1710595,33,5
841184,33,5
1148445,33,3
1799770,33,4
145831,33,5
2470213,33,5
2176056,33,5
682963,33,3
807111,33,5
2160996,33,3
264984,33,4
1695799,33,3
1492475,33,5
2316081,33,5
1448877,33,5
1418084,33,5
1131981,33,2
807541,33,1
770004,33,5
2631519,33,5
1114821,33,5
1232385,33,5
504620,33,5
1195137,33,5
58485,33,4
787903,33,4
1999244,33,5
890588,33,4
1173915,33,1
2251068,33,5
918096,33,5
2267322,33,5
2318316,33,5
1930178,33,5
1687100,33,2
970589,33,5
1356524,33,5
379557,33,4
1179898,33,5
2259843,33,3
6608,33,5
882024,33,5
1622961,33,5
1047203,33,4
2089531,33,1
513263,33,5
1407978,33,5
1442883,33,5
908118,33,5
1860386,33,1
274652,33,5
1350370,33,3
346816,33,5
1836558,33,5
2265060,33,5
2348035,33,4
958602,33,5
596559,33,1
2308436,33,3
2364883,33,5
1662477,33,5
797227,33,1
1801190,33,5
2552035,33,4
1468927,33,4
1805906,33,5
2058724,33,5
272798,33,5
2444999,33,5
1527025,33,5
2648122,33,4
676544,33,4
55758,33,5
358703,33,5
439926,33,5
1926388,33,4
395160,33,4
1706044,33,5
1839553,33,2
2422349,33,5
888053,33,4
2401136,33,5
1412292,33,4
369912,33,5
1153562,33,3
583753,33,1
2242913,33,5
755163,33,3
1860572,33,5
1828292,33,5
2020367,33,4
569465,33,5
2062632,33,4
962214,33,5
795305,33,5
1462172,33,4
1644322,33,5
1116290,33,5
2533530,33,5
1697595,33,4
1554622,33,2
2123042,33,4
1662118,33,2
799856,33,5
431995,33,5
460373,33,5
321593,33,5
939110,33,4
1784953,33,3
2239168,33,4
1987833,33,4
2333918,33,5
1409821,33,5
2056111,33,5
247674,33,5
904842,33,1
1915847,33,5
842989,33,5
2433512,33,5
612154,33,5
20544,33,5
1603774,33,5
415005,33,5
1626060,33,5
1646408,33,4
54870,33,4
1117073,33,4
1744513,33,5
52153,33,4
2317746,33,2
669362,33,5
998107,33,4
382773,33,4
110695,33,5
2616054,33,5
716860,33,5
319750,33,5
1590951,33,5
2407791,33,3
438637,33,5
83271,33,5
534206,33,4
621342,33,4
284825,33,3
216703,33,5
998393,33,5
2338,33,4
144716,33,4
1136695,33,5
1601112,33,5
1210672,33,4
1729925,33,1
1560033,33,5
1677989,33,5
271019,33,5
825353,33,1
2409083,33,4
838924,33,5
487672,33,5
1008927,33,4
716246,33,3
682105,33,2
693524,33,5
1172778,33,5
1955416,33,4
1484608,33,4
1533,33,5
1191057,33,5
226048,33,4
88157,33,5
2394024,33,4
890782,33,5
43446,33,4
1401599,33,4
910594,33,4
1910879,33,4
2255920,33,5
1121588,33,5
2198576,33,4
151799,33,5
1578114,33,5
559847,33,5
208823,33,4
1742540,33,4
247496,33,5
2236701,33,3
2385422,33,4
1576933,33,4
668580,33,4
557801,33,3
1797453,33,3
2055282,33,5
2428410,33,5
2153976,33,4
1671975,33,5
1094821,33,4
100712,33,1
1548321,33,4
120801,33,1
607194,33,3
1064441,33,5
2430291,33,4
1672832,33,4
1695592,33,5
206024,33,4
1811201,33,3
317134,33,5
1293329,33,3
510748,33,4
2118050,33,5
158086,33,4
1998614,33,4
2286308,33,5
1291961,33,4
2378665,33,5
1938420,33,4
590517,33,5
186445,33,4
1805205,33,2
2090369,33,5
1766693,33,5
581281,33,5
1123368,33,5
1306404,33,5
252048,33,5
1430730,33,4
748161,33,5
542681,33,4
2226577,33,4
111118,33,5
1996949,33,5
151153,33,1
2626214,33,5
2197449,33,4
2306681,33,2
953916,33,4
1974708,33,5
2263064,33,2
1555581,33,3
857270,33,5
291970,33,5
185065,33,5
1230351,33,4
1461242,33,5
2436362,33,3
1249303,33,4
2624655,33,4
1345573,33,3
2228163,33,5
827459,33,2
2552905,33,4
2255117,33,4
2645265,33,5
1217721,33,4
1789944,33,5
1430587,33,4
663189,33,4
2209986,33,2
1167392,33,5
1972747,33,5
657081,33,5
1777163,33,5
97526,33,4
291050,33,5
149199,33,5
2164873,33,3
2143946,33,5
1429954,33,5
2592684,33,2
100995,33,3
176046,33,5
305344,33,1
2115237,33,3
1416136,33,5
510173,33,5
1144357,33,5
1580571,33,5
1221,33,5
1706645,33,4
276968,33,5
465548,33,5
810318,33,2
212367,33,3
809955,33,5
842431,33,4
2437680,33,1
280260,33,4
997535,33,5
1565906,33,5
928381,33,5
740671,33,5
305025,33,4
169054,33,4
1690780,33,5
1015085,33,5
459524,33,3
1840146,33,4
932092,33,4
1154137,33,5
2156119,33,5
505498,33,5
1678855,33,5
2078294,33,5
893536,33,5
453030,33,4
1695685,33,5
345588,33,1
1921443,33,5
1287487,33,5
2399657,33,5
797401,33,4
2011903,33,5
1924228,33,5
2022147,33,4
151395,33,5
1119468,33,5
2504568,33,4
119014,33,5
1157259,33,4
722210,33,4
2108509,33,5
429116,33,5
938047,33,5
940263,33,3
1470113,33,4
1157850,33,5
1487060,33,5
258818,33,5
1546199,33,3
963222,33,5
2238894,33,5
615010,33,5
2491266,33,5
2067355,33,5
1174341,33,5
1498317,33,5
2056875,33,5
1636895,33,4
796093,33,5
1238025,33,2
1159683,33,4
1542592,33,5
1772241,33,5
161313,33,5
1532839,33,5
1128976,33,1
948452,33,5
416417,33,3
1886788,33,5
2205329,33,5
1527988,33,5
1404610,33,5
723397,33,5
1773465,33,5
2311110,33,1
1974599,33,3
2029180,33,4
810093,33,5
1328544,33,4
1106391,33,5
860836,33,5
2124079,33,5
455752,33,5
1703456,33,4
1911127,33,4
2272714,33,3
2008942,33,5
1553119,33,5
618571,33,4
1734505,33,4
46999,33,2
756315,33,5
315136,33,4
1402614,33,3
1710658,33,3
1096005,33,5
1219544,33,3
1749427,33,3
264411,33,3
1197673,33,4
2033848,33,3
673077,33,5
252560,33,5
1195542,33,5
1017180,33,5
1403217,33,5
1996263,33,5
516546,33,3
366233,33,5
1638194,33,4
1635206,33,3
1264384,33,5
384245,33,4
1203545,33,5
195924,33,3
2071164,33,4
1207324,33,1
559114,33,3
1535398,33,4
2330468,33,5
251059,33,4
1024694,33,5
1614522,33,5
2375380,33,2
1348700,33,4
2278766,33,4
1526469,33,5
2213561,33,5
2001533,33,4
1745153,33,5
2206659,33,5
993792,33,1
1012830,33,2
1654549,33,5
512388,33,2
663775,33,3
1202993,33,5
639533,33,2
1793130,33,5
1006672,33,4
1233116,33,5
1640921,33,3
2138318,33,4
783612,33,5
2147527,33,2
2631815,33,4
2640656,33,5
310857,33,5
2251848,33,5
837267,33,4
1204765,33,4
1007709,33,5
1533989,33,5
746775,33,5
659055,33,3
351238,33,4
2627452,33,5
292672,33,5
844214,33,5
299365,33,1
1173088,33,5
1763740,33,4
112201,33,4
433593,33,5
1450106,33,5
2159014,33,3
299949,33,3
1732015,33,1
899796,33,4
1142130,33,4
146231,33,5
673892,33,3
596964,33,5
425882,33,2
393419,33,5
1428930,33,2
2536711,33,5
2585563,33,2
1580448,33,4
1184470,33,5
1825242,33,4
1374029,33,1
506892,33,4
2263961,33,5
1108000,33,5
1965480,33,5
1261043,33,5
874376,33,4
2062146,33,2
1142342,33,4
1434500,33,4
2186559,33,3
2481821,33,4
2468929,33,1
2063514,33,5
708354,33,5
257240,33,1
211270,33,3
1183437,33,4
632596,33,5
2188405,33,5
2131731,33,3
2132429,33,4
791350,33,5
1043768,33,5
547874,33,4
968091,33,4
1206803,33,5
618832,33,2
2340119,33,4
2605571,33,4
682994,33,5
2355703,33,5
2101566,33,5
2450942,33,5
487463,33,4
2472066,33,5
1876175,33,5
2359871,33,4
1462182,33,5
697745,33,3
1708551,33,5
401315,33,5
467321,33,5
262931,33,5
2161353,33,5
864044,33,5
866704,33,5
133670,33,4
191424,33,5
934647,33,4
447759,33,5
320386,33,5
2129633,33,4
1857050,33,2
2451535,33,4
2327431,33,5
290273,33,5
636365,33,5
325790,33,5
1437766,33,5
209999,33,5
952388,33,5
1909371,33,5
887717,33,4
2199728,33,3
451267,33,2
387181,33,1
2503579,33,5
1559946,33,5
2039705,33,4
1486688,33,5
1039039,33,5
946691,33,5
1400154,33,3
2455789,33,5
1152644,33,3
1934779,33,1
1140990,33,5
1942575,33,5
2213602,33,4
1862405,33,3
1951455,33,4
513953,33,5
1318310,33,5
1938667,33,5
1280291,33,4
2426162,33,5
2273651,33,5
2543482,33,4
546989,33,5
1352804,33,5
1058762,33,4
1450338,33,5
2048758,33,1
1498249,33,4
1603022,33,3
2563584,33,4
2191675,33,4
599385,33,4
1894534,33,3
2025078,33,3
1529911,33,1
1526345,33,2
832630,33,5
543687,33,5
659118,33,5
630111,33,5
1886326,33,5
2391200,33,5
2323506,33,4
1660543,33,5
2347774,33,5
2244606,33,5
607621,33,4
300435,33,2
937487,33,5
414455,33,5
1494268,33,1
1001844,33,5
1757385,33,5
2189024,33,5
193099,33,4
1950289,33,5
1189789,33,4
2032141,33,4
850900,33,4
639257,33,3
132511,33,5
230211,33,2
925625,33,4
1771752,33,3
2640278,33,5
1181649,33,5
1577732,33,5
516427,33,4
288420,33,3
1907474,33,5
2228414,33,5
2489358,33,5
1929568,33,5
923985,33,4
1946287,33,4
2364716,33,4
158121,33,5
560480,33,2
450716,33,4
741312,33,4
1321479,33,3
802483,33,3
572988,33,5
1600873,33,5
1259456,33,2
1224403,33,4
1676341,33,5
1324927,33,5
134431,33,3
651815,33,1
1590212,33,3
733570,33,5
68669,33,5
1426049,33,3
1631617,33,5
245527,33,4
374487,33,5
789915,33,5
1604716,33,2
1494790,33,3
2417253,33,4
2016653,33,4
1656050,33,3
1244949,33,4
1715795,33,5
741089,33,5
159009,33,3
1017240,33,5
1489711,33,4
2576015,33,5
2119555,33,5
806105,33,5
1045267,33,4
1448938,33,1
295965,33,5
2235420,33,5
1708366,33,1
1837636,33,5
1820040,33,5
847774,33,5
1725021,33,5
1289515,33,5
2453706,33,5
893392,33,4
2430267,33,5
1437640,33,2
276994,33,5
384788,33,5
906085,33,4
139852,33,4
1709854,33,3
1027507,33,5
1911337,33,5
1809,33,5
428070,33,4
514516,33,3
1597584,33,5
1368426,33,4
311548,33,5
245655,33,4
1003874,33,5
1335864,33,3
2072739,33,3
1417614,33,4
1292952,33,5
1979820,33,4
2155829,33,5
530000,33,5
428558,33,5
1951626,33,5
427186,33,5
1730940,33,4
367951,33,4
2452529,33,4
2118797,33,1
1376627,33,1
2433633,33,5
1481728,33,5
944937,33,3
2038897,33,4
1696636,33,1
1815334,33,5
1842617,33,4
1769807,33,5
1836196,33,5
203572,33,5
426197,33,5
203093,33,4
1029849,33,5
1025166,33,4
1169480,33,5
1770828,33,1
2105657,33,5
1952209,33,5
1559769,33,5
437683,33,3
2295287,33,3
477422,33,5
972626,33,4
2144951,33,1
956365,33,4
1628127,33,5
1832825,33,5
2529897,33,4
1679633,33,5
298955,33,5
2611530,33,5
1214691,33,4
2010833,33,3
1301672,33,5
1337546,33,5
1316715,33,3
1242322,33,4
83584,33,5
323529,33,3
733859,33,5
2079319,33,4
1705392,33,4
919153,33,5
1712681,33,3
1452669,33,2
1640850,33,5
2053393,33,4
1996255,33,5
1592001,33,5
740929,33,5
2033906,33,5
42616,33,1
2555697,33,5
750695,33,5
791273,33,4
1941364,33,1
2575786,33,5
395429,33,5
2322076,33,4
884736,33,5
2110341,33,5
255482,33,5
1815508,33,5
1858243,33,4
645138,33,5
2410810,33,4
52474,33,5
1861779,33,4
458728,33,5
1325283,33,4
1982175,33,4
1619678,33,4
2085637,33,2
109303,33,4
1432126,33,4
2349739,33,5
699827,33,5
1740307,33,5
1642817,33,5
2388628,33,3
317099,33,4
608501,33,3
562621,33,4
2249745,33,4
2551487,33,5
2397396,33,4
1267351,33,3
925680,33,5
2088226,33,4
2340855,33,4
545732,33,5
2114592,33,5
1073242,33,4
1768495,33,3
1814516,33,5
1121442,33,5
1343658,33,5
2598300,33,5
1504248,33,5
972399,33,5
2282751,33,5
2318739,33,4
2467898,33,5
270210,33,2
1385580,33,4
1498974,33,3
876066,33,5
1577281,33,5
652594,33,5
1373215,33,5
2646027,33,5
2467512,33,1
642222,33,5
1787493,33,5
2544463,33,4
612804,33,5
821832,33,5
235860,33,5
2062501,33,5
2164863,33,1
940514,33,5
2507852,33,3
2005241,33,4
256935,33,5
1472935,33,5
1319516,33,4
500587,33,1
2461079,33,5
536475,33,4
442591,33,5
364983,33,5
300286,33,5
1832627,33,5
1343052,33,5
846508,33,5
2320239,33,5
25201,33,1
2497234,33,5
1077352,33,5
1089420,33,4
539186,33,5
2568493,33,4
589682,33,3
1006584,33,4
1248675,33,1
801787,33,4
2214441,33,5
484528,33,1
292209,33,4
1532058,33,5
1495372,33,5
741340,33,1
1848938,33,2
2189343,33,5
933837,33,5
1556712,33,5
406194,33,3
976763,33,4
2385533,33,5
1442089,33,2
269503,33,5
1055153,33,5
1899788,33,4
2646630,33,5
2044258,33,5
1319879,33,5
465518,33,5
627570,33,4
789480,33,4
945849,33,5
1432474,33,3
871974,33,3
1592816,33,4
2030201,33,4
1238191,33,5
1698949,33,3
870105,33,4
813516,33,5
2093462,33,5
1488235,33,5
1152594,33,3
2378207,33,5
928636,33,4
2474661,33,3
170152,33,5
1386537,33,5
1821067,33,5
770619,33,5
1728924,33,3
606144,33,1
1739865,33,5
45656,33,5
1758572,33,5
1473095,33,5
882958,33,5
1252008,33,5
259275,33,1
153237,33,5
2611714,33,4
1640251,33,5
438710,33,4
978626,33,4
2119465,33,5
2561946,33,2
1139915,33,5
735965,33,5
1589143,33,5
1540889,33,5
534018,33,5
1653921,33,5
43653,33,5
2595178,33,5
1391246,33,5
886520,33,5
153657,33,5
1370144,33,3
1965634,33,1
1449064,33,5
1079992,33,4
2038262,33,5
333455,33,2
1962226,33,5
597410,33,5
1714475,33,5
1090735,33,5
210523,33,3
303668,33,5
1969751,33,4
928607,33,3
1059710,33,4
2212176,33,3
1826294,33,5
2309745,33,5
1368151,33,1
2386069,33,4
234518,33,4
14748,33,5
1845049,33,4
1166266,33,4
2499868,33,3
434744,33,4
939885,33,5
2019646,33,5
336408,33,5
2570803,33,4
973689,33,4
93745,33,1
2074746,33,2
1522367,33,2
2219596,33,5
1741802,33,4
2434527,33,1
1686167,33,5
2411778,33,5
2218735,33,4
2261631,33,5
679187,33,4
1271456,33,4
2484834,33,1
564660,33,4
1782121,33,5
675700,33,1
565247,33,4
2445692,33,5
1344759,33,5
2419573,33,4
629797,33,4
1710190,33,5
2407453,33,5
2070305,33,5
391517,33,5
2308928,33,5
1309580,33,5
112331,33,5
666743,33,5
1244251,33,4
1555531,33,4
538757,33,4
148151,33,4
666944,33,5
1246888,33,5
1692152,33,4
1081282,33,5
1501422,33,5
740364,33,3
145985,33,4
753480,33,5
1281037,33,5
1870458,33,4
1944937,33,5
1257438,33,1
2124531,33,4
507873,33,1
1175001,33,5
2537626,33,5
2206870,33,4
847941,33,5
1708992,33,3
1075030,33,4
1480041,33,5
1611752,33,5
853185,33,5
942568,33,5
2239191,33,5
1004026,33,5
1329642,33,4
180503,33,5
1751508,33,5
497944,33,5
995935,33,5
1075241,33,3
2253652,33,1
2255880,33,4
899064,33,5
877282,33,5
157047,33,5
1187676,33,4
1645555,33,4
826696,33,4
517532,33,5
280032,33,5
125687,33,5
2254697,33,5
1245081,33,3
1758059,33,4
2514270,33,4
647519,33,5
913814,33,4
2170463,33,5
2036658,33,5
2205030,33,5
731988,33,3
1835777,33,3
400644,33,2
2386321,33,3
1776727,33,1
1597840,33,5
326858,33,5
2084033,33,5
2394096,33,4
2312469,33,4
896752,33,5
1702548,33,3
1314682,33,4
2615218,33,5
933493,33,5
2408204,33,5
1059789,33,1
728864,33,4
1882992,33,3
1799557,33,5
150015,33,4
782551,33,5
424241,33,2
272025,33,5
2640943,33,2
1081152,33,3
936014,33,5
2107133,33,5
95373,33,5
280804,33,4
1239055,33,4
2220646,33,5
2444052,33,1
148105,33,5
2617443,33,4
748801,33,5
838208,33,5
577930,33,5
184707,33,3
1855794,33,4
1278868,33,5
414477,33,2
1167037,33,2
449661,33,1
1000634,33,5
10679,33,3
512477,33,5
2594135,33,5
1853285,33,4
735850,33,5
2631040,33,5
1214284,33,5
2192664,33,5
1488466,33,5
169949,33,5
1473776,33,5
1539441,33,5
2399580,33,3
246820,33,4
1578264,33,5
2156793,33,3
318196,33,4
2173514,33,3
2514559,33,5
808086,33,5
1120231,33,4
1185653,33,4
1892226,33,5
1452869,33,5
1955071,33,5
23196,33,5
123356,33,5
2442325,33,4
326356,33,5
1392976,33,3
1102616,33,4
2558936,33,3
2155516,33,5
2092369,33,4
1691196,33,4
1036836,33,5
1394939,33,3
2056022,33,2
1159003,33,5
113535,33,5
509331,33,3
2309943,33,3
1629209,33,5
404384,33,1
2141681,33,3
2627267,33,5
1345177,33,3
846959,33,5
1756840,33,5
1686760,33,4
2468701,33,4
1287490,33,3
589886,33,5
2358949,33,4
471654,33,5
1425971,33,4
1294918,33,5
2223162,33,4
1615850,33,3
1367589,33,4
1087457,33,5
357461,33,5
1626367,33,4
1276307,33,5
2569428,33,5
1402030,33,3
1947840,33,3
1907354,33,4
1191408,33,1
551542,33,3
2387951,33,5
735417,33,5
2219709,33,5
332969,33,5
805607,33,4
1998763,33,2
2499884,33,4
1855394,33,3
1214886,33,4
760027,33,5
1401815,33,5
1511558,33,2
2014280,33,5
1031332,33,5
754457,33,5
839232,33,3
2372224,33,5
76444,33,4
1195212,33,5
1342698,33,5
1645067,33,5
1089873,33,5
1141715,33,3
1168767,33,4
1598717,33,5
598252,33,5
113029,33,3
958575,33,5
1436780,33,1
77584,33,5
70328,33,5
2162752,33,1
1801617,33,5
125903,33,4
247317,33,3
2235578,33,4
550530,33,5
1772555,33,5
2456113,33,1
135462,33,5
677565,33,5
1705380,33,1
1547173,33,4
2648928,33,5
305466,33,4
1954337,33,5
520626,33,4
416384,33,5
1188955,33,5
595005,33,5
67390,33,4
982331,33,5
1177065,33,5
2578242,33,1
2339154,33,5
798402,33,1
1943761,33,5
1033845,33,5
2316429,33,5
1483852,33,5
2186818,33,5
1294842,33,5
1258081,33,5
1191362,33,1
315679,33,4
2297206,33,4
54515,33,5
2224872,33,5
1232372,33,5
473551,33,5
1529818,33,1
1793146,33,4
1042753,33,5
604078,33,5
2371038,33,2
450490,33,5
694373,33,4
2407107,33,5
2400129,33,5
1538047,33,5
1378186,33,5
1800808,33,5
1665685,33,4
1970360,33,5
933207,33,5
1003840,33,4
2250628,33,5
2372859,33,5
1697629,33,5
1057021,33,5
1753716,33,5
2176465,33,1
158676,33,3
2393478,33,5
1076036,33,5
1727813,33,5
751035,33,5
2278230,33,3
1319301,33,5
1120533,33,5
2420384,33,5
2330252,33,4
2379330,33,5
2497410,33,2
961541,33,4
320226,33,5
441289,33,4
907004,33,5
676062,33,5
1406700,33,4
678186,33,5
1969154,33,5
745936,33,5
1117858,33,5
411290,33,5
101515,33,5
390856,33,5
1625025,33,5
440007,33,3
478043,33,5
1634069,33,5
1486038,33,4
1760778,33,5
1574430,33,3
13586,33,5
1069164,33,4
1503800,33,3
1417031,33,3
982635,33,3
1955049,33,5
1565518,33,5
2460335,33,5
1026855,33,5
843519,33,5
176535,33,5
872671,33,5
1469212,33,3
666515,33,1
1247398,33,5
587766,33,3
1160772,33,5
1119442,33,5
935821,33,5
470818,33,5
2044724,33,4
1952708,33,5
1993836,33,4
2474140,33,3
2045715,33,1
858719,33,5
2124558,33,4
2227477,33,2
2352111,33,5
1745399,33,5
208579,33,4
2507089,33,5
1960214,33,5
43193,33,5
170987,33,4
2167460,33,4
1413367,33,5
1104800,33,5
934230,33,1
1234567,33,3
1405540,33,4
438688,33,4
2524993,33,5
1002286,33,5
899414,33,4
1953637,33,5
230599,33,5
1079032,33,4
763981,33,5
2599944,33,2
1481658,33,5
1385915,33,5
7576,33,5
851095,33,3
1888195,33,5
671526,33,5
1011928,33,5
1399359,33,4
1124963,33,4
1989258,33,2
2527932,33,4
567431,33,4
281097,33,4
220631,33,4
2229445,33,4
1278941,33,3
1849234,33,5
1321246,33,3
2592264,33,5
2208657,33,4
536371,33,4
1293631,33,4
2548069,33,2
2244240,33,4
288166,33,1
1047022,33,4
1392850,33,5
1630031,33,3
2135692,33,1
191911,33,5
509532,33,1
795592,33,4
2222576,33,3
210763,33,5
255692,33,5
1746613,33,4
850856,33,3
1451054,33,4
388034,33,4
1305784,33,5
107445,33,5
2498807,33,4
1386511,33,4
1530856,33,4
1362331,33,2
568930,33,5
833416,33,5
38861,33,4
1360929,33,2
648596,33,3
2343632,33,4
1864509,33,4
2056003,33,1
611333,33,4
2570212,33,4
1885155,33,5
224252,33,2
1393704,33,5
1756501,33,4
1798943,33,5
684439,33,4
2160306,33,3
2142535,33,5
1722192,33,4
1425640,33,4
1269090,33,5
2527997,33,3
1661501,33,5
1879437,33,4
10470,33,5
162774,33,5
1084484,33,4
1585067,33,5
1244459,33,4
1682651,33,4
2311943,33,2
863184,33,4
1324928,33,5
2613636,33,5
1539389,33,2
2577468,33,5
1380424,33,5
2204903,33,5
516097,33,5
2334757,33,4
1821595,33,2
1287657,33,1
94321,33,5
1506554,33,5
1816645,33,2
2118461,33,5
2057611,33,4
480718,33,5
319017,33,1
178118,33,5
979995,33,5
1914382,33,5
2565782,33,5
1975614,33,5
517660,33,3
1935388,33,2
544571,33,5
1962936,33,5
1467086,33,5
32564,33,5
2142422,33,5
772197,33,5
1628484,33,5
2157073,33,5
879967,33,5
30941,33,5
559430,33,5
456966,33,5
195755,33,5
2566018,33,3
1683828,33,1
2434098,33,4
798262,33,5
1184498,33,4
2314835,33,4
2131536,33,5
447437,33,5
896114,33,5
2551960,33,5
648972,33,5
1338038,33,4
33821,33,4
1490320,33,4
401996,33,4
1398222,33,3
143100,33,5
676013,33,5
820543,33,4
1064066,33,5
1406452,33,5
1925266,33,4
1020518,33,5
1774489,33,5
1595403,33,5
1672131,33,1
1992516,33,5
1936023,33,5
1782958,33,2
28857,33,5
2299957,33,5
902446,33,5
112215,33,5
69221,33,5
1480155,33,5
2049139,33,5
2079888,33,3
1425055,33,1
814740,33,2
1002166,33,4
1162341,33,2
2507024,33,5
1443508,33,5
1869623,33,4
392651,33,1
1341850,33,5
567956,33,3
2027151,33,4
778468,33,5
1054253,33,5
2187764,33,1
1331692,33,1
2538680,33,5
1634242,33,3
1737983,33,5
369362,33,3
1282800,33,5
2185101,33,5
1284297,33,4
387418,33,1
397216,33,5
2143277,33,5
1860587,33,4
1022862,33,5
98428,33,4
1115372,33,5
844021,33,5
2413317,33,4
464909,33,5
1702055,33,5
524985,33,3
536310,33,4
2025463,33,4
1784909,33,3
1043858,33,5
1097209,33,4
806414,33,5
479280,33,5
2596292,33,4
1059771,33,3
1345442,33,4
656270,33,5
2504746,33,5
1939397,33,5
2588755,33,2
455682,33,3
2582694,33,4
2587209,33,3
626812,33,3
2583580,33,1
2604149,33,4
1932804,33,5
487159,33,5
1337591,33,5
90592,33,5
181013,33,3
415253,33,4
270702,33,5
408180,33,5
1901130,33,1
2409465,33,5
2571885,33,4
1167046,33,4
807836,33,5
608204,33,3
1412535,33,5
1705361,33,5
2123894,33,3
2112088,33,5
683671,33,5
1587193,33,4
653966,33,5
581648,33,5
2122210,33,5
1948154,33,5
120024,33,5
2442035,33,5
1687864,33,5
1808107,33,4
2450690,33,2
1759039,33,5
1502315,33,5
2439391,33,4
397212,33,3
770076,33,5
1381285,33,4
2039195,33,2
150122,33,5
1114324,33,4
2520933,33,4
255229,33,5
2551315,33,4
2163036,33,5
1837239,33,5
1746476,33,3
1653929,33,4
2446512,33,4
739340,33,4
1579484,33,5
622096,33,3
1273080,33,4
1886670,33,5
1220645,33,3
1672831,33,5
751141,33,2
2609234,33,5
398660,33,4
846517,33,3
1480715,33,5
2124693,33,5
1879369,33,5
1695884,33,5
145290,33,4
615442,33,3
1731079,33,1
188882,33,5
1942381,33,3
1451817,33,5
1538070,33,5
1379739,33,4
2375550,33,4
500445,33,3
1153136,33,5
1273102,33,4
2065457,33,4
2224451,33,5
1083425,33,5
1464032,33,5
2080585,33,3
931654,33,4
2466473,33,5
2310629,33,5
549019,33,3
1541864,33,4
882231,33,5
485301,33,4
2552754,33,5
1937866,33,5
2304126,33,5
2233060,33,4
1922377,33,4
1689524,33,5
1020486,33,4
584895,33,3
319529,33,5
2373540,33,5
2040484,33,5
116238,33,4
2097488,33,4
1819164,33,5
392094,33,5
363169,33,5
1924935,33,5
530551,33,5
1354575,33,5
2053443,33,5
1701491,33,4
2470021,33,4
2276849,33,4
855269,33,5
1134871,33,1
1121211,33,5
893014,33,1
319580,33,4
155850,33,4
1698887,33,4
1546273,33,5
1317718,33,3
948702,33,4
575979,33,5
2109666,33,4
1215204,33,5
64162,33,2
1541575,33,5
1150705,33,1
1163151,33,5
415360,33,5
2082553,33,5
2537089,33,4
1919986,33,4
1881627,33,3
112449,33,5
108176,33,5
2049992,33,5
1003850,33,4
956464,33,5
2550058,33,4
2099956,33,5
418925,33,4
1081665,33,5
981955,33,5
2523231,33,4
972932,33,5
1130233,33,5
708733,33,3
1920397,33,5
2352558,33,5
1861331,33,5
474049,33,5
1990921,33,4
1762125,33,5
873035,33,4
394440,33,5
2319716,33,3
1548324,33,4
1365230,33,5
1209635,33,4
3694,33,5
611593,33,4
2320222,33,4
901090,33,1
284442,33,5
130820,33,5
601205,33,5
2570844,33,5
1160273,33,5
1102770,33,5
423084,33,5
999452,33,4
1365356,33,3
1123533,33,1
2043487,33,4
1860815,33,3
998506,33,4
733225,33,5
164110,33,1
1713319,33,4
1621241,33,5
552071,33,3
2490507,33,5
1283943,33,2
591794,33,5
1781102,33,4
472729,33,4
2645222,33,4
1425899,33,5
400631,33,5
1946157,33,5
2108307,33,3
2368747,33,1
1570842,33,5
415677,33,5
20658,33,5
2139483,33,5
773512,33,4
444566,33,3
2123882,33,5
1768341,33,5
2369956,33,5
1396942,33,5
1234392,33,5
246880,33,3
1252289,33,4
622994,33,5
1425674,33,2
1477498,33,5
1018488,33,5
50718,33,4
1762756,33,5
2077186,33,3
1435620,33,3
1028792,33,5
1294328,33,3
1910883,33,5
1624708,33,5
2562320,33,4
2269306,33,5
1531397,33,5
1773695,33,5
534152,33,5
2171187,33,4
466942,33,3
2234943,33,4
2230024,33,5
1533777,33,5
959658,33,1
1718629,33,3
237278,33,5
235600,33,1
1882378,33,5
1987171,33,5
1443203,33,3
796977,33,5
235077,33,1
1361438,33,4
728626,33,4
1870082,33,1
661383,33,4
1138997,33,5
1619065,33,2
265030,33,3
1091316,33,5
1718274,33,4
1957174,33,4
118464,33,5
906865,33,4
141159,33,4
2621013,33,5
1702473,33,3
1663694,33,5
1663888,33,5
307426,33,5
1349907,33,5
2371577,33,5
2443379,33,5
1791361,33,5
609895,33,5
2281449,33,3
1977543,33,5
342958,33,4
2490540,33,5
933855,33,5
1982279,33,4
2191762,33,4
1813598,33,5
1612915,33,2
2416528,33,5
798951,33,5
750231,33,5
1045614,33,4
1251156,33,5
2147262,33,5
1708273,33,4
599314,33,5
182435,33,5
1654721,33,4
1105040,33,4
2322533,33,4
2265729,33,1
1860885,33,5
1507553,33,5
2346704,33,5
359909,33,4
526228,33,5
2283983,33,5
831775,33,5
808339,33,5
682819,33,5
1415949,33,5
1992139,33,5
1461435,33,1
817020,33,5
694070,33,2
8388,33,1
2069106,33,5
1666122,33,5
151763,33,3
2350222,33,5
461028,33,5
1807643,33,5
534777,33,1
2484471,33,5
1587492,33,5
2482437,33,3
2495108,33,5
1962981,33,5
1037180,33,5
1191972,33,5
1995067,33,4
801673,33,3
322163,33,5
1712371,33,4
1413466,33,5
2486506,33,4
1876031,33,3
1353315,33,3
2583202,33,4
628166,33,5
1256437,33,4
1794437,33,5
1782687,33,5
2479824,33,5
692230,33,5
2090998,33,5
2043843,33,5
498902,33,5
2568351,33,5
2126810,33,4
1481617,33,4
1147594,33,5
2423385,33,5
1779249,33,3
1647745,33,4
1152581,33,5
1138493,33,4
1583561,33,5
1256120,33,5
575714,33,3
124504,33,4
810568,33,5
1950616,33,5
166399,33,3
100400,33,1
6082,33,3
1754163,33,5
1842188,33,2
1217643,33,5
1155329,33,1
645362,33,4
718894,33,5
329475,33,5
381142,33,5
361553,33,4
1447599,33,5
1470491,33,5
2091453,33,5
948208,33,5
1337226,33,5
1777964,33,3
560599,33,5
1812378,33,3
1433393,33,4
2254349,33,5
327091,33,2
182203,33,4
1020745,33,5
1463405,33,4
1508438,33,4
1650254,33,1
1602153,33,5
2298323,33,3
1806916,33,5
720925,33,5
2012254,33,3
832702,33,4
2184030,33,5
862101,33,5
1253792,33,5
982709,33,4
1451879,33,4
930,33,5
587590,33,5
896863,33,4
593188,33,4
2047577,33,5
1351269,33,4
1843915,33,4
2344608,33,5
863255,33,5
622909,33,2
1901039,33,1
2348236,33,5
1965995,33,5
1596876,33,4
2346264,33,5
812673,33,5
2299158,33,5
1321009,33,5
1402431,33,4
612634,33,5
1210305,33,5
1971241,33,5
917187,33,5
232165,33,5
2234792,33,4
1750968,33,3
80135,33,5
1074312,33,4
2506001,33,4
1336817,33,4
2581218,33,5
1574650,33,5
232845,33,5
440225,33,5
2457967,33,5
1442327,33,5
995014,33,1
49795,33,5
2342446,33,5
1980970,33,5
1478419,33,4
2311867,33,4
2495157,33,1
514774,33,5
2623472,33,4
1307118,33,1
1755144,33,5
2247692,33,5
404778,33,3
286966,33,5
1089505,33,4
1231673,33,5
2395401,33,3
1045360,33,5
1562946,33,5
1127529,33,5
1557725,33,5
2406705,33,4
1960905,33,5
1719756,33,4
2193218,33,5
2460374,33,5
1435998,33,2
423909,33,4
210064,33,4
1644712,33,4
1194381,33,1
311371,33,5
876939,33,5
2611414,33,3
995960,33,4
776939,33,1
1377236,33,4
1150431,33,5
1311777,33,4
352167,33,5
272565,33,1
1318509,33,4
1571642,33,5
2151636,33,4
2186235,33,5
455662,33,5
78573,33,1
1590625,33,2
1768729,33,4
614930,33,5
2489377,33,1
2149233,33,5
1067446,33,3
2489039,33,3
723246,33,5
618851,33,3
102643,33,3
2171313,33,5
1845344,33,5
561909,33,5
785024,33,5
2365871,33,4
590035,33,3
2464274,33,3
1112327,33,3
436860,33,4
150147,33,4
1960275,33,5
921320,33,5
1847613,33,4
1245806,33,5
1446581,33,5
191869,33,3
2277565,33,5
101620,33,5
2050828,33,5
759470,33,3
2223918,33,1
372185,33,5
1120820,33,4
46865,33,4
803712,33,5
769335,33,5
1459734,33,5
611830,33,2
892965,33,5
1968866,33,5
2519902,33,5
193146,33,4
343928,33,5
56085,33,5
1515355,33,5
948469,33,2
1341153,33,5
466669,33,5
1428788,33,5
595984,33,4
896745,33,5
1036282,33,5
1073935,33,5
105825,33,5
634569,33,4
1769870,33,5
1871755,33,5
1042112,33,5
1350353,33,5
136477,33,4
2495088,33,5
362480,33,4
1730369,33,5
738364,33,4
1094132,33,4
329780,33,5
1391819,33,5
2368440,33,5
73389,33,5
1192319,33,3
2134334,33,5
2165019,33,5
2632967,33,5
1006350,33,5
1211228,33,5
319344,33,4
2018657,33,5
487027,33,5
2538153,33,5
2520741,33,5
856273,33,5
2636305,33,4
295181,33,5
257918,33,3
2354764,33,4
2156719,33,2
1257970,33,1
1298904,33,4
1923803,33,5
1228654,33,5
2416168,33,3
454905,33,3
1052957,33,1
514618,33,4
1067065,33,5
61027,33,5
1715184,33,4
1093107,33,4
2093105,33,1
1948729,33,5
1981653,33,5
1431542,33,5
1622217,33,4
408106,33,5
2583029,33,4
1689625,33,5
1837854,33,5
1823065,33,5
1394934,33,5
1253633,33,4
305792,33,5
580746,33,3
1553765,33,3
978570,33,5
388344,33,3
2342214,33,5
2362664,33,4
2554552,33,4
456917,33,5
2012639,33,5
991229,33,4
1103846,33,5
2502098,33,5
80871,33,4
1323740,33,5
1377168,33,5
1372607,33,5
239724,33,5
797854,33,5
1440285,33,5
2433978,33,4
122839,33,3
2176630,33,4
613121,33,3
516686,33,5
73740,33,4
1573062,33,1
476843,33,5
1771766,33,4
1721183,33,5
227763,33,4
1135457,33,4
659914,33,4
889642,33,5
1243693,33,4
2614568,33,4
2469479,33,5
1529807,33,3
429503,33,5
915959,33,1
296767,33,5
1364481,33,3
1368932,33,5
2544530,33,4
1921805,33,5
1130261,33,4
2613105,33,2
1149289,33,3
709905,33,4
1019582,33,5
2583,33,4
1190526,33,5
886158,33,5
2537976,33,3
1753758,33,5
408998,33,5
1810589,33,5
1229414,33,1
1181644,33,5
400879,33,5
2055649,33,5
1867820,33,5
1373360,33,3
1674931,33,4
1167767,33,5
2536943,33,3
1158284,33,1
1647121,33,5
57807,33,5
1121104,33,5
551312,33,5
1651171,33,4
696146,33,4
811530,33,5
2469576,33,3
2460347,33,1
1881727,33,5
2107407,33,4
2127215,33,4
1926837,33,3
518137,33,5
1135212,33,5
1877143,33,4
1611900,33,3
2150689,33,1
1879179,33,5
368977,33,1
1552015,33,5
1474453,33,5
260660,33,4
1089877,33,5
460131,33,5
488714,33,5
2333371,33,5
1376053,33,4
1319890,33,5
1862862,33,5
1215706,33,5
2276962,33,1
2532855,33,5
2368938,33,4
843611,33,4
1309223,33,4
712609,33,4
2042611,33,5
376153,33,4
39375,33,5
1851866,33,5
2333311,33,2
1775113,33,1
1854270,33,4
1604027,33,1
483416,33,5
2001199,33,5
2355654,33,5
2382265,33,1
944790,33,4
1368707,33,4
1431048,33,5
2204072,33,5
1499481,33,5
108161,33,3
655160,33,5
1339428,33,3
2274712,33,4
1787940,33,3
1813213,33,5
2109391,33,3
2404769,33,4
1704469,33,5
864634,33,5
2591292,33,5
1229874,33,4
2005761,33,5
682561,33,3
2005509,33,1
172542,33,5
765766,33,5
1244740,33,3
1511829,33,5
241267,33,5
413376,33,4
2563842,33,4
2360354,33,4
608745,33,5
2012881,33,5
349026,33,4
2324876,33,4
502429,33,5
1251742,33,5
1696233,33,5
2241291,33,5
1790576,33,4
524218,33,5
2081761,33,1
1868251,33,3
1571694,33,5
361702,33,5
664465,33,5
251857,33,2
2255601,33,5
749538,33,5
1692639,33,2
1949751,33,5
272712,33,5
2056061,33,5
2037238,33,5
5399,33,5
1354620,33,5
266185,33,4
211178,33,5
1959417,33,5
2540325,33,3
933998,33,5
2363094,33,5
458215,33,4
112974,33,5
2238060,33,5
1145766,33,2
2487856,33,5
2348549,33,4
1644176,33,1
760943,33,3
2356471,33,3
875209,33,3
1419549,33,5
1548770,33,5
1005941,33,5
835177,33,5
1778953,33,5
520615,33,4
937849,33,5
7134,33,5
663118,33,3
784210,33,4
316031,33,5
6457,33,1
2388410,33,1
1468789,33,3
1422678,33,5
2481529,33,5
587602,33,3
136508,33,5
1872934,33,2
1006164,33,5
782523,33,2
888769,33,4
770648,33,5
1661127,33,1
2358238,33,3
68056,33,5
2366277,33,5
960542,33,5
1113177,33,3
1643133,33,3
253326,33,5
752795,33,4
2636678,33,5
977551,33,5
2601245,33,5
1852040,33,1
2621191,33,1
1711424,33,5
1889081,33,5
1482363,33,2
549094,33,4
440111,33,5
1878780,33,5
431015,33,5
1456962,33,5
248976,33,5
861840,33,1
2075519,33,3
861227,33,4
268846,33,4
1102513,33,5
878821,33,5
930837,33,3
681208,33,5
1878798,33,1
1134153,33,1
2248902,33,5
1769993,33,3
1504146,33,5
2147005,33,5
2400655,33,4
1474667,33,4
2247659,33,3
1217374,33,5
785794,33,5
1193378,33,5
1958511,33,5
1228568,33,4
852961,33,5
119776,33,5
2541426,33,5
617786,33,2
440398,33,5
2183304,33,5
2110114,33,5
115613,33,5
1022601,33,4
1895429,33,5
1612901,33,1
959834,33,5
1491101,33,1
1008062,33,5
633444,33,5
1842290,33,5
919670,33,5
1211288,33,4
262264,33,4
1299631,33,5
1991224,33,5
323668,33,5
484113,33,5
1143203,33,5
610024,33,1
609334,33,4
158928,33,4
1418232,33,5
210595,33,4
1164487,33,5
2278944,33,5
1955757,33,4
791523,33,5
2553792,33,2
1796822,33,4
389739,33,5
412185,33,5
2206991,33,5
130024,33,1
2199786,33,4
962990,33,4
222164,33,5
83926,33,3
2439009,33,4
552686,33,3
1716976,33,5
326512,33,5
423982,33,5
1561038,33,4
1811676,33,5
1610456,33,5
1017787,33,5
334847,33,5
1153166,33,4
2129219,33,5
1983132,33,5
441248,33,3
2519665,33,4
598554,33,3
419033,33,5
452224,33,5
1753633,33,5
100291,33,3
1963842,33,5
1155826,33,5
345868,33,5
1436386,33,4
614669,33,4
2221806,33,3
662441,33,5
2113542,33,4
121124,33,5
2511771,33,3
1497331,33,5
2000273,33,5
567175,33,4
288694,33,5
1606812,33,5
2076144,33,5
87703,33,3
1225759,33,5
1267639,33,4
284518,33,4
526508,33,3
1510149,33,5
188630,33,5
1648054,33,5
696702,33,3
1539350,33,3
2251258,33,5
2379827,33,3
1152975,33,2
799584,33,4
1364204,33,5
2612306,33,5
983301,33,5
56108,33,4
315641,33,3
921963,33,4
1281150,33,5
1654617,33,5
2504092,33,4
676275,33,5
1891779,33,4
2092745,33,5
1317529,33,3
1946945,33,2
1886638,33,5
1240865,33,5
2000256,33,5
1507631,33,5
476267,33,5
2082363,33,5
2216675,33,4
2787,33,4
1015760,33,3
1142027,33,5
847611,33,5
1033732,33,3
1980583,33,2
2374754,33,4
2058705,33,4
913605,33,4
2079608,33,4
2559667,33,5
788892,33,4
2158922,33,4
1169809,33,5
825554,33,4
317335,33,3
2223419,33,4
2406002,33,1
1317548,33,4
1014983,33,4
1099002,33,4
1017190,33,5
643466,33,4
2499235,33,5
247774,33,5
2401632,33,5
451837,33,2
544623,33,5
2129407,33,3
958716,33,4
2046148,33,3
2139678,33,5
2590864,33,5
911514,33,4
144938,33,5
2124787,33,2
520080,33,5
211959,33,3
1892684,33,5
1107212,33,5
728941,33,4
2171005,33,3
1011593,33,5
1606473,33,1
1089983,33,4
2034240,33,5
329805,33,5
449310,33,5
1697854,33,5
2069625,33,1
1532926,33,5
854148,33,5
1632897,33,5
375440,33,5
1578952,33,5
2488350,33,4
1910482,33,5
1346698,33,5
2228437,33,5
292698,33,5
1625283,33,3
294040,33,1
2258380,33,5
73186,33,5
107876,33,5
126257,33,4
2488243,33,5
332539,33,3
723448,33,5
127171,33,5
1533807,33,4
1360936,33,4
513847,33,5
310787,33,4
2139093,33,5
1988192,33,1
1572369,33,4
224637,33,5
1766599,33,5
2340706,33,5
1742698,33,5
2243071,33,4
2472889,33,5
2604057,33,5
2465313,33,3
2012153,33,5
1561695,33,5
1790616,33,3
2548788,33,4
1963622,33,5
434864,33,4
1945813,33,5
469713,33,3
416536,33,4
324293,33,5
767461,33,5
440892,33,5
1356838,33,5
2224325,33,1
1891859,33,5
272840,33,5
673737,33,5
114130,33,5
750362,33,4
1277690,33,5
904939,33,4
2203675,33,4
2224513,33,5
2622596,33,5
2207031,33,3
358934,33,5
336967,33,3
214321,33,5
2529822,33,5
1081910,33,3
258289,33,2
78876,33,4
1377881,33,5
1777404,33,5
1396618,33,5
387679,33,5
2001019,33,4
352711,33,5
1557705,33,3
1499220,33,2
1713320,33,3
2369955,33,4
1558220,33,3
2322862,33,4
554063,33,5
1483740,33,3
141920,33,5
1122985,33,4
72398,33,5
1201077,33,4
540458,33,5
2618539,33,5
91765,33,5
1116187,33,5
721775,33,5
650152,33,5
2295122,33,4
1259109,33,5
671778,33,5
1857005,33,4
53406,33,4
1074766,33,5
522221,33,3
771209,33,4
2147298,33,4
640425,33,4
1211567,33,2
2358416,33,5
264597,33,4
230570,33,5
1727192,33,5
2644273,33,4
931057,33,4
2069419,33,5
2169776,33,3
2603890,33,5
1746949,33,4
2454346,33,5
2368043,33,5
1621025,33,5
654129,33,2
1888502,33,5
1038814,33,5
1979265,33,5
2170453,33,5
2238588,33,5
2072238,33,5
1383100,33,5
1416989,33,4
528772,33,5
206248,33,4
348521,33,5
745604,33,3
1563698,33,1
1502812,33,4
1986075,33,5
325903,33,5
1664944,33,5
1701898,33,3
1421405,33,3
1100008,33,5
2602429,33,4
18274,33,2
260437,33,5
2321238,33,5
1826825,33,3
2263378,33,4
1624257,33,5
1879067,33,5
1697818,33,5
1333111,33,5
1707349,33,2
138549,33,2
1171786,33,3
234574,33,5
2492695,33,1
1376659,33,5
1158151,33,5
1187767,33,5
1995059,33,5
1634235,33,5
1950229,33,5
1780067,33,5
650068,33,5
994384,33,4
256452,33,1
2006498,33,4
2634967,33,1
2504578,33,5
760774,33,5
903732,33,3
1787359,33,5
965381,33,1
770339,33,2
1567745,33,5
1278657,33,5
2611318,33,1
174899,33,4
1400108,33,3
2142405,33,5
2073629,33,4
2391189,33,5
2074375,33,5
740272,33,5
1261785,33,5
2004980,33,4
2265054,33,5
2212333,33,5
939582,33,3
2229696,33,4
1359873,33,5
498387,33,1
2474184,33,4
1282963,33,5
115097,33,3
1457244,33,5
1138578,33,4
1558651,33,4
776270,33,5
319526,33,5
1470700,33,5
1752624,33,5
2467070,33,5
1804819,33,5
1764604,33,5
347202,33,5
255278,33,2
694704,33,2
1422807,33,5
1023176,33,4
1677862,33,5
2636875,33,5
919231,33,4
1437431,33,5
2638384,33,5
1136551,33,5
2633092,33,3
2374424,33,5
1961675,33,5
1098840,33,5
881674,33,5
748200,33,3
2272471,33,4
626103,33,5
390402,33,5
1895553,33,5
1388873,33,5
2551846,33,2
2633357,33,2
2400258,33,3
502274,33,4
633738,33,1
702455,33,4
2015789,33,5
1510468,33,4
