2423875,55,2
306466,55,2
1481271,55,3
1331154,55,3
2480084,55,2
1945809,55,3
1468812,55,4
2445646,55,1
1172232,55,2
1174530,55,3
1091137,55,3
1907667,55,4
471426,55,1
1645486,55,3
14690,55,2
988670,55,2
2587619,55,5
1224458,55,4
838130,55,5
327122,55,2
1181115,55,3
1355247,55,4
409415,55,3
1755092,55,4
1996191,55,3
184311,55,2
76196,55,3
988026,55,3
2384779,55,2
1648646,55,3
1685449,55,3
827380,55,3
2127722,55,3
2648502,55,3
1755946,55,3
2441688,55,5
659348,55,3
936281,55,4
1238623,55,1
997772,55,3
2343417,55,5
1823237,55,4
2472537,55,4
2298339,55,2
2542255,55,3
361407,55,3
2030564,55,2
1276473,55,2
2551641,55,3
119287,55,3
936290,55,3
928691,55,3
1951144,55,1
1813429,55,3
2347522,55,4
1310250,55,3
2500070,55,3
2012897,55,2
1977959,55,2
21983,55,3
1584066,55,3
2628763,55,2
1832225,55,3
2159955,55,4
1027899,55,3
2285713,55,3
2235414,55,3
1116377,55,3
982888,55,2
638998,55,4
2063030,55,3
1333,55,2
1981741,55,2
287825,55,3
1852551,55,3
2031286,55,2
1016851,55,3
948848,55,3
201303,55,2
361552,55,3
1059927,55,5
683427,55,3
870391,55,2
1982465,55,3
467917,55,4
610888,55,4
221091,55,3
2577867,55,2
1459962,55,3
1567240,55,3
725734,55,5
166043,55,2
759213,55,3
2504752,55,3
2268573,55,2
1306925,55,3
262633,55,2
549534,55,1
221791,55,4
262411,55,3
507921,55,2
1081905,55,4
904391,55,3
850384,55,3
2600558,55,4
2090015,55,4
2359833,55,5
1224299,55,3
1213158,55,3
830363,55,3
107840,55,2
1371805,55,4
1749615,55,2
2593317,55,4
2294883,55,2
343283,55,2
2099914,55,4
2632654,55,3
442234,55,2
289162,55,3
1671703,55,4
954973,55,2
2048686,55,1
1029224,55,2
1068656,55,4
1903175,55,2
56578,55,4
945258,55,2
1765286,55,3
798852,55,3
128921,55,3
290916,55,1
916348,55,5
1658806,55,1
1305286,55,2
370228,55,2
566325,55,4
796398,55,4
89334,55,2
43530,55,2
848091,55,3
483077,55,3
112987,55,4
1257943,55,5
530670,55,3
1135038,55,1
620147,55,2
929308,55,3
240214,55,3
2366006,55,4
1154813,55,3
806204,55,5
2103167,55,3
842750,55,3
1397022,55,2
960023,55,4
1916224,55,2
816549,55,2
1357085,55,2
317779,55,1
2105661,55,5
2534574,55,4
2039201,55,3
2590110,55,3
545781,55,5
1232863,55,2
2102030,55,5
649969,55,5
2119007,55,3
339101,55,4
686510,55,3
2127006,55,5
1612558,55,4
1002367,55,2
354091,55,4
827322,55,1
380877,55,5
1388216,55,3
2575164,55,3
291248,55,3
2533723,55,4
642090,55,3
380192,55,3
285886,55,4
1964071,55,4
691688,55,4
1081442,55,5
1507288,55,2
298408,55,3
861599,55,2
380505,55,4
2041252,55,4
1904628,55,3
1822241,55,4
1509395,55,4
2069624,55,3
1845970,55,3
2318494,55,3
273945,55,3
1416836,55,5
352911,55,4
2364018,55,2
361832,55,5
2071995,55,3
819314,55,3
1033433,55,4
109898,55,3
77056,55,2
2168749,55,2
2495584,55,1
568832,55,2
1286550,55,1
1556632,55,3
923889,55,3
1814136,55,1
1896133,55,3
1346269,55,3
1824948,55,4
495837,55,5
1309838,55,5
39378,55,1
677008,55,4
2025577,55,3
1559022,55,3
1235769,55,2
2520513,55,4
882818,55,2
1898907,55,3
1570883,55,5
421344,55,3
1395012,55,3
1750785,55,3
1128664,55,3
739622,55,3
1532775,55,2
2197548,55,4
738726,55,2
717542,55,2
1413695,55,1
1044564,55,3
459615,55,2
280621,55,3
2532338,55,3
1532336,55,2
973219,55,2
1528662,55,5
510135,55,4
1778714,55,2
753663,55,5
560291,55,2
2344038,55,2
1657948,55,4
2172013,55,2
332105,55,5
1820960,55,3
435009,55,4
2427731,55,4
1822240,55,2
1566571,55,3
938210,55,4
147653,55,2
2604976,55,2
378857,55,2
1708281,55,2
208113,55,3
1640123,55,4
675306,55,3
2647197,55,3
1801709,55,4
2289273,55,3
2084742,55,5
26143,55,3
2581672,55,1
2350988,55,4
1927580,55,2
2589677,55,3
785499,55,3
2379160,55,3
1574264,55,4
2289197,55,4
710933,55,2
1137642,55,3
2225331,55,3
956229,55,2
292601,55,1
256562,55,3
2594925,55,3
2237950,55,3
394194,55,2
898601,55,3
1502195,55,3
956264,55,3
2526173,55,3
1315863,55,3
1672193,55,2
82610,55,3
317504,55,3
2108079,55,2
349572,55,3
1621374,55,3
1309839,55,3
1425875,55,3
1195863,55,3
1539697,55,3
2201286,55,3
1444489,55,3
1138203,55,3
1774825,55,1
187896,55,2
33430,55,3
2382389,55,3
134335,55,4
539286,55,5
1389136,55,2
884944,55,4
1997103,55,3
474700,55,2
1693122,55,2
235789,55,4
730725,55,4
1972971,55,1
1056435,55,3
1941376,55,4
2291614,55,3
1601656,55,2
411705,55,4
2013338,55,4
9964,55,4
286568,55,4
2174151,55,4
709755,55,1
491623,55,4
627975,55,5
807738,55,4
778615,55,1
1750544,55,2
781779,55,1
2587468,55,3
1955408,55,1
490432,55,3
199257,55,3
1399082,55,5
1568784,55,3
1613540,55,4
2038901,55,4
1259176,55,3
1955464,55,3
1531049,55,4
769047,55,1
1756289,55,1
2091144,55,3
2329026,55,3
179461,55,3
64741,55,3
835847,55,1
1630678,55,2
599145,55,3
1684231,55,3
858814,55,3
1314869,55,5
732462,55,4
1830,55,1
1387741,55,3
1309088,55,3
832959,55,1
1418569,55,4
1267783,55,3
1606739,55,3
313761,55,2
1944305,55,3
2220239,55,2
307301,55,2
2178360,55,2
700083,55,3
1111656,55,1
1813197,55,3
2496492,55,3
1719610,55,4
106981,55,1
687727,55,3
766982,55,3
2302374,55,2
875124,55,3
1212329,55,4
2429396,55,3
1449646,55,4
2440031,55,3
1924719,55,3
851848,55,2
2368458,55,4
1367376,55,3
454519,55,3
126230,55,4
738304,55,1
703996,55,1
1685089,55,3
564972,55,2
2237185,55,2
875720,55,2
2554157,55,3
1166912,55,3
1664282,55,3
610997,55,2
2089742,55,4
593440,55,4
1849541,55,3
1191031,55,1
2000669,55,2
684565,55,4
1746482,55,4
1525916,55,4
2173078,55,2
2305654,55,2
1344141,55,3
1696241,55,1
2101915,55,3
1409728,55,3
645245,55,3
84721,55,3
2452132,55,3
1462806,55,3
1304853,55,2
1605122,55,2
2540191,55,3
1139570,55,3
726823,55,1
1286787,55,2
822599,55,4
1180066,55,3
1094621,55,3
1167004,55,2
2391686,55,2
1612387,55,3
2245728,55,5
1549483,55,4
1912002,55,4
2630337,55,1
861340,55,4
2439493,55,1
1426373,55,3
2317031,55,4
2329261,55,3
1382766,55,2
2341581,55,2
2301473,55,2
2313781,55,2
479781,55,1
913809,55,3
688751,55,2
447282,55,3
857880,55,4
1422981,55,3
186179,55,1
298689,55,4
1083688,55,1
1637544,55,3
8121,55,1
2353831,55,5
97578,55,2
1731543,55,5
1607806,55,1
1034714,55,4
1956085,55,3
845921,55,5
420266,55,4
726543,55,3
1038336,55,2
1658397,55,4
1892170,55,4
2587206,55,3
1527713,55,3
2160361,55,5
1140275,55,3
1134379,55,3
147386,55,1
433513,55,5
2305067,55,3
2497467,55,5
472452,55,2
2383638,55,3
2538677,55,5
61176,55,4
1339784,55,1
1105158,55,3
2412596,55,3
1770782,55,3
78242,55,3
328674,55,3
1514999,55,5
771406,55,5
1545709,55,4
1542310,55,5
1046634,55,4
1207170,55,1
361375,55,1
2451772,55,3
1927420,55,4
1822751,55,2
293031,55,5
1865903,55,5
1608761,55,3
1574503,55,5
1668200,55,2
326006,55,2
2523609,55,5
1641213,55,3
1352800,55,4
2606078,55,4
1570077,55,4
1515283,55,4
777375,55,2
1669939,55,3
460092,55,3
1602278,55,5
146879,55,4
817339,55,2
1040414,55,4
1078620,55,2
754443,55,5
353808,55,3
638759,55,4
1257684,55,3
2111692,55,1
500428,55,3
2345098,55,4
1622272,55,3
1713166,55,4
1047368,55,3
471023,55,2
2296185,55,3
2281848,55,3
1678187,55,3
451806,55,3
562956,55,4
387959,55,1
1913414,55,3
1813272,55,2
1864600,55,3
2457592,55,3
656977,55,3
2133004,55,2
1792064,55,3
1728094,55,3
1459262,55,3
459130,55,3
2492756,55,2
542455,55,3
837170,55,3
1392053,55,2
494139,55,3
837636,55,3
925944,55,4
2155681,55,4
383959,55,5
2578541,55,3
74320,55,4
2043500,55,3
1303790,55,1
764785,55,4
1711106,55,2
1136807,55,2
1208622,55,5
790413,55,3
803468,55,3
1473980,55,3
2393574,55,5
302344,55,3
1819758,55,3
1262545,55,2
1454945,55,3
1607747,55,5
2603700,55,3
1351769,55,3
1595299,55,3
1081546,55,1
1449859,55,1
753231,55,4
1273193,55,4
1771252,55,2
929208,55,3
1636650,55,2
1807086,55,4
1247506,55,4
749827,55,5
1887657,55,3
1398225,55,5
2521619,55,4
606105,55,3
2333850,55,4
42487,55,4
1847693,55,1
2194558,55,3
1353286,55,3
325844,55,3
1305961,55,3
2203485,55,1
69065,55,5
1899234,55,3
152807,55,4
1110156,55,2
628905,55,1
1952829,55,3
461075,55,1
405285,55,3
1294045,55,3
1028463,55,5
1412189,55,2
515441,55,3
2211574,55,4
935732,55,3
2375482,55,3
1683746,55,3
483851,55,3
868881,55,5
425783,55,3
2534534,55,4
1192658,55,5
302164,55,4
1191985,55,2
2221386,55,4
1918066,55,2
689918,55,4
2589625,55,3
1850348,55,5
351213,55,3
1179658,55,1
909613,55,3
706832,55,4
167227,55,1
804027,55,3
2539735,55,3
132058,55,4
1573748,55,3
682169,55,3
664230,55,1
783755,55,1
1717675,55,3
958080,55,1
1449358,55,3
627923,55,2
743633,55,4
2021205,55,3
1443041,55,3
411493,55,3
672153,55,1
1092521,55,2
2551497,55,4
1084626,55,3
2255484,55,3
81922,55,4
2195071,55,3
2135424,55,3
420273,55,3
106118,55,4
1825986,55,3
268739,55,1
654703,55,3
1551591,55,2
2387409,55,3
542907,55,3
2579734,55,2
1880385,55,3
2012563,55,4
1477732,55,3
1556468,55,5
1172958,55,2
1295424,55,3
392919,55,3
197143,55,4
1903324,55,1
554438,55,2
1241060,55,3
1414980,55,3
597873,55,1
1137886,55,4
634388,55,4
1437617,55,3
1016183,55,5
885808,55,4
13227,55,1
2260472,55,4
818752,55,5
990358,55,3
2496831,55,3
178645,55,2
1681954,55,2
1125150,55,3
1273985,55,4
2576466,55,1
235562,55,3
2326664,55,3
1523788,55,3
332698,55,2
1986034,55,2
1141606,55,3
2645476,55,1
2415196,55,3
2024703,55,3
1597736,55,3
1316252,55,4
1014412,55,3
1267957,55,2
2296504,55,3
2475883,55,4
2021995,55,3
2412608,55,3
2626675,55,2
322139,55,3
1327759,55,5
984021,55,4
148371,55,2
2550530,55,1
1505821,55,3
1919269,55,3
155064,55,1
2457095,55,4
606809,55,2
277837,55,3
1091284,55,5
740562,55,4
2026477,55,3
2065585,55,1
1120721,55,2
2634682,55,2
1547886,55,2
113283,55,1
836435,55,2
340541,55,4
2274852,55,4
2300816,55,1
1275535,55,2
2374631,55,5
549672,55,3
1757328,55,2
394895,55,3
925486,55,2
2325330,55,1
982196,55,3
541376,55,3
595778,55,2
210117,55,3
2444449,55,1
1769920,55,4
1236351,55,4
1784800,55,4
1059972,55,1
258094,55,4
2258288,55,2
1355647,55,4
2277016,55,4
712188,55,4
758380,55,2
1141105,55,5
1868998,55,3
1175796,55,4
1532399,55,4
833276,55,3
2220591,55,5
876961,55,5
1717108,55,4
2516562,55,3
611440,55,2
1536111,55,3
1018210,55,4
1376923,55,2
1094761,55,5
107776,55,2
134046,55,4
2565757,55,4
2143177,55,3
1036350,55,4
69801,55,4
1576491,55,4
865622,55,2
735560,55,4
2190310,55,1
181592,55,4
2051278,55,3
2551589,55,3
854318,55,3
2046187,55,2
1701632,55,3
760481,55,2
970364,55,5
889036,55,2
1646878,55,2
828654,55,4
2365187,55,4
330802,55,3
2092609,55,3
2580611,55,2
1763759,55,2
1771365,55,5
1207791,55,4
2090471,55,3
2210360,55,2
539868,55,3
236160,55,2
2112141,55,3
113062,55,3
1287892,55,3
1418739,55,3
1786637,55,3
2338157,55,2
513085,55,4
456367,55,3
1478444,55,2
2137371,55,3
203738,55,1
1437166,55,4
1728329,55,2
1666128,55,3
863227,55,3
494200,55,5
1059101,55,4
1434018,55,4
2372985,55,3
1513817,55,4
1767265,55,1
183521,55,4
562156,55,3
2490710,55,3
998502,55,2
137987,55,3
1282169,55,3
1255812,55,2
1021633,55,2
2349090,55,3
2636711,55,3
2055448,55,3
913805,55,3
1047039,55,4
1490629,55,3
184705,55,4
1638735,55,3
383451,55,3
1950263,55,4
1123175,55,2
2039644,55,3
297624,55,4
1954578,55,4
2591704,55,3
340859,55,4
351813,55,4
1146632,55,3
2177221,55,2
1172980,55,4
507603,55,1
71393,55,2
2147714,55,3
2645828,55,3
2085211,55,4
401887,55,4
1306304,55,1
638857,55,3
47075,55,4
2025883,55,2
113369,55,5
1994646,55,3
1839424,55,3
1912718,55,4
366785,55,2
769330,55,3
1068988,55,5
521574,55,3
2631821,55,2
623709,55,3
1538393,55,4
341649,55,2
2202057,55,3
2040853,55,4
2182722,55,1
634927,55,4
877585,55,2
2101646,55,4
2637755,55,2
2537543,55,4
1829594,55,4
570650,55,2
1442099,55,5
480042,55,3
367950,55,4
1930606,55,3
1835380,55,3
2621201,55,3
1640334,55,3
2335640,55,2
2518947,55,1
978593,55,4
61779,55,4
1312501,55,3
2047178,55,3
1525586,55,3
860520,55,4
118341,55,3
626531,55,3
1461925,55,5
230966,55,4
2252455,55,2
1817906,55,3
1256752,55,5
2319282,55,3
414536,55,1
477101,55,3
679957,55,4
1262403,55,2
1301004,55,5
2584980,55,4
1817599,55,4
2082635,55,3
581952,55,3
1647674,55,1
1178284,55,3
2260832,55,1
2279366,55,3
322009,55,3
2085599,55,3
318962,55,3
17916,55,3
290391,55,5
1250989,55,4
598757,55,4
843399,55,4
2284354,55,5
315751,55,3
1495111,55,2
1965658,55,4
1744180,55,4
613651,55,2
2432917,55,4
424620,55,3
957716,55,2
1861182,55,3
1890819,55,3
2438804,55,2
2626507,55,2
1397843,55,5
849058,55,4
1849043,55,3
538668,55,2
1204685,55,1
1429631,55,4
1470123,55,2
1260854,55,3
731592,55,3
593749,55,3
862644,55,3
2357567,55,3
20634,55,2
936891,55,4
395958,55,4
92394,55,2
2417531,55,1
2539243,55,3
1804940,55,2
1102418,55,4
2299517,55,3
2240770,55,3
422485,55,2
960983,55,4
2101288,55,1
840737,55,3
1042938,55,3
331248,55,2
419691,55,3
119283,55,3
1667739,55,4
749121,55,4
773040,55,2
826567,55,2
92786,55,3
2406147,55,4
470955,55,4
1533545,55,2
1252184,55,4
732775,55,1
768176,55,5
17656,55,2
803705,55,4
2126544,55,3
2111757,55,4
813521,55,4
1527676,55,1
1802288,55,1
1220185,55,4
203206,55,4
726079,55,3
948341,55,2
391661,55,2
2372456,55,3
1421913,55,1
118746,55,4
388643,55,3
1723385,55,4
487866,55,3
2097275,55,3
1664010,55,5
753091,55,2
1902838,55,1
8886,55,4
991649,55,4
338998,55,4
1230852,55,4
1602717,55,2
170487,55,3
2312803,55,4
1617721,55,4
1506841,55,4
1203925,55,1
1973114,55,2
1416204,55,5
297896,55,2
737081,55,5
914602,55,5
1959929,55,2
1000406,55,2
1393159,55,3
49890,55,5
2549264,55,4
1507758,55,3
1573988,55,4
1694402,55,2
369646,55,4
1921845,55,1
2374782,55,3
554225,55,1
214899,55,2
2289798,55,5
961601,55,4
790459,55,1
2488616,55,5
732085,55,3
1588471,55,4
2030442,55,3
1757577,55,3
2021629,55,4
2557296,55,4
237672,55,5
1104144,55,1
2271535,55,4
2202032,55,3
2247813,55,3
2161277,55,3
2404142,55,3
1207990,55,2
2482227,55,4
2267077,55,2
713797,55,3
2419112,55,3
806605,55,4
1999791,55,3
32885,55,2
630024,55,5
406365,55,3
95100,55,3
2199645,55,2
1872933,55,1
2324813,55,4
2155331,55,3
1415719,55,3
2570937,55,4
2444202,55,4
1574582,55,3
730027,55,3
2066932,55,5
2047013,55,1
708307,55,1
2078202,55,2
101807,55,5
2133198,55,4
1539551,55,3
2420828,55,4
723219,55,1
1809528,55,4
2087310,55,2
962631,55,3
2620858,55,3
2006505,55,3
1730699,55,2
2568268,55,3
924488,55,3
2343385,55,3
667126,55,3
414344,55,4
1847629,55,1
1994672,55,2
2210857,55,1
778780,55,2
14164,55,5
876510,55,3
738885,55,1
133690,55,3
1510806,55,1
452860,55,4
78885,55,2
1914711,55,2
1442154,55,3
1968862,55,5
1693814,55,1
1490642,55,2
1794068,55,5
975592,55,4
1077173,55,4
1932189,55,5
1677588,55,3
1872591,55,2
1767795,55,5
2637886,55,2
2189452,55,2
2256731,55,4
1351064,55,3
110938,55,3
2466358,55,4
1138511,55,5
2489526,55,3
1850992,55,3
1784723,55,2
953479,55,2
2064984,55,3
2648885,55,4
1347528,55,4
2442177,55,4
1487885,55,4
1257537,55,2
2559608,55,2
2050441,55,4
1026933,55,3
1148389,55,2
477168,55,4
2197278,55,4
607775,55,2
1854658,55,3
1006406,55,2
1358164,55,3
150732,55,2
452001,55,3
2012675,55,3
1156518,55,3
952289,55,5
1797525,55,3
1962176,55,3
2493614,55,2
2536547,55,1
1838160,55,1
67900,55,4
1954817,55,5
2332341,55,5
2059741,55,4
1490148,55,5
243612,55,3
1439558,55,3
75976,55,2
2472076,55,2
16592,55,2
1943866,55,3
163127,55,3
1820824,55,1
1972488,55,2
2341658,55,3
751091,55,3
1897386,55,3
212794,55,1
1298511,55,3
147078,55,2
1762768,55,4
1181943,55,2
289419,55,2
1190391,55,3
1213511,55,3
177313,55,3
980993,55,3
1076140,55,3
472180,55,2
2459229,55,3
2509976,55,3
2186505,55,3
1454488,55,1
491115,55,3
2198149,55,5
940516,55,3
2567827,55,4
1682180,55,3
1055073,55,5
2454811,55,2
2438141,55,2
50214,55,4
1029449,55,5
1744075,55,3
1086481,55,2
1250005,55,2
224795,55,3
786420,55,5
2494928,55,4
2127523,55,5
193303,55,2
795260,55,5
425978,55,3
111832,55,3
1890844,55,4
2519570,55,4
1704223,55,2
704058,55,2
2576890,55,4
1095761,55,4
417323,55,4
505184,55,5
2440601,55,1
1258085,55,1
1961586,55,2
1373956,55,3
2019240,55,3
526361,55,5
2152609,55,5
1553270,55,3
1016141,55,5
71594,55,2
2290732,55,3
402413,55,3
142492,55,4
2525542,55,5
2063585,55,2
2348786,55,2
2095101,55,3
1002943,55,4
1532306,55,3
2009821,55,3
935010,55,3
360579,55,2
1581139,55,2
1669301,55,2
2441488,55,4
756493,55,5
166041,55,3
728891,55,3
2372141,55,3
349331,55,1
1521960,55,2
672421,55,3
2378393,55,3
1004656,55,4
2239899,55,4
1618848,55,4
2227880,55,2
2539578,55,4
722591,55,4
357192,55,3
2622843,55,3
2211375,55,3
1169138,55,3
1523169,55,2
348244,55,4
1720861,55,3
3321,55,3
52263,55,3
1750812,55,1
1997332,55,4
567875,55,1
608234,55,2
1992974,55,1
1723352,55,3
2016091,55,3
494486,55,4
609264,55,2
316591,55,2
2225743,55,3
50653,55,3
673040,55,3
2533480,55,4
1772901,55,3
1960922,55,4
1743381,55,3
391012,55,4
1069602,55,2
2487515,55,2
2406094,55,1
1972056,55,2
1765294,55,5
242352,55,2
1437853,55,3
669659,55,3
1199475,55,1
1324068,55,4
786717,55,5
1420596,55,1
678224,55,4
2531379,55,4
1630194,55,3
1955169,55,3
2629765,55,2
1671947,55,4
962188,55,3
788358,55,1
1048629,55,3
804931,55,2
666611,55,3
1424177,55,2
1443181,55,4
505535,55,3
1269998,55,1
596217,55,4
2472289,55,3
1982129,55,3
1080831,55,3
737977,55,3
1218368,55,2
1003041,55,3
2082323,55,3
2223968,55,4
1165117,55,3
1823243,55,4
2461433,55,1
483288,55,4
529889,55,2
1693441,55,4
2116230,55,4
2398821,55,1
700049,55,3
9338,55,1
491531,55,2
169281,55,2
290614,55,3
651541,55,3
1638308,55,4
701176,55,4
2210867,55,2
760129,55,4
1497422,55,2
713096,55,5
1133611,55,4
2283770,55,4
1204018,55,3
234230,55,4
2204444,55,1
1340377,55,2
1902609,55,3
612760,55,3
1491684,55,1
811104,55,4
835238,55,1
1039833,55,1
2156165,55,4
752853,55,3
1195392,55,2
1348456,55,2
2180255,55,3
2356682,55,2
2238629,55,2
2352635,55,3
982059,55,5
2096810,55,4
544180,55,4
752702,55,3
737795,55,3
386947,55,3
1437183,55,3
1374197,55,3
383404,55,1
564225,55,4
480305,55,3
618551,55,4
2397369,55,3
2297770,55,4
386354,55,3
1288336,55,3
1559083,55,3
76570,55,5
1425258,55,2
1865249,55,2
1984749,55,4
972435,55,3
205302,55,2
2606799,55,3
2524292,55,4
2552866,55,3
1629301,55,1
1474242,55,4
1084108,55,2
1910058,55,5
408457,55,3
8200,55,3
75761,55,4
298623,55,1
1797614,55,4
1065302,55,2
240813,55,5
1581343,55,2
593765,55,3
1628190,55,2
277099,55,3
2512235,55,2
860647,55,3
715339,55,3
2581379,55,3
2114796,55,4
1969694,55,4
1679950,55,3
1769206,55,5
1548191,55,1
555201,55,3
851330,55,4
1398397,55,4
381625,55,4
18279,55,4
2527066,55,5
1833705,55,2
449597,55,4
1519667,55,5
647979,55,2
1483333,55,5
897732,55,3
1041638,55,2
1642552,55,5
1996154,55,4
1435346,55,3
1381007,55,4
1523919,55,4
1925392,55,3
1596428,55,1
722367,55,2
431326,55,3
957063,55,3
1198828,55,2
1300036,55,1
1349711,55,3
2292354,55,2
389961,55,4
2562888,55,3
735475,55,3
2213452,55,3
492058,55,1
844999,55,1
360005,55,2
2125582,55,4
197793,55,1
1725453,55,3
299370,55,2
789014,55,3
2295594,55,3
1470972,55,2
798296,55,1
1246893,55,3
2430041,55,1
1397553,55,1
764583,55,2
1480841,55,4
1107106,55,2
951063,55,2
925688,55,3
699593,55,4
257519,55,3
676135,55,3
1686136,55,1
517619,55,2
1665528,55,1
423952,55,3
16272,55,3
1961537,55,5
2021943,55,4
1719554,55,4
1209911,55,3
1321145,55,2
1370564,55,3
1821855,55,4
470369,55,5
607188,55,1
2180525,55,3
742791,55,5
1335771,55,4
1986583,55,2
1465346,55,4
928740,55,4
2097445,55,3
474149,55,2
2466682,55,3
219033,55,3
412439,55,2
431116,55,3
923149,55,4
11325,55,1
958604,55,2
128122,55,4
1184071,55,3
2265476,55,2
1351421,55,4
1115472,55,4
1097099,55,3
2205104,55,3
1494683,55,2
319058,55,2
2049584,55,5
1970437,55,4
1120573,55,1
371349,55,2
1397857,55,2
212846,55,3
2577678,55,2
1587792,55,3
11043,55,5
1512417,55,3
1611417,55,3
890573,55,3
1821155,55,2
1776168,55,3
2574990,55,3
198251,55,3
1978238,55,1
586704,55,5
578869,55,3
1030342,55,2
652618,55,2
831790,55,2
1627955,55,1
1381392,55,2
1847492,55,3
467182,55,3
807988,55,2
2405078,55,4
90900,55,3
2374340,55,5
1294671,55,2
831697,55,2
1640271,55,3
2076250,55,3
1294471,55,3
685687,55,2
2551783,55,2
939264,55,2
1299727,55,4
645373,55,2
1729739,55,3
563339,55,2
683973,55,3
611789,55,4
134,55,5
486529,55,4
526174,55,3
1677670,55,2
1181558,55,3
898713,55,3
305344,55,3
637502,55,5
958634,55,2
2538506,55,2
1351594,55,3
1983567,55,2
1669116,55,1
524528,55,3
1662652,55,4
1471774,55,2
765648,55,4
1834021,55,2
2360906,55,1
210185,55,3
1496413,55,4
2155881,55,3
590675,55,3
2144655,55,5
542729,55,2
892188,55,3
1388677,55,2
923103,55,3
1839500,55,2
1968609,55,3
844028,55,5
2195565,55,5
17845,55,3
27349,55,4
2546946,55,3
777149,55,2
414449,55,3
1758525,55,2
1852581,55,3
1502648,55,3
1940764,55,4
1226957,55,3
111086,55,2
1710658,55,3
198655,55,3
759289,55,1
617390,55,4
623815,55,2
1288391,55,5
1205174,55,3
1653320,55,3
55339,55,5
1435148,55,1
53694,55,4
170551,55,4
2213353,55,2
877060,55,3
1114884,55,2
2620277,55,2
962151,55,2
1979497,55,2
74441,55,1
2204671,55,3
1641798,55,4
520996,55,2
1827071,55,3
1001778,55,4
685480,55,4
1596469,55,3
2529127,55,4
139358,55,3
1595895,55,2
511847,55,2
866834,55,4
678911,55,3
2059696,55,2
1538355,55,3
2030141,55,4
2340119,55,3
17227,55,1
2310753,55,3
2450942,55,3
981199,55,3
161013,55,1
2600927,55,4
1658662,55,4
2109649,55,3
1430656,55,2
2089924,55,4
2118659,55,3
2095929,55,3
328642,55,4
272299,55,3
2257323,55,2
912999,55,2
306569,55,2
1648074,55,3
2140442,55,3
2037326,55,3
1340872,55,3
1744381,55,1
1363298,55,4
330221,55,4
1086688,55,3
2150746,55,4
661088,55,4
1247452,55,4
2290997,55,1
1939988,55,3
658792,55,3
10268,55,3
2575399,55,4
1145648,55,5
2420298,55,3
1568024,55,3
2592627,55,5
655601,55,4
794215,55,3
1480781,55,3
1838526,55,3
2627567,55,3
2280954,55,4
495581,55,1
465566,55,4
1166271,55,3
1529449,55,1
2124788,55,1
1292631,55,2
2085397,55,3
170362,55,2
2159290,55,3
1043852,55,3
587206,55,3
786659,55,4
1851166,55,3
898629,55,2
1382872,55,2
2581488,55,1
1689778,55,3
1597178,55,4
2315012,55,1
2167896,55,3
1902604,55,4
390912,55,5
311548,55,3
314374,55,3
1975486,55,3
612505,55,4
902050,55,4
1956470,55,3
367706,55,3
372273,55,4
2074612,55,5
1091336,55,3
1979820,55,2
1178104,55,4
400588,55,5
308294,55,4
1777847,55,3
519957,55,3
260273,55,1
2417320,55,3
263571,55,4
1887749,55,2
1372201,55,2
1601247,55,2
243052,55,2
2461055,55,5
108936,55,4
2534058,55,3
1484157,55,1
411512,55,3
2003693,55,3
1558683,55,4
1452669,55,4
509703,55,3
2387734,55,4
2068346,55,3
1549264,55,4
588623,55,3
1192958,55,3
383442,55,5
193255,55,3
2260008,55,3
551539,55,4
608501,55,4
1904505,55,4
2091589,55,2
713108,55,3
854575,55,2
1045879,55,3
1503951,55,3
780850,55,3
2234653,55,5
1104959,55,2
1266589,55,5
376421,55,4
644818,55,4
471880,55,1
2392051,55,2
2126215,55,4
933837,55,2
264789,55,5
976534,55,3
777762,55,4
1650115,55,2
244383,55,3
2250261,55,3
1801776,55,4
1934002,55,3
626377,55,1
1089692,55,3
423527,55,2
2598647,55,3
638657,55,2
137602,55,2
234252,55,2
1263695,55,4
2426425,55,2
825002,55,5
2017088,55,3
1493276,55,3
490057,55,3
1275094,55,3
1202962,55,1
1573102,55,4
752642,55,2
597715,55,1
1772964,55,5
1388085,55,5
1570999,55,5
2304943,55,3
1776980,55,5
2576736,55,3
533344,55,4
1389855,55,4
1652767,55,5
343155,55,3
25375,55,4
926054,55,3
1829484,55,2
2131287,55,5
1406319,55,5
1555531,55,2
1092898,55,5
889584,55,1
1469488,55,4
1622827,55,3
210220,55,3
1437585,55,3
59539,55,1
1944937,55,2
2280030,55,3
1908103,55,2
40045,55,4
1976216,55,2
2519865,55,5
2485642,55,3
2141089,55,3
889674,55,5
1688176,55,4
1259643,55,3
1806833,55,5
962848,55,3
1775437,55,5
826696,55,2
1244123,55,4
1310176,55,3
2068936,55,3
930669,55,5
1184127,55,3
11731,55,2
1823875,55,3
190542,55,1
17864,55,1
564087,55,4
2444052,55,3
1836907,55,3
1308745,55,3
335322,55,4
1115666,55,3
1559797,55,2
782551,55,2
1943479,55,4
2608886,55,2
121182,55,4
504051,55,3
1569593,55,1
2481827,55,3
1686713,55,2
2056022,55,3
2284552,55,3
254990,55,5
2535512,55,3
2112361,55,5
409048,55,4
1498236,55,2
1987585,55,3
794765,55,3
1299497,55,5
682448,55,3
444801,55,2
1955076,55,2
1191408,55,1
2000237,55,4
823520,55,4
1444777,55,5
1287490,55,5
1576601,55,3
731761,55,5
2524669,55,2
838950,55,5
1675643,55,2
307427,55,2
2580353,55,4
896279,55,3
2349595,55,5
1728935,55,5
2625371,55,3
1759007,55,4
712405,55,2
430011,55,3
578191,55,2
1034831,55,4
1363646,55,5
1695976,55,3
1002453,55,5
692048,55,3
480115,55,4
1972705,55,3
1528263,55,4
155140,55,4
717137,55,3
2576553,55,3
2114,55,3
1474480,55,2
430648,55,3
295977,55,4
266714,55,3
269474,55,2
144526,55,4
54942,55,5
1899399,55,3
1412559,55,2
2593478,55,4
2176465,55,3
1113515,55,3
1084923,55,3
1625122,55,3
268719,55,4
943256,55,2
940066,55,2
1501869,55,4
411290,55,1
2465700,55,2
1783938,55,5
400086,55,4
13586,55,1
1449103,55,3
896339,55,4
879303,55,2
1424753,55,5
2300853,55,5
1838602,55,4
2249811,55,4
2190625,55,4
381512,55,1
433713,55,3
1173657,55,1
2276659,55,2
2115977,55,1
2415382,55,3
231745,55,4
2460335,55,3
326099,55,3
702403,55,4
2470313,55,3
471303,55,5
1470272,55,4
1484853,55,4
844651,55,1
1684601,55,3
2152465,55,3
2576196,55,4
301726,55,2
2585154,55,4
2093894,55,5
622453,55,1
2094579,55,3
2502499,55,3
2109211,55,3
1076511,55,3
69528,55,4
2059635,55,3
1190829,55,3
746375,55,5
1810656,55,4
520704,55,3
1194884,55,3
2057529,55,3
385781,55,2
850331,55,5
836050,55,2
1813849,55,3
164114,55,3
1621615,55,3
1050684,55,4
2024111,55,2
2562177,55,4
975536,55,4
2499642,55,2
1478900,55,3
288282,55,4
2450375,55,4
2468637,55,5
1806515,55,1
45243,55,2
2118461,55,5
2039301,55,3
2322250,55,2
1072585,55,4
1417539,55,3
2067462,55,2
895122,55,3
512740,55,3
1628484,55,3
2150659,55,3
1302968,55,3
439783,55,1
1869882,55,3
1125516,55,3
1925957,55,2
1285159,55,3
2160024,55,2
268978,55,2
673187,55,5
2061495,55,3
83992,55,3
2408416,55,3
2228660,55,3
2362277,55,3
761524,55,4
923069,55,1
2254751,55,1
387418,55,2
1580437,55,3
528506,55,3
1657301,55,5
1428225,55,3
2056657,55,5
1874141,55,4
700019,55,3
2508312,55,4
354439,55,2
1436486,55,3
1247574,55,1
200427,55,4
868990,55,4
1310425,55,2
2297698,55,3
1656172,55,4
2325440,55,3
2143581,55,3
791775,55,4
429260,55,2
851463,55,3
878576,55,3
1241676,55,2
1043135,55,3
1005962,55,4
1334853,55,3
439792,55,3
888659,55,3
499369,55,3
77193,55,5
917857,55,4
2196083,55,2
906701,55,2
2487127,55,1
1580510,55,3
118416,55,3
2095910,55,2
780703,55,3
525654,55,4
1867671,55,3
1469603,55,3
1353863,55,3
1172177,55,3
225258,55,5
1486911,55,3
318572,55,2
2648298,55,3
340479,55,1
571983,55,4
1150705,55,4
1007115,55,4
311070,55,3
16273,55,3
636724,55,4
130650,55,3
1718096,55,2
261083,55,3
962837,55,3
1529473,55,3
612641,55,4
1472073,55,3
958687,55,3
1993568,55,4
134182,55,3
1946157,55,1
1061195,55,1
439078,55,4
738299,55,2
1645904,55,4
271971,55,3
2296816,55,1
565986,55,4
2304852,55,2
1015702,55,3
564551,55,5
1317124,55,5
924656,55,4
1389799,55,3
2042756,55,3
2520506,55,4
1553545,55,1
1884816,55,2
36217,55,2
348319,55,3
1616768,55,4
1398256,55,3
118464,55,2
218199,55,2
1592222,55,3
335635,55,3
2202938,55,4
1557598,55,3
1168926,55,4
2233292,55,4
693022,55,3
1442150,55,3
116140,55,3
2350588,55,3
815165,55,5
1257336,55,3
412460,55,4
2243435,55,3
1146038,55,2
364238,55,3
1461435,55,2
1267805,55,3
1304511,55,5
1351373,55,3
2308600,55,3
942523,55,5
2328701,55,4
169251,55,3
584100,55,3
241068,55,2
2493406,55,1
2438449,55,4
200779,55,5
124504,55,3
947104,55,1
2273865,55,2
575714,55,2
610471,55,3
2124351,55,4
182203,55,5
1867238,55,3
1300582,55,3
1602153,55,2
1119466,55,4
151975,55,3
1276711,55,4
1480571,55,3
1785209,55,4
1713268,55,4
1342551,55,4
510103,55,2
514774,55,3
956739,55,2
2427329,55,3
323755,55,4
2186231,55,2
1388035,55,3
751834,55,3
1893120,55,3
2225732,55,3
1037245,55,4
2105516,55,3
699937,55,3
948801,55,4
1925397,55,2
602642,55,5
264305,55,1
2157180,55,2
2448925,55,4
1167040,55,3
2398794,55,3
480499,55,1
445900,55,5
340788,55,3
776939,55,3
1942172,55,4
2416745,55,5
1679321,55,2
1670331,55,3
95961,55,3
1143603,55,5
228978,55,4
931232,55,1
191869,55,2
2590679,55,2
1352912,55,4
2394623,55,2
2330786,55,3
2207806,55,4
557151,55,3
749655,55,4
254097,55,4
1600960,55,2
67134,55,4
1639792,55,1
1233297,55,1
101554,55,2
1788009,55,4
1466323,55,4
1432681,55,3
1753284,55,1
170248,55,5
2098136,55,4
2463846,55,2
2156630,55,4
2524603,55,1
147379,55,1
2084966,55,1
1352530,55,3
1306399,55,2
57633,55,2
1265131,55,3
1910747,55,3
2168319,55,2
943950,55,4
313831,55,3
490031,55,3
2268620,55,2
2433978,55,2
1507727,55,3
2577882,55,3
1536580,55,4
1083531,55,2
2385226,55,3
635708,55,4
570410,55,4
1262684,55,4
2143500,55,3
1404078,55,4
871437,55,4
423361,55,2
1591210,55,3
1270056,55,3
411053,55,3
157357,55,4
78404,55,2
1290593,55,5
2081789,55,4
1920597,55,3
2000906,55,3
1877143,55,2
2386274,55,5
1033930,55,3
2526414,55,3
783296,55,4
1865100,55,3
1601117,55,5
490043,55,1
828532,55,2
2110645,55,1
591207,55,2
1475516,55,3
206222,55,4
931166,55,3
2378918,55,3
2136526,55,3
266289,55,4
871833,55,5
1813607,55,4
2385802,55,3
1644900,55,3
1175391,55,4
376047,55,4
240748,55,3
1504594,55,2
487996,55,3
143938,55,3
450423,55,2
166881,55,3
923631,55,2
2302245,55,4
1697028,55,2
1272225,55,4
623238,55,2
1726223,55,2
2267104,55,1
1629289,55,3
2222077,55,5
1997020,55,3
2433063,55,2
1470255,55,3
1469128,55,2
400076,55,3
2630854,55,3
1952137,55,2
152858,55,3
1838390,55,1
683254,55,3
1501227,55,4
1326993,55,2
2377249,55,2
388207,55,5
20774,55,4
1872934,55,1
964929,55,2
537270,55,2
1878798,55,1
996461,55,3
2093736,55,2
2369939,55,4
1769904,55,5
1480807,55,4
2534532,55,3
2049734,55,5
546802,55,3
2448875,55,3
89247,55,1
104724,55,2
563486,55,3
775895,55,2
1260533,55,4
19991,55,4
2556310,55,5
1987400,55,3
92892,55,4
2051150,55,5
1588715,55,5
1039555,55,3
2175095,55,4
2127829,55,4
778849,55,2
2399025,55,4
1762536,55,3
2419624,55,4
476512,55,3
620072,55,3
1522321,55,3
482575,55,4
499837,55,2
394001,55,4
196239,55,4
1296862,55,3
2531322,55,5
1644346,55,4
2050601,55,2
2390291,55,3
2506660,55,2
1357209,55,4
1608305,55,4
240476,55,4
2570804,55,5
158969,55,1
1133557,55,3
1580917,55,2
659305,55,5
1441849,55,3
2429294,55,4
2013153,55,5
2452544,55,3
969948,55,3
670196,55,2
2359237,55,3
1979830,55,4
1176779,55,5
1076696,55,1
1988192,55,2
2457403,55,4
796447,55,1
650771,55,2
753596,55,1
903167,55,1
723448,55,2
1627288,55,4
101842,55,3
805343,55,3
5046,55,4
578076,55,4
585272,55,2
2513157,55,3
472021,55,3
188613,55,4
1404811,55,3
1604329,55,3
965730,55,4
21823,55,2
2076631,55,3
1183527,55,4
912036,55,5
999504,55,3
1686270,55,4
1181056,55,2
699044,55,3
1827080,55,2
2226046,55,1
1360131,55,2
1405040,55,2
2461535,55,3
1927369,55,4
2521955,55,5
2208994,55,2
927240,55,2
1525014,55,2
1291562,55,4
262134,55,5
509065,55,5
1346623,55,1
1866164,55,4
309424,55,4
2169713,55,2
1563698,55,1
993423,55,4
1007621,55,5
710474,55,3
1222252,55,3
1990167,55,3
1157578,55,5
2162625,55,5
1647147,55,3
408189,55,5
668977,55,3
2167041,55,4
1592126,55,4
563585,55,3
2099774,55,3
1340530,55,2
123402,55,3
440996,55,2
2111672,55,4
1300759,55,3
2646118,55,4
1458854,55,4
1992341,55,1
2581367,55,4
311124,55,3
115097,55,4
1821996,55,3
2573509,55,3
2341389,55,3
1502727,55,3
2195240,55,3
1561134,55,3
1406495,55,3
1245418,55,3
1385356,55,3
1249773,55,3
744129,55,2
2012439,55,4
2289375,55,3
2047285,55,1
352258,55,3
117728,55,5
1326640,55,3
502274,55,3
1104589,55,1
