1402412,52,4
1712147,52,4
899232,52,4
1395430,52,3
1182086,52,4
2330282,52,2
727449,52,4
306466,52,4
1283048,52,3
1995985,52,5
1076258,52,3
616720,52,4
1765381,52,5
12379,52,4
659836,52,3
923325,52,4
1828719,52,3
2309436,52,4
357521,52,4
480412,52,3
1492345,52,3
1409776,52,3
2581970,52,3
629469,52,5
1768932,52,3
771345,52,4
2387130,52,3
573364,52,3
187961,52,3
1561068,52,4
341804,52,3
617861,52,5
784028,52,5
1961542,52,4
1644204,52,5
1684516,52,5
1954769,52,3
2568270,52,4
1315483,52,5
215739,52,3
1502634,52,5
1332711,52,5
1174811,52,4
183702,52,4
1657077,52,5
2183220,52,5
1783996,52,3
1409354,52,4
1678346,52,5
699406,52,3
354149,52,5
574843,52,4
1324577,52,4
1093403,52,2
1119513,52,3
1705272,52,3
476805,52,4
1037506,52,3
567279,52,5
1049236,52,4
353906,52,2
96262,52,1
1458948,52,3
652121,52,3
190795,52,3
1774684,52,4
603277,52,3
2636538,52,2
2100975,52,5
2280737,52,2
463924,52,4
2472537,52,4
1896649,52,4
2205987,52,5
495312,52,5
99465,52,5
1059527,52,4
214166,52,4
2644847,52,4
1484996,52,5
2449157,52,3
2259898,52,4
875691,52,1
610608,52,5
1620735,52,5
1905155,52,4
2125733,52,4
2175841,52,4
1060605,52,3
1863499,52,4
2213550,52,3
2108177,52,4
2199258,52,2
1259627,52,5
104913,52,5
830280,52,5
85946,52,4
2050555,52,3
2239227,52,4
1179597,52,4
1208081,52,2
506018,52,1
2330457,52,3
982771,52,5
361407,52,4
1049643,52,3
2162424,52,4
535410,52,4
419746,52,5
805776,52,4
51178,52,5
2413942,52,3
1303770,52,3
1203892,52,4
2174660,52,4
1399763,52,3
1254903,52,4
2306455,52,4
1620984,52,4
512899,52,5
1098265,52,5
1832200,52,4
2204248,52,4
1420822,52,3
389078,52,4
1774637,52,3
2624116,52,5
2220238,52,3
1888171,52,4
1634168,52,4
925149,52,4
1946227,52,4
1571675,52,3
2408402,52,4
1547931,52,4
352622,52,4
1454357,52,3
1464429,52,5
489962,52,4
2554376,52,2
257592,52,4
958382,52,4
519264,52,3
306781,52,3
26049,52,3
546349,52,5
1267394,52,3
1007809,52,5
774505,52,3
1857979,52,2
422753,52,3
1443573,52,4
2123669,52,5
1385697,52,4
1740114,52,4
1507223,52,4
1361687,52,3
270019,52,4
1704751,52,5
533598,52,2
1333,52,3
1147281,52,4
1678976,52,3
2620590,52,4
217838,52,4
1998055,52,3
1916549,52,5
600104,52,5
2151599,52,3
655740,52,4
1478381,52,4
167540,52,4
1228566,52,2
563123,52,4
2100050,52,4
891663,52,3
631142,52,4
2541025,52,5
17690,52,5
1153993,52,4
2415204,52,2
2162641,52,4
2546377,52,4
1422810,52,4
2020098,52,4
2646060,52,1
1718242,52,4
293151,52,2
921764,52,3
1011557,52,1
682831,52,4
1105269,52,4
1620018,52,3
2072860,52,4
2443756,52,4
221091,52,3
200255,52,3
1379726,52,5
1355221,52,4
2286538,52,4
15121,52,4
732381,52,4
2155399,52,4
1922681,52,4
2475820,52,3
635624,52,4
592214,52,1
2150426,52,5
635607,52,2
576408,52,5
606271,52,4
1035976,52,3
2160140,52,4
1791540,52,5
1900253,52,4
1844503,52,5
2454915,52,4
829790,52,5
845626,52,5
2268800,52,3
1573271,52,3
2348017,52,4
1948337,52,3
2334089,52,3
2198778,52,5
1257103,52,3
1861800,52,3
621634,52,4
1805061,52,4
670950,52,4
1554291,52,4
1890622,52,3
1751336,52,4
2107263,52,4
1130277,52,3
457876,52,4
251043,52,4
2057520,52,4
2115824,52,4
1747488,52,5
2449359,52,5
224945,52,5
302194,52,4
272772,52,4
1492122,52,3
1292617,52,3
1465039,52,5
172815,52,4
1452042,52,4
812717,52,4
1025223,52,4
1705060,52,5
1183110,52,4
491331,52,2
1364763,52,4
2469155,52,3
927826,52,3
229195,52,3
317480,52,4
2534864,52,4
2088403,52,4
2162245,52,4
753461,52,5
1207681,52,5
719422,52,4
2554745,52,4
2029262,52,3
2355791,52,4
1731838,52,3
527978,52,4
1794933,52,2
1451183,52,3
735813,52,4
1016977,52,4
673832,52,4
2627268,52,2
709091,52,4
107987,52,3
504260,52,2
1307897,52,3
1089762,52,4
1170841,52,4
455628,52,3
286581,52,2
1710932,52,5
2187474,52,5
188414,52,3
2231981,52,4
207196,52,4
2132056,52,3
259978,52,4
2270124,52,4
584152,52,5
2040209,52,4
2387904,52,3
183539,52,4
304879,52,4
889079,52,4
261990,52,3
427239,52,4
385593,52,4
1839937,52,3
1888322,52,4
183716,52,5
486507,52,4
2571693,52,5
1057760,52,5
2602282,52,5
1654627,52,4
111163,52,3
2058111,52,4
2293286,52,5
2572140,52,1
1967257,52,1
1223524,52,5
1694830,52,5
67944,52,5
10972,52,3
1131539,52,5
1171714,52,3
2244834,52,4
594525,52,3
1585588,52,4
1464933,52,4
323614,52,3
2213289,52,4
777854,52,4
1614895,52,4
964493,52,4
845130,52,3
534508,52,3
2334769,52,4
1318831,52,4
1350505,52,4
930935,52,5
1110937,52,3
1912383,52,5
786312,52,3
2073205,52,4
2396731,52,3
37000,52,5
2004779,52,4
2529973,52,5
692694,52,2
1591559,52,3
816549,52,3
949660,52,4
1510798,52,3
1472512,52,4
2289991,52,4
939195,52,5
2428111,52,4
2177513,52,5
1120580,52,4
480995,52,2
1073838,52,4
347583,52,4
578525,52,5
2636034,52,2
1015684,52,4
1484015,52,4
841606,52,4
192280,52,5
2105661,52,5
2229935,52,3
2452278,52,3
1390877,52,4
1418978,52,4
490244,52,4
391337,52,3
1528587,52,5
581240,52,5
57389,52,3
525356,52,5
2371105,52,3
484675,52,1
137232,52,3
745885,52,4
1648351,52,3
1286562,52,3
702510,52,3
1744913,52,4
1714354,52,5
827322,52,4
1573446,52,3
2375091,52,3
804617,52,4
2278787,52,3
787357,52,4
1944887,52,4
1995376,52,4
92266,52,3
2462804,52,5
1858818,52,2
1741721,52,1
534562,52,4
787569,52,3
696969,52,3
142406,52,4
2445636,52,1
728929,52,3
1100170,52,3
107560,52,4
604396,52,3
943807,52,5
747485,52,2
1965267,52,3
923703,52,3
262827,52,3
1733406,52,3
1357068,52,4
1834450,52,3
2586886,52,5
2366590,52,4
2596679,52,3
1061675,52,4
1085863,52,4
1070857,52,3
1453970,52,4
243113,52,5
1128365,52,4
1200781,52,3
1959288,52,4
2589300,52,4
1838242,52,2
1964071,52,3
781778,52,3
1970126,52,2
1776726,52,4
310400,52,4
1319761,52,5
2502917,52,4
1455189,52,5
581506,52,5
1435648,52,5
345869,52,3
242361,52,4
2265274,52,4
1065191,52,4
2020404,52,5
2001195,52,3
2121810,52,3
371355,52,4
538673,52,4
2428089,52,4
2322138,52,3
1428848,52,1
1301487,52,3
1813624,52,3
1507168,52,4
2100280,52,4
146078,52,3
1716910,52,5
1574605,52,3
1784150,52,2
1686846,52,3
591075,52,3
1404440,52,5
2522650,52,5
211976,52,3
1071984,52,5
719183,52,3
806756,52,4
835360,52,3
1305872,52,4
520498,52,4
1003967,52,4
341954,52,4
1574874,52,4
1852563,52,4
79520,52,4
1033433,52,3
1837973,52,4
1388161,52,4
1336638,52,3
1684177,52,4
354751,52,5
737709,52,4
2577421,52,4
821883,52,4
2078449,52,2
85801,52,3
2405710,52,3
1380900,52,4
653720,52,4
875956,52,4
1630967,52,2
191111,52,5
851855,52,5
229969,52,4
456439,52,4
436080,52,5
2559951,52,5
2506289,52,2
2601782,52,3
2554853,52,4
110710,52,4
108484,52,3
2097843,52,3
329751,52,4
2432015,52,5
2265877,52,3
893235,52,4
1958346,52,4
95300,52,4
2416491,52,5
941185,52,2
2280656,52,4
1737894,52,5
1829961,52,4
1663232,52,1
507986,52,4
1539680,52,4
1474282,52,5
46711,52,2
2025577,52,5
403766,52,3
760271,52,5
2614433,52,4
716553,52,5
627422,52,3
1610450,52,5
2066292,52,4
1037153,52,4
2009161,52,4
1588754,52,3
1589197,52,4
168889,52,4
2451785,52,2
875447,52,5
2029082,52,4
473222,52,5
920150,52,3
1442804,52,3
1219108,52,3
1704446,52,4
1971469,52,5
287673,52,4
998653,52,3
1930370,52,5
1465686,52,3
1189171,52,3
458606,52,5
1621816,52,5
903241,52,5
274365,52,3
1588395,52,5
2400330,52,5
1902621,52,4
2301782,52,4
2228058,52,5
21044,52,4
1092228,52,3
1764950,52,4
1652711,52,4
1822240,52,5
1206489,52,5
2210119,52,4
1944630,52,5
1980593,52,4
722006,52,4
1420406,52,4
487915,52,2
2051308,52,3
2168658,52,4
2424449,52,5
145615,52,4
2647532,52,3
1001129,52,2
2243587,52,3
1941167,52,3
1508629,52,3
902539,52,4
1275842,52,4
2181010,52,2
2533487,52,3
826184,52,3
224880,52,4
2223740,52,4
1849189,52,5
1706364,52,4
1790092,52,2
2344088,52,5
503235,52,4
1839310,52,4
439546,52,4
181373,52,2
2385614,52,4
2098407,52,3
1131065,52,4
796682,52,4
2025303,52,4
2273419,52,5
594944,52,4
1012011,52,4
981535,52,5
1173543,52,4
2270309,52,3
113867,52,4
1089123,52,4
308586,52,4
2511626,52,5
778033,52,1
1308315,52,3
487024,52,4
837339,52,4
759054,52,3
668938,52,3
463373,52,3
1466332,52,4
73381,52,3
395037,52,4
1803081,52,4
2247402,52,5
185736,52,5
2069130,52,4
1187411,52,5
88897,52,5
2130350,52,3
86368,52,4
2162999,52,5
70392,52,4
2620861,52,4
884032,52,3
1609767,52,5
797901,52,3
2162539,52,3
2046926,52,4
656177,52,3
816005,52,5
517647,52,3
1595541,52,5
575221,52,4
1066571,52,5
2314767,52,4
298778,52,4
1871531,52,4
58493,52,4
1135937,52,4
156324,52,3
1023838,52,3
1991826,52,3
247029,52,4
50621,52,4
1312824,52,3
1487602,52,4
718745,52,5
2278960,52,4
2253160,52,3
2370667,52,5
1459300,52,2
1988516,52,3
1510444,52,4
2526173,52,4
2291727,52,5
1243812,52,4
876367,52,5
287469,52,3
1984021,52,4
1368735,52,2
1647020,52,4
214790,52,3
24294,52,4
1453633,52,5
141148,52,4
740936,52,3
1966354,52,3
329226,52,3
2046079,52,4
672583,52,5
1458794,52,4
1484714,52,4
2078477,52,5
466778,52,4
1596949,52,5
2639728,52,3
1325367,52,3
981909,52,5
1134816,52,4
727242,52,1
1772247,52,5
1390196,52,2
841816,52,3
2052059,52,4
1938992,52,2
1247486,52,4
2505123,52,4
2363481,52,4
156959,52,5
1929487,52,3
1796217,52,4
2311724,52,4
1112351,52,3
710801,52,3
1759688,52,3
2098436,52,3
2099177,52,3
1917883,52,4
500268,52,3
257622,52,2
142489,52,4
2320340,52,5
581199,52,4
1168153,52,4
1815619,52,4
1167572,52,4
2156962,52,3
751186,52,4
627312,52,5
1030857,52,1
496887,52,4
268580,52,4
40563,52,4
2431777,52,4
777428,52,4
1662714,52,3
430042,52,4
2045603,52,5
2334555,52,4
1520478,52,4
882429,52,5
195265,52,4
1731346,52,4
1426302,52,3
1562015,52,3
180030,52,4
787352,52,5
474700,52,4
1968788,52,4
216915,52,5
60175,52,4
1825329,52,3
2366373,52,4
1635708,52,3
1275651,52,5
2209618,52,4
2399912,52,3
704223,52,5
1276381,52,3
353281,52,2
115368,52,5
1954275,52,5
577795,52,4
1282311,52,5
2496263,52,4
850731,52,5
1121383,52,5
2170525,52,5
1447366,52,5
974402,52,2
532649,52,3
2211501,52,4
2332286,52,5
2049054,52,5
739683,52,2
2465780,52,3
499482,52,5
2173155,52,5
116469,52,2
286786,52,4
2638132,52,4
1014703,52,4
1576420,52,3
1205946,52,3
102792,52,4
398641,52,4
1016316,52,3
1417996,52,4
1783108,52,5
121775,52,5
1101438,52,3
277916,52,3
1439674,52,4
1366573,52,4
2563800,52,5
2098505,52,3
2109261,52,4
1380457,52,4
2147461,52,3
1717318,52,2
434146,52,4
232860,52,4
2583481,52,5
1971309,52,4
1440050,52,4
38052,52,4
846244,52,4
7284,52,1
1991674,52,4
772923,52,4
2117492,52,5
1699052,52,5
706856,52,4
35036,52,3
646706,52,3
162079,52,4
2215820,52,5
2169328,52,4
1178002,52,5
2092202,52,4
2547823,52,4
1479354,52,4
1834678,52,3
2438967,52,4
2015481,52,4
2408917,52,4
1981888,52,4
2367969,52,5
2077680,52,3
1977014,52,3
1375201,52,4
1131429,52,4
1173615,52,5
550154,52,3
2231862,52,2
769643,52,3
2494252,52,3
1314869,52,1
1290232,52,4
1838633,52,2
2475170,52,3
96641,52,3
2043466,52,3
812915,52,4
2220239,52,4
1761229,52,4
1755550,52,5
229984,52,4
332420,52,5
1107769,52,5
376505,52,5
1105489,52,3
1055117,52,4
106981,52,5
1913696,52,4
861649,52,4
843971,52,4
564805,52,4
1733156,52,4
1664975,52,4
1146235,52,4
2333714,52,5
1758770,52,5
537022,52,3
2004274,52,3
543648,52,4
1071003,52,5
501862,52,3
2412799,52,4
568022,52,4
189074,52,3
1892404,52,4
1252897,52,5
296982,52,4
1296957,52,2
2629721,52,3
2178924,52,3
1191566,52,4
1476005,52,5
903474,52,3
2550161,52,5
2503865,52,3
1838030,52,3
1240130,52,4
333986,52,5
1207814,52,4
2030796,52,4
199559,52,3
286153,52,2
2437405,52,5
1263404,52,3
587217,52,5
556633,52,3
676648,52,4
577701,52,4
1587644,52,4
1762150,52,4
521082,52,4
1081611,52,5
2214153,52,4
2356557,52,4
2103012,52,5
970300,52,4
405316,52,3
458027,52,4
1051744,52,3
2048858,52,5
1513514,52,4
2256602,52,4
312908,52,3
375613,52,3
1532094,52,4
2203976,52,3
1448137,52,4
127088,52,3
415115,52,4
2220404,52,3
989162,52,3
703380,52,4
826049,52,4
2553423,52,4
1829475,52,4
1531171,52,4
1763289,52,4
2507129,52,5
1646355,52,5
718893,52,3
2212218,52,4
1628517,52,3
2017812,52,4
1340417,52,3
1029943,52,3
1763197,52,4
1279916,52,4
969360,52,3
1079579,52,5
238756,52,3
245488,52,4
144403,52,3
1896942,52,4
220427,52,5
1376999,52,1
1258599,52,5
369388,52,2
1409728,52,2
2320264,52,4
759746,52,4
848866,52,4
533680,52,4
1812930,52,5
145475,52,4
1198849,52,3
2260612,52,4
477387,52,5
157542,52,3
260314,52,5
710472,52,5
857134,52,5
1702394,52,3
126899,52,4
1572555,52,3
2391726,52,5
187322,52,3
813394,52,3
1712969,52,4
49459,52,4
118694,52,5
1970006,52,4
765129,52,4
52794,52,4
2524947,52,4
726049,52,5
2165081,52,5
2165644,52,3
736671,52,4
2302058,52,4
204096,52,5
2242886,52,3
172856,52,3
1373848,52,5
195806,52,4
426334,52,5
145476,52,4
1779820,52,2
2454160,52,3
367344,52,3
540779,52,4
2615235,52,5
871906,52,5
105075,52,4
805440,52,3
201495,52,4
433661,52,2
792106,52,4
2439493,52,1
2544430,52,3
2548293,52,4
2103016,52,4
2000681,52,2
2552425,52,3
530789,52,3
806277,52,3
2308155,52,4
1812174,52,4
441972,52,3
1052236,52,5
1880446,52,3
1737821,52,4
2537783,52,4
1014989,52,5
2493839,52,3
1403388,52,4
2086856,52,5
249222,52,4
180670,52,4
2271496,52,4
1054542,52,3
2543120,52,5
2278412,52,5
2467154,52,3
2319156,52,4
1012546,52,4
788005,52,4
547130,52,5
1107686,52,3
2290414,52,4
586636,52,3
918342,52,5
207131,52,4
1041207,52,3
231001,52,3
2135677,52,2
2494075,52,4
1691722,52,4
1034571,52,5
684917,52,4
1810496,52,2
1914525,52,4
720130,52,5
1367949,52,5
829041,52,4
111243,52,3
1083688,52,2
147686,52,4
1110771,52,4
2252343,52,4
1963208,52,3
566255,52,3
1684248,52,5
2062550,52,4
689787,52,2
1220571,52,4
501112,52,4
1977150,52,3
867295,52,4
2107119,52,5
1278811,52,3
807065,52,3
874065,52,2
1436522,52,4
1034389,52,3
559670,52,5
1575065,52,4
284829,52,2
1367127,52,3
18753,52,5
1882748,52,4
87872,52,5
1265971,52,2
2131138,52,2
176167,52,4
797174,52,3
1242676,52,4
1269597,52,4
66754,52,4
654230,52,3
1874439,52,5
1154225,52,5
2381752,52,4
1697526,52,5
154563,52,1
1087944,52,4
1455018,52,4
2525109,52,4
1830792,52,5
157539,52,3
2053984,52,3
2181697,52,3
1694429,52,3
1973531,52,4
1187678,52,4
1908014,52,4
1022488,52,3
1030814,52,4
2526250,52,3
1555089,52,5
2263053,52,4
328674,52,4
304008,52,3
1646764,52,5
2199267,52,4
1993340,52,4
2415589,52,4
40342,52,5
315830,52,4
146608,52,3
2242386,52,5
1416455,52,3
1910320,52,2
123833,52,2
762111,52,4
2471949,52,5
1561238,52,5
2506558,52,1
868723,52,2
276182,52,3
2481333,52,4
1934347,52,3
1381258,52,5
271419,52,3
764343,52,5
1867262,52,5
1241521,52,4
1303787,52,4
2038778,52,3
1455150,52,5
177053,52,4
825497,52,4
341802,52,5
1249142,52,3
1906288,52,5
251987,52,4
1580658,52,4
1876747,52,4
768695,52,5
2389750,52,4
1097214,52,4
2115106,52,2
2037687,52,4
2281177,52,3
450438,52,3
1563935,52,1
387365,52,4
2537605,52,5
1380857,52,3
1656839,52,5
1277282,52,2
1976696,52,5
2283112,52,5
1131101,52,3
1022750,52,3
119581,52,5
2087189,52,3
984514,52,4
989598,52,4
707347,52,5
349322,52,3
230219,52,4
35872,52,4
965528,52,3
61436,52,3
1459630,52,4
1574503,52,5
2322463,52,3
1334149,52,4
1430108,52,3
2630827,52,1
2572339,52,4
2455340,52,3
417220,52,4
1348253,52,5
1319012,52,4
2052334,52,4
1276399,52,4
2453861,52,4
1235099,52,4
2562317,52,4
1122887,52,3
518309,52,4
666032,52,2
1945838,52,4
1342348,52,4
725368,52,4
47495,52,3
732221,52,4
823699,52,4
504297,52,5
1200256,52,4
1912768,52,3
997243,52,4
267068,52,5
369872,52,3
1611135,52,4
2575348,52,4
1873766,52,3
1993937,52,5
2136168,52,4
1646865,52,4
202273,52,3
1126245,52,3
2254078,52,3
746713,52,3
803657,52,2
32824,52,4
1444819,52,3
1839661,52,5
192307,52,3
1288745,52,3
1189620,52,4
356768,52,5
1167086,52,4
1520052,52,5
149774,52,5
2068749,52,4
1775605,52,5
992408,52,5
594427,52,4
512884,52,5
941190,52,5
2524965,52,3
1045223,52,4
318457,52,4
813192,52,4
1914674,52,5
1724821,52,3
1056032,52,4
823385,52,5
390831,52,4
759290,52,5
931012,52,4
2419782,52,4
1345946,52,4
2635437,52,5
1121699,52,3
1026169,52,4
1617536,52,3
2035306,52,4
1371876,52,3
2252784,52,4
717555,52,3
2094098,52,3
88946,52,5
1117919,52,5
2389836,52,4
1213837,52,5
2355440,52,4
3247,52,4
2269493,52,4
2189992,52,5
2376368,52,4
210884,52,3
718303,52,3
534046,52,5
1762582,52,4
413523,52,1
222518,52,3
47450,52,3
1267391,52,4
942182,52,3
249605,52,3
1394988,52,5
971567,52,1
262231,52,2
2231537,52,4
2607957,52,3
2269881,52,4
2595843,52,3
661192,52,3
2141820,52,4
251339,52,5
545809,52,4
2273327,52,4
89773,52,5
725704,52,4
96388,52,3
2264426,52,3
2577383,52,4
2317703,52,4
177166,52,4
650165,52,5
2565630,52,4
618479,52,3
2388112,52,5
1918203,52,3
2133079,52,3
1244410,52,3
1676962,52,5
1611298,52,3
173850,52,5
1175090,52,5
311027,52,1
1665093,52,2
34876,52,5
2245883,52,4
1171194,52,3
564996,52,4
1340392,52,4
505362,52,5
2045712,52,4
626420,52,2
2576385,52,3
2491645,52,3
1422693,52,3
1690044,52,3
1122020,52,5
1161470,52,4
1749122,52,2
1024775,52,5
396774,52,2
2503103,52,4
537493,52,1
1823806,52,5
164981,52,4
3292,52,4
1028146,52,5
1057394,52,3
1782189,52,5
1903582,52,4
600244,52,2
2570285,52,5
1531029,52,2
1259897,52,3
1143480,52,4
737660,52,4
13983,52,4
1717236,52,4
2455107,52,1
1581739,52,4
389863,52,5
1199337,52,3
959039,52,2
2459169,52,3
2648906,52,5
1158787,52,5
1028463,52,1
1323761,52,3
342420,52,4
461075,52,1
1380198,52,4
1042365,52,4
123522,52,4
1593976,52,5
1418885,52,4
2196193,52,4
884608,52,4
2000750,52,4
659029,52,3
2304007,52,3
2099618,52,3
2093095,52,5
359110,52,4
2396661,52,5
928948,52,4
1819987,52,3
2280249,52,4
2157162,52,3
2266549,52,5
1172658,52,3
198434,52,4
463023,52,3
2094500,52,3
2429036,52,3
985314,52,5
221619,52,3
1422520,52,3
62471,52,4
1699845,52,2
1926167,52,5
2576263,52,3
2063256,52,4
1378448,52,4
163205,52,4
1983877,52,5
2018452,52,4
2021184,52,4
1224063,52,4
1003084,52,3
295745,52,5
990481,52,2
823905,52,2
896630,52,3
68814,52,4
1437613,52,4
380673,52,4
204138,52,4
1540488,52,5
1730026,52,3
1101354,52,3
972630,52,2
1740412,52,3
507764,52,4
1193257,52,3
299799,52,4
2331429,52,5
1135208,52,4
1149786,52,3
1957003,52,5
1079726,52,4
1742709,52,2
1693403,52,5
682169,52,4
1006570,52,4
1447856,52,5
391850,52,3
1077731,52,3
1084594,52,4
141506,52,4
2332413,52,4
1691574,52,4
1797618,52,3
2408732,52,3
2161246,52,4
795786,52,4
1729683,52,4
1123111,52,4
149188,52,4
2388692,52,4
1813586,52,4
1221221,52,3
455707,52,4
1695600,52,4
227158,52,4
959444,52,4
2144198,52,3
2276147,52,5
291198,52,4
290101,52,5
1011245,52,4
1201695,52,5
537788,52,4
1630042,52,5
2500072,52,4
971253,52,4
791565,52,5
1558352,52,4
927777,52,4
1960751,52,4
2296852,52,4
383384,52,3
952156,52,3
117624,52,4
2133696,52,5
1320684,52,4
795816,52,3
1316775,52,3
1424662,52,1
2640363,52,1
1201798,52,5
474286,52,5
2331792,52,5
910412,52,3
295623,52,3
578151,52,4
72856,52,5
390637,52,3
787359,52,4
1818981,52,4
1951741,52,3
1119113,52,1
1903324,52,1
1938798,52,4
1652974,52,4
1939029,52,4
2463168,52,3
2035817,52,1
800683,52,3
623616,52,4
1083476,52,4
222897,52,3
1060311,52,5
170600,52,3
1333951,52,5
2395489,52,4
149226,52,1
1952305,52,4
1974891,52,5
1257292,52,5
2365581,52,4
2506596,52,4
695323,52,4
130264,52,4
752355,52,2
2607695,52,5
691414,52,5
1753268,52,3
112084,52,4
1641939,52,3
184751,52,4
2450433,52,3
7837,52,3
697254,52,5
818752,52,3
1868964,52,2
2436290,52,3
2137066,52,2
763496,52,4
1878997,52,4
763380,52,5
772056,52,5
2109301,52,4
755587,52,3
783378,52,5
904167,52,4
225902,52,5
1377751,52,1
2420439,52,4
2304924,52,4
1905883,52,5
2240037,52,5
2514357,52,2
309713,52,4
2528920,52,4
423238,52,3
2304665,52,2
325768,52,2
2000579,52,1
125406,52,3
2556325,52,4
650828,52,3
2276963,52,3
227507,52,3
813275,52,2
2415196,52,2
911725,52,3
471694,52,5
2362113,52,3
155620,52,3
76549,52,3
1229791,52,4
2187693,52,5
1935804,52,3
1106914,52,3
165756,52,4
371772,52,5
1968479,52,5
1054915,52,5
2184670,52,5
1713371,52,5
248232,52,5
416045,52,4
145941,52,4
1877595,52,4
2331527,52,4
925649,52,2
1217641,52,3
1424050,52,4
847496,52,5
1490835,52,5
564826,52,4
1871525,52,3
2361377,52,5
2614533,52,3
1011809,52,4
1624962,52,3
2303843,52,3
713535,52,4
2112613,52,4
1154737,52,3
395240,52,5
2510760,52,4
1060057,52,2
827505,52,3
1969393,52,3
2415649,52,4
2141727,52,3
739277,52,5
2227307,52,5
1668640,52,3
620310,52,5
315168,52,5
1007093,52,4
488494,52,4
1358742,52,4
711644,52,4
2573212,52,4
914958,52,3
493009,52,4
1919269,52,4
1065796,52,5
462904,52,5
620809,52,3
597776,52,4
388514,52,5
225047,52,5
2637612,52,4
1499380,52,5
1859288,52,4
1206786,52,4
384710,52,5
2515313,52,5
382224,52,5
508227,52,4
965531,52,4
2557067,52,5
449926,52,2
1791461,52,5
61755,52,3
1974664,52,5
793877,52,3
1644769,52,3
2521901,52,5
581649,52,4
793087,52,4
2496561,52,2
2459120,52,5
2266686,52,3
1652306,52,3
152946,52,5
1019277,52,4
1639488,52,3
178534,52,5
2518312,52,4
1621674,52,5
1075282,52,5
2300816,52,1
1786275,52,4
1205986,52,5
1354171,52,4
920872,52,4
2192180,52,5
101068,52,4
320540,52,3
486270,52,3
2474308,52,4
1801020,52,4
950178,52,5
70911,52,3
2544624,52,3
790475,52,5
1788256,52,4
1653066,52,5
2588541,52,3
140157,52,3
2068865,52,3
77968,52,4
2362418,52,2
2547237,52,3
1891060,52,5
1913519,52,4
1363322,52,5
123059,52,3
889278,52,3
1681800,52,2
1275939,52,4
2515050,52,4
2328480,52,4
1105029,52,4
1442432,52,5
1075739,52,4
744453,52,4
66885,52,5
901402,52,4
2476764,52,5
2551557,52,3
1460326,52,4
82700,52,3
583675,52,4
2256573,52,5
1433436,52,4
1389091,52,3
2459702,52,3
1390282,52,3
1813617,52,3
479920,52,5
1811844,52,4
623614,52,3
616452,52,4
1623160,52,3
1675951,52,5
226609,52,2
860430,52,3
1100798,52,3
2244009,52,5
1868998,52,4
991743,52,5
2544655,52,3
2551686,52,5
2579646,52,4
1114552,52,4
2285492,52,4
1821087,52,4
1936796,52,4
1298060,52,4
590607,52,5
835265,52,2
1971179,52,4
576786,52,4
617941,52,3
933474,52,4
1899390,52,4
2200724,52,4
1404486,52,5
2268348,52,4
45858,52,5
547684,52,5
857675,52,3
876961,52,1
30021,52,3
364749,52,3
1140024,52,3
105221,52,4
2127497,52,5
601508,52,3
2550506,52,4
1634325,52,4
2459707,52,3
607191,52,4
2142408,52,4
1391189,52,3
678815,52,4
529792,52,2
2504214,52,3
1575324,52,4
2092541,52,5
1706863,52,5
1414380,52,4
252540,52,4
1074173,52,3
1258178,52,3
1079256,52,3
1760594,52,4
1369078,52,4
2480536,52,3
943192,52,4
2303680,52,4
656780,52,4
2190310,52,4
56854,52,3
1680175,52,4
355742,52,5
1304634,52,5
331591,52,5
190213,52,4
925313,52,4
767232,52,5
1048906,52,5
248267,52,4
2556070,52,3
157944,52,2
1708087,52,4
454619,52,4
1434302,52,5
307555,52,4
658268,52,5
908482,52,3
1860860,52,4
876387,52,5
1811123,52,5
1327359,52,3
1476635,52,4
1328524,52,4
389254,52,5
1002277,52,3
236160,52,3
1938576,52,5
1742958,52,4
2494428,52,5
970536,52,5
2334180,52,3
1790918,52,4
276644,52,2
112257,52,4
2427568,52,3
1788137,52,3
1622059,52,4
450020,52,4
2291804,52,4
2505334,52,5
1383895,52,5
761585,52,4
1276569,52,4
2584120,52,2
1858770,52,3
2323183,52,4
467872,52,3
1798925,52,2
1500023,52,2
1427482,52,3
950589,52,3
695842,52,5
479930,52,4
2062488,52,4
1101768,52,3
2529799,52,3
1324845,52,2
2025184,52,3
1580717,52,4
1106241,52,4
498300,52,5
1785710,52,4
2360818,52,4
2189341,52,4
2567366,52,5
1961236,52,3
1927242,52,5
638875,52,3
460508,52,4
1874582,52,4
2557861,52,1
1149838,52,3
2170383,52,4
9330,52,5
1582635,52,4
1168789,52,5
335306,52,4
1184537,52,4
1028631,52,4
557981,52,4
1331713,52,3
2467362,52,4
2515047,52,4
1574070,52,3
733971,52,4
1855996,52,4
512101,52,3
1404828,52,3
68371,52,4
523065,52,5
2515847,52,4
2538608,52,4
778430,52,4
1029458,52,4
1143382,52,4
668716,52,5
150396,52,3
1958139,52,5
501172,52,4
1816138,52,4
601359,52,4
1932113,52,4
402760,52,5
891224,52,3
919805,52,4
1407999,52,4
2174673,52,5
1913104,52,3
2532965,52,4
1240406,52,4
2330108,52,5
1484776,52,4
1513205,52,3
2490710,52,4
998502,52,4
1244701,52,4
2223524,52,4
935529,52,4
617603,52,4
1614384,52,3
1001833,52,4
1898659,52,1
36197,52,5
2055448,52,3
1434832,52,4
2191164,52,5
2609223,52,4
1488456,52,3
583797,52,3
1344083,52,4
383451,52,4
2269093,52,4
2071774,52,3
29431,52,3
1279012,52,2
2218321,52,3
1597535,52,4
2174477,52,3
1684341,52,4
1188978,52,3
263969,52,5
199435,52,3
1130115,52,5
18786,52,5
366354,52,4
147716,52,3
1635132,52,3
884391,52,4
1416132,52,3
1084573,52,4
2501912,52,4
2159427,52,4
239277,52,4
222172,52,5
2121663,52,4
2321388,52,4
610222,52,3
226282,52,4
1123175,52,2
568941,52,3
2009933,52,3
349649,52,3
100724,52,4
507603,52,1
272651,52,5
285431,52,4
2147714,52,3
1827588,52,4
1538962,52,4
1622409,52,3
368278,52,3
378670,52,5
658206,52,4
1356107,52,4
1240040,52,3
851669,52,3
2223429,52,4
390072,52,3
2054726,52,5
1470749,52,4
2595733,52,5
1751977,52,4
1159018,52,4
2165434,52,3
312403,52,3
1132373,52,3
701226,52,3
2024230,52,5
559171,52,5
1433812,52,4
2227822,52,4
23051,52,4
877366,52,4
2252432,52,3
1452173,52,5
14002,52,3
1031887,52,5
2430230,52,3
1915249,52,4
1053329,52,2
1915183,52,5
2317420,52,4
2582552,52,1
2234481,52,4
1996870,52,3
1979083,52,4
1157731,52,3
1245318,52,4
2601024,52,2
1811199,52,3
2156068,52,5
1134677,52,5
39953,52,2
1186180,52,5
1769353,52,3
2311464,52,3
1109837,52,3
2537543,52,1
854224,52,5
360446,52,5
467392,52,4
2283057,52,5
1921182,52,3
2264299,52,3
1835006,52,3
497714,52,4
2122519,52,5
1655391,52,4
764867,52,4
2391598,52,2
1054202,52,3
2545451,52,4
2383501,52,4
18848,52,4
2271198,52,4
2564111,52,5
908141,52,3
591909,52,4
2254892,52,4
650986,52,3
1061597,52,4
1490287,52,4
469318,52,4
2157999,52,5
1550905,52,4
1141198,52,5
873633,52,3
1010227,52,5
2220148,52,5
622214,52,3
2119945,52,2
2048781,52,4
284899,52,4
1473879,52,4
551499,52,4
398478,52,4
1894769,52,3
1763921,52,1
941768,52,3
2473227,52,5
1916666,52,5
846460,52,5
791118,52,4
1183089,52,5
2509434,52,4
122051,52,5
2138520,52,3
381588,52,3
1889229,52,4
2210519,52,5
800498,52,5
1403583,52,4
1591987,52,4
1920631,52,2
112684,52,4
297047,52,5
1622041,52,5
1711975,52,4
2298015,52,4
1133943,52,3
1231018,52,4
1221349,52,3
1440246,52,3
580231,52,5
186411,52,5
1830000,52,5
1025593,52,5
1759377,52,4
1420826,52,3
1714672,52,1
1954166,52,4
1141250,52,5
1844793,52,4
834048,52,3
2139707,52,5
246218,52,4
2577262,52,3
237798,52,2
1357090,52,4
1928054,52,5
267179,52,4
1676007,52,5
2338800,52,4
2266655,52,4
2058669,52,2
983042,52,4
2055810,52,3
2313350,52,4
253163,52,5
1979019,52,5
2056672,52,2
2552319,52,3
815327,52,4
2515390,52,4
909432,52,2
322009,52,3
2343047,52,5
248305,52,4
1047641,52,5
825738,52,2
844207,52,4
1898445,52,4
1817081,52,4
279070,52,3
2119965,52,3
1245415,52,5
1543240,52,4
1927110,52,3
303270,52,3
255915,52,4
1026193,52,4
1505523,52,4
814719,52,2
1143750,52,5
1945740,52,4
213442,52,4
2511119,52,4
281452,52,4
1384455,52,5
244054,52,5
149511,52,5
2316713,52,4
1660002,52,4
1446482,52,5
1315193,52,5
1620097,52,4
848493,52,5
1431457,52,4
153067,52,4
1761955,52,5
167248,52,3
606152,52,4
100981,52,4
1391095,52,3
483006,52,5
163372,52,5
2086463,52,2
1346716,52,4
551268,52,5
132659,52,5
1296336,52,4
271470,52,3
831421,52,2
187170,52,4
471459,52,4
1231460,52,5
78936,52,5
2310112,52,3
663646,52,4
1391057,52,5
450737,52,4
888153,52,3
1612253,52,3
2350623,52,4
140767,52,4
2646481,52,1
1932213,52,3
97736,52,4
1076184,52,4
1470123,52,3
376998,52,4
1323837,52,1
1899613,52,3
2584137,52,5
310494,52,4
977825,52,4
988354,52,5
1737157,52,3
1146886,52,4
1956198,52,4
690490,52,3
1163868,52,4
1907440,52,3
494699,52,4
1270315,52,3
283345,52,3
419691,52,3
2287372,52,4
684902,52,5
1239944,52,4
1508755,52,5
1465422,52,4
2183302,52,3
2266673,52,4
2233752,52,5
181295,52,3
332743,52,4
1630571,52,4
239748,52,5
2067148,52,3
2395697,52,3
1521075,52,4
203053,52,3
2177144,52,5
713769,52,4
1861830,52,3
2641490,52,3
387222,52,5
2203225,52,1
1019056,52,5
1069640,52,4
393581,52,2
538237,52,3
1720130,52,3
1205069,52,5
449978,52,3
2492155,52,4
1580270,52,3
2527711,52,5
1923550,52,4
2209055,52,5
903316,52,4
1387145,52,5
1440976,52,4
2609871,52,5
2368545,52,3
895914,52,3
1641147,52,5
377617,52,5
1691507,52,4
1351793,52,3
2486777,52,3
337681,52,4
1636416,52,3
1636369,52,4
2113963,52,5
847154,52,4
355672,52,4
809207,52,3
896633,52,5
2193154,52,3
1099025,52,3
942853,52,2
1317580,52,3
1022194,52,3
2409367,52,2
353303,52,2
2176292,52,3
1765211,52,4
1557148,52,3
645358,52,5
1444657,52,4
1267315,52,3
565311,52,4
1244060,52,1
2408478,52,4
1664010,52,5
774189,52,4
2546006,52,4
2433711,52,4
2476584,52,5
1963215,52,4
2529509,52,4
333752,52,3
914358,52,3
1807151,52,4
1001376,52,4
1737030,52,4
870354,52,4
2465843,52,4
119347,52,4
848657,52,3
1940256,52,4
763941,52,3
1122567,52,3
1932079,52,4
2216592,52,5
586741,52,4
2632116,52,5
2278649,52,4
1819300,52,3
2426411,52,3
2507225,52,4
979835,52,4
129078,52,3
1069086,52,4
137404,52,4
688306,52,3
596696,52,3
2020481,52,4
1186032,52,3
1186815,52,4
2572150,52,4
1924500,52,4
1696181,52,5
1354798,52,4
1120729,52,3
367271,52,4
2249828,52,4
1402509,52,4
1581897,52,4
1603694,52,3
837924,52,5
789824,52,5
172838,52,5
564561,52,3
555730,52,4
2384112,52,3
2277673,52,3
2402930,52,5
985906,52,3
741023,52,5
1894929,52,3
818160,52,3
122126,52,5
514611,52,5
1481825,52,4
2031185,52,3
1021023,52,4
2560088,52,5
1067604,52,5
942473,52,3
2367399,52,3
1514578,52,4
2102537,52,2
937394,52,4
1877584,52,5
430778,52,3
2350701,52,4
1603605,52,4
913594,52,4
607946,52,3
1506960,52,5
988584,52,3
1854220,52,3
1129621,52,4
572481,52,1
2120927,52,5
1918525,52,5
1004399,52,4
152955,52,5
286480,52,4
2369705,52,3
445824,52,5
2093644,52,3
1705423,52,5
1782605,52,4
498589,52,5
1083952,52,4
1272223,52,1
2051574,52,3
1537251,52,4
33758,52,4
751825,52,4
2547958,52,5
990789,52,4
378346,52,5
499257,52,1
980645,52,5
24704,52,3
2453949,52,3
1481228,52,4
543713,52,5
2046614,52,4
501801,52,4
1585897,52,4
1962128,52,4
249552,52,2
677997,52,5
2066745,52,3
1877798,52,3
1990557,52,3
265848,52,1
1153745,52,5
1599029,52,5
1762909,52,5
2196596,52,4
2612179,52,3
1233994,52,4
919028,52,3
566223,52,3
2057887,52,5
718101,52,3
1629433,52,4
2617304,52,3
1056218,52,3
2229877,52,5
2586697,52,2
1838839,52,4
1115029,52,4
1279450,52,5
1972217,52,5
878477,52,4
1976467,52,4
721014,52,2
1837972,52,2
2341213,52,2
324198,52,4
1613327,52,2
2544927,52,1
541707,52,3
2525442,52,5
1995445,52,5
769562,52,4
532628,52,4
2262684,52,5
500736,52,4
1080173,52,3
2297136,52,2
2354125,52,5
1493191,52,4
1167175,52,3
1881843,52,3
217357,52,4
1742859,52,4
2327122,52,3
1140594,52,4
2195626,52,4
1505182,52,3
1587037,52,5
248663,52,3
1522050,52,5
464736,52,4
1976773,52,3
1993905,52,4
219704,52,5
265350,52,4
354659,52,4
1215533,52,4
2110309,52,4
2009894,52,5
1671956,52,3
91979,52,4
2552975,52,3
1318095,52,3
564105,52,5
2549133,52,3
53023,52,4
839427,52,4
1437798,52,4
332154,52,4
2295818,52,3
875969,52,4
2202430,52,5
359559,52,4
688423,52,5
1725519,52,3
775975,52,3
935151,52,4
2321393,52,3
2287886,52,3
1419705,52,4
545491,52,1
1286747,52,3
1232534,52,3
1447949,52,2
2081043,52,4
542987,52,4
2199358,52,4
612846,52,5
1690280,52,4
1781536,52,5
2550496,52,3
449591,52,4
2592940,52,4
1400484,52,3
1301945,52,3
1232740,52,5
2259547,52,4
2258266,52,4
2109304,52,4
2064972,52,3
2577330,52,3
217894,52,2
1456333,52,3
395158,52,2
19268,52,5
720143,52,3
2340133,52,1
323269,52,4
2483251,52,4
1606186,52,5
1171554,52,1
360757,52,4
918157,52,5
98579,52,3
1277752,52,5
1170942,52,5
266418,52,5
2114455,52,4
2061879,52,3
1801452,52,5
1254033,52,4
414731,52,5
592786,52,3
2023303,52,4
767267,52,3
1161782,52,4
760211,52,3
1075476,52,1
626430,52,5
2017966,52,3
1559194,52,4
1535425,52,5
755340,52,4
271198,52,3
256242,52,3
916982,52,4
1197260,52,5
2393379,52,5
2044120,52,3
30241,52,3
182662,52,4
551362,52,5
2270550,52,3
1519669,52,3
566197,52,3
261849,52,5
2288858,52,3
948687,52,4
641972,52,4
497262,52,3
2330014,52,5
911332,52,5
430471,52,5
2182574,52,2
187062,52,3
1665650,52,4
491078,52,4
99021,52,4
1167845,52,4
949874,52,4
2329550,52,5
803784,52,5
2533227,52,4
848003,52,5
438943,52,4
567452,52,3
1868227,52,5
1848868,52,5
1433050,52,2
323487,52,3
1223352,52,4
1036336,52,3
580778,52,3
1176277,52,4
66716,52,3
954642,52,3
347276,52,4
1627242,52,5
2220223,52,1
2357769,52,5
2582233,52,4
1129128,52,3
2226394,52,4
2421742,52,3
683845,52,5
382817,52,4
1094767,52,3
1006933,52,4
1838160,52,3
39838,52,4
396140,52,4
214451,52,4
2401372,52,4
289419,52,3
913572,52,3
1404964,52,4
505630,52,3
1661216,52,4
147078,52,4
195378,52,4
2341658,52,3
202506,52,2
811817,52,5
1517519,52,4
220945,52,3
1177848,52,4
446056,52,3
2132241,52,4
1190391,52,4
217178,52,4
108516,52,4
1343107,52,5
2595759,52,3
2324555,52,3
1585272,52,5
1969009,52,5
966716,52,5
1386359,52,4
1131853,52,4
866475,52,4
1245018,52,5
2067027,52,4
550482,52,2
327577,52,5
2638972,52,3
291848,52,3
1941703,52,4
2228585,52,5
1003172,52,2
2169764,52,3
741670,52,2
318409,52,2
1282445,52,5
525071,52,2
1627732,52,3
477892,52,3
1867639,52,4
616548,52,4
2173887,52,5
374044,52,3
840136,52,4
453321,52,3
1421783,52,5
1217212,52,5
75082,52,4
1122438,52,4
347883,52,5
238682,52,4
1762119,52,3
3092,52,3
2339160,52,5
172151,52,4
94,52,2
869468,52,4
1971298,52,4
1747784,52,4
804165,52,4
2596454,52,5
972992,52,5
1181035,52,3
689859,52,4
348338,52,2
1018260,52,2
1959056,52,5
495712,52,2
2102481,52,3
2522005,52,5
1982296,52,3
2425662,52,4
1435743,52,4
199609,52,5
30789,52,4
2536736,52,4
1263466,52,4
463042,52,1
1795420,52,3
468924,52,4
1373923,52,5
2044807,52,3
817183,52,3
2076446,52,4
1601193,52,4
2020027,52,5
2244571,52,4
2543678,52,4
376600,52,4
1217463,52,2
1617482,52,3
747508,52,5
2088903,52,4
38183,52,3
96837,52,4
1485911,52,5
148789,52,4
1998180,52,5
1137883,52,3
2072907,52,4
2295339,52,4
1072159,52,3
2159887,52,4
249148,52,4
1852607,52,4
186539,52,4
16565,52,1
1671220,52,2
2365924,52,5
2442111,52,4
357140,52,3
2054870,52,4
2116793,52,4
1492263,52,5
2208561,52,3
616839,52,4
1286024,52,3
2022897,52,4
397615,52,4
1814467,52,4
2194719,52,3
431484,52,5
1087828,52,4
2506048,52,4
2245709,52,3
1744995,52,4
1562378,52,4
2639627,52,4
2152107,52,4
2239734,52,3
1477153,52,4
1771108,52,3
110234,52,3
1486412,52,3
1435355,52,4
1498208,52,4
1822020,52,4
2418437,52,3
1949369,52,4
90928,52,5
2563645,52,2
1782430,52,5
224809,52,5
1496158,52,4
1453533,52,3
1958803,52,4
2544118,52,5
1940324,52,3
483574,52,4
32102,52,5
446889,52,2
2134826,52,3
1175511,52,3
310918,52,3
2620317,52,2
2540207,52,4
2038084,52,4
1758625,52,4
740590,52,4
53663,52,4
2247002,52,4
164837,52,2
2078245,52,4
914575,52,3
1587839,52,4
386910,52,2
958803,52,4
2418601,52,3
775860,52,4
1904916,52,4
1203959,52,4
882359,52,3
1001461,52,3
59884,52,4
856918,52,4
1105945,52,4
917838,52,4
1218125,52,3
1005337,52,3
904400,52,4
560022,52,4
489246,52,4
318658,52,4
130356,52,3
567304,52,4
334429,52,3
70494,52,2
2425008,52,4
1450391,52,3
2235512,52,4
2238818,52,4
1063873,52,3
139989,52,3
719246,52,4
1788839,52,3
1737965,52,3
679042,52,4
828465,52,2
381855,52,3
332269,52,4
1897111,52,5
2016752,52,4
552468,52,3
1258107,52,4
851061,52,3
1795873,52,4
122851,52,5
712090,52,4
565864,52,5
314385,52,4
2284903,52,3
1527788,52,4
2213903,52,4
2010923,52,4
93804,52,3
136922,52,4
1049334,52,3
293549,52,4
2498387,52,4
2184326,52,4
1319403,52,4
399543,52,3
307891,52,4
288806,52,2
1611757,52,3
1649092,52,4
1755824,52,4
546031,52,4
1405451,52,5
1867190,52,4
1478858,52,4
649226,52,3
2464192,52,4
1420761,52,4
788498,52,4
2500983,52,4
2461719,52,4
1383183,52,3
718530,52,5
2272654,52,4
1534945,52,5
611761,52,4
1051058,52,3
599291,52,4
902495,52,4
296478,52,4
1907347,52,5
621729,52,5
1036138,52,4
514112,52,3
808935,52,5
256327,52,3
1273493,52,3
464385,52,3
2521360,52,5
1425382,52,5
1124460,52,4
2015695,52,1
258170,52,3
613260,52,3
1922371,52,5
361543,52,5
2172,52,4
56649,52,3
680399,52,4
1968102,52,3
1958604,52,4
2343748,52,4
1716591,52,5
1128544,52,4
1403983,52,4
34827,52,5
2395895,52,3
1100357,52,4
2302553,52,5
1580014,52,3
71765,52,4
1822470,52,4
500576,52,5
959340,52,5
1367773,52,5
2136124,52,4
715898,52,3
1574534,52,3
190874,52,4
1144832,52,3
1277662,52,4
1524645,52,4
41468,52,3
1152640,52,4
1113606,52,5
2401155,52,2
1863197,52,4
1112914,52,4
1625027,52,5
1541262,52,4
1953202,52,3
1833607,52,4
1129628,52,5
817144,52,5
2077089,52,4
69401,52,3
347843,52,4
229712,52,4
851525,52,4
712330,52,3
1324068,52,5
889766,52,5
49304,52,5
1630194,52,5
2403891,52,5
2554937,52,5
1071423,52,2
1029305,52,5
1082320,52,3
100303,52,5
230112,52,1
2503796,52,5
222458,52,4
1457892,52,4
2601237,52,3
2022462,52,4
2531647,52,5
2535971,52,5
2112657,52,4
1930691,52,5
2507082,52,3
812008,52,3
2368321,52,4
51717,52,5
135761,52,2
804931,52,2
2130099,52,5
1905241,52,4
2509303,52,4
1348262,52,5
1424040,52,4
1454205,52,3
1478491,52,5
1526199,52,4
356096,52,4
1233239,52,3
1314263,52,4
495723,52,3
203421,52,4
1923965,52,5
711144,52,5
1363818,52,5
1357715,52,4
649368,52,3
11598,52,3
477442,52,4
1741126,52,4
1638636,52,3
322938,52,4
622850,52,2
513285,52,4
1638238,52,4
2329673,52,5
1093821,52,3
430983,52,3
483288,52,2
222333,52,5
1279752,52,4
730255,52,4
1518875,52,4
17079,52,5
491531,52,1
1317671,52,4
1957291,52,4
306129,52,4
903186,52,2
2519165,52,4
2421197,52,5
216534,52,4
1864855,52,3
1989227,52,3
423195,52,4
2587185,52,4
1084037,52,5
2157469,52,3
1797229,52,2
119603,52,3
72417,52,3
1111762,52,4
157814,52,3
2264675,52,4
1693381,52,2
1220179,52,4
957303,52,4
1343451,52,3
1013329,52,4
1900956,52,2
2485091,52,3
2398243,52,4
1331196,52,4
973763,52,3
538384,52,3
1197388,52,3
1632042,52,5
2136204,52,4
2130621,52,2
1112588,52,3
2471281,52,5
561984,52,4
1078951,52,4
2227923,52,3
220944,52,4
974252,52,3
54651,52,5
2369371,52,4
778948,52,5
1789210,52,2
1574597,52,4
405573,52,4
1742617,52,3
587424,52,4
1992424,52,3
2242918,52,4
2528925,52,5
83874,52,3
1718002,52,3
367795,52,3
2324425,52,5
353229,52,2
74183,52,3
795448,52,4
1521729,52,5
422524,52,4
835238,52,4
83312,52,3
2543978,52,4
911828,52,3
1020569,52,2
1577401,52,4
783515,52,2
1374197,52,4
2479116,52,3
571932,52,3
253275,52,3
2240092,52,3
1531216,52,4
1437192,52,3
1771283,52,5
2304995,52,3
1393032,52,4
774800,52,4
1820313,52,3
555795,52,5
616154,52,4
588344,52,4
506990,52,5
1660195,52,3
91245,52,5
390580,52,3
2357857,52,2
447386,52,3
809238,52,3
2368666,52,5
1060617,52,3
1511901,52,3
2126168,52,3
2512667,52,4
1468307,52,4
774290,52,3
306658,52,3
497356,52,4
296331,52,1
1053828,52,4
711735,52,4
364349,52,5
128348,52,4
2012490,52,3
1018774,52,3
758580,52,4
2641011,52,4
821869,52,5
1482828,52,2
1822357,52,3
2213522,52,3
2281787,52,3
1549678,52,4
1528604,52,2
2444204,52,3
653903,52,3
1178619,52,4
2369798,52,3
1320583,52,4
1969419,52,5
1461619,52,1
1351555,52,4
2547360,52,3
1404431,52,4
1269038,52,5
947955,52,4
1284516,52,5
828672,52,3
1865878,52,4
2609788,52,3
1986388,52,3
1547816,52,3
394148,52,4
1482921,52,5
1594973,52,4
433841,52,4
1920452,52,4
2280608,52,3
86837,52,4
1411055,52,3
1581343,52,3
1466712,52,4
1141536,52,4
1979872,52,3
1591646,52,4
1491319,52,4
152441,52,4
2614232,52,4
1216515,52,5
851671,52,3
1506616,52,5
2270219,52,5
1409450,52,3
125176,52,5
561521,52,5
1451131,52,3
39927,52,4
1271127,52,3
854887,52,5
367539,52,4
809797,52,4
1543236,52,5
300272,52,5
1214181,52,4
1956869,52,4
613002,52,5
381625,52,4
1106196,52,4
1688068,52,4
1382754,52,4
34926,52,3
1481098,52,4
1636293,52,4
896636,52,4
1487123,52,4
1811550,52,3
2160004,52,3
664705,52,4
2356325,52,5
766158,52,4
1925306,52,3
2061499,52,3
1858216,52,3
2432717,52,3
617391,52,3
1601558,52,4
2078131,52,5
2407077,52,4
725564,52,4
1230518,52,4
612493,52,4
1436061,52,5
2023996,52,4
1508574,52,4
1492860,52,5
1091902,52,4
2117910,52,5
2118838,52,4
653900,52,2
281156,52,4
2258141,52,4
546994,52,4
2510970,52,5
1447600,52,3
2454006,52,5
2338178,52,5
197958,52,4
1036997,52,5
1042897,52,4
887674,52,3
1620854,52,4
2484622,52,5
775119,52,4
759737,52,2
1613358,52,3
315388,52,3
379935,52,4
1902430,52,5
750646,52,3
1419073,52,4
924930,52,5
1699322,52,3
1929235,52,1
47891,52,5
1960016,52,5
2506955,52,3
486879,52,5
234507,52,3
492058,52,2
2230641,52,5
1124559,52,3
1230136,52,4
2216730,52,4
761020,52,4
2006796,52,3
634280,52,3
2104646,52,5
2037935,52,5
2609334,52,4
304543,52,5
1885629,52,5
24801,52,4
1877671,52,4
2351328,52,3
1176727,52,5
682718,52,4
491255,52,2
798296,52,3
468806,52,4
47523,52,3
1213522,52,3
340637,52,4
1924526,52,4
2622719,52,4
2479927,52,5
411177,52,4
2444953,52,5
1879128,52,1
162196,52,4
2435236,52,3
145831,52,5
682963,52,3
278368,52,2
53073,52,4
29205,52,4
1648342,52,4
1637823,52,4
1988587,52,3
2271138,52,4
461799,52,4
1379669,52,5
2105815,52,2
1948652,52,5
956121,52,5
1589857,52,1
421817,52,4
443835,52,3
1813897,52,5
2043334,52,5
2198390,52,4
2444999,52,3
1718454,52,5
402437,52,3
756563,52,3
160074,52,3
593305,52,4
1889625,52,4
1694044,52,5
508439,52,4
2367019,52,3
978412,52,3
1154242,52,4
2104570,52,4
391271,52,4
1693721,52,5
1349978,52,2
2368266,52,4
2130069,52,3
1070172,52,4
2473433,52,4
521890,52,3
539976,52,4
1050643,52,1
1496958,52,5
2126379,52,4
1634480,52,3
60973,52,5
1727642,52,4
1075380,52,3
2596038,52,3
426407,52,3
2026792,52,3
1887352,52,2
863045,52,3
2527740,52,3
1808064,52,5
511697,52,4
804044,52,4
1826924,52,3
1566530,52,3
2418086,52,3
781459,52,4
914457,52,4
180815,52,3
763702,52,4
416375,52,5
1290148,52,3
1719271,52,4
89321,52,4
1139247,52,3
2505048,52,2
1516279,52,5
879546,52,4
386034,52,2
2167858,52,2
934835,52,3
1251550,52,4
904842,52,1
2101208,52,3
929499,52,3
2472254,52,4
2056111,52,4
1662118,52,2
1715732,52,4
2134903,52,3
1667288,52,2
861247,52,5
393945,52,5
1110968,52,2
1925280,52,5
2613114,52,3
149749,52,3
199369,52,2
1623432,52,5
1754027,52,4
621342,52,3
2020892,52,2
555336,52,3
2109662,52,2
344201,52,2
1197214,52,4
712455,52,4
617179,52,5
864093,52,4
2462331,52,4
2118411,52,5
1622587,52,4
1615050,52,4
538247,52,3
783476,52,3
1107894,52,3
2111693,52,3
94039,52,2
354918,52,4
1636988,52,4
1812456,52,4
1472020,52,5
1469394,52,4
2212167,52,5
1514104,52,2
684319,52,3
1748077,52,4
2050590,52,1
318972,52,3
598100,52,4
2550382,52,5
2266265,52,1
589596,52,2
685997,52,4
358117,52,3
1523058,52,4
692018,52,5
2102849,52,5
1533540,52,4
1743664,52,4
1609686,52,5
1592618,52,1
1764955,52,3
1558712,52,2
620343,52,3
959092,52,4
206024,52,4
2198349,52,5
1291710,52,5
519699,52,3
1393999,52,4
1218450,52,4
1811610,52,4
851314,52,4
1828424,52,4
845269,52,4
1692376,52,5
1847949,52,5
873783,52,3
2045624,52,4
1504900,52,5
1074745,52,2
1974708,52,5
709182,52,3
734560,52,4
2462252,52,2
556582,52,2
479620,52,5
385324,52,4
629252,52,4
811782,52,4
2588979,52,5
1896062,52,3
41477,52,5
1304766,52,3
1534677,52,3
1034380,52,5
1519647,52,4
827526,52,5
266023,52,2
2313914,52,4
1789944,52,4
734609,52,3
1829748,52,2
1053026,52,5
305344,52,1
1261249,52,5
505418,52,4
2343477,52,2
1810013,52,4
2490652,52,4
426716,52,3
1852902,52,4
1056313,52,4
1825907,52,3
2344026,52,5
2033943,52,2
883822,52,1
870774,52,5
80548,52,4
1581186,52,3
156948,52,4
784007,52,4
161792,52,4
1596727,52,4
2168784,52,3
1348153,52,3
1389819,52,5
370324,52,4
2406313,52,5
2501054,52,3
66340,52,4
1745391,52,5
572092,52,5
211010,52,5
520005,52,4
2502572,52,4
2360906,52,3
1333864,52,2
1099321,52,4
1000386,52,5
149436,52,4
608633,52,3
800928,52,5
532414,52,4
1089793,52,4
2296072,52,4
398671,52,3
1797072,52,5
1770639,52,3
380541,52,5
1924228,52,4
2223971,52,4
2647882,52,5
1251054,52,3
1107064,52,3
2270104,52,4
2006277,52,2
1494841,52,4
2505947,52,3
1470113,52,4
114008,52,5
2048620,52,3
2288564,52,3
1373034,52,5
2008942,52,3
412641,52,3
434585,52,3
1291364,52,5
106275,52,2
2210868,52,3
1292300,52,4
1760132,52,5
2145206,52,4
2482315,52,4
356432,52,4
2503760,52,3
1642416,52,2
733228,52,4
1084284,52,4
1541780,52,4
2511644,52,3
730787,52,3
456100,52,4
20919,52,4
1469853,52,5
1040933,52,5
1134384,52,5
880506,52,4
1629120,52,2
2043854,52,5
849369,52,2
228204,52,3
284306,52,4
729881,52,4
1073033,52,3
5568,52,3
148561,52,5
1141762,52,4
1096005,52,3
1523710,52,4
1403217,52,3
2648577,52,4
1197673,52,3
269732,52,3
1927930,52,4
881304,52,4
1546740,52,1
97530,52,3
492111,52,3
636692,52,4
1184829,52,4
1905017,52,2
1800528,52,3
1880556,52,3
2150269,52,2
2411453,52,3
1608056,52,5
86994,52,4
2384850,52,3
1187765,52,4
2220099,52,5
484774,52,5
1041296,52,4
1147342,52,4
1678775,52,4
2125666,52,3
1280538,52,5
673077,52,4
639533,52,2
1461464,52,4
169854,52,5
966406,52,4
2361708,52,2
1062337,52,4
249543,52,3
2129390,52,4
751362,52,4
915057,52,4
1444406,52,5
2368324,52,4
342438,52,3
2557565,52,5
1074089,52,3
2392394,52,3
2445683,52,4
567837,52,4
1222206,52,5
2019600,52,2
1055757,52,4
764837,52,4
1197250,52,5
683067,52,2
1444276,52,4
1396901,52,5
975372,52,3
74441,52,4
795793,52,5
1894721,52,4
1801745,52,3
874376,52,4
2405498,52,4
337026,52,3
458177,52,4
272050,52,4
955539,52,5
2097907,52,2
112039,52,5
1699762,52,2
2509082,52,4
1428930,52,1
2495416,52,4
1112883,52,3
1673507,52,4
455893,52,5
280167,52,3
868149,52,5
1179548,52,5
1340179,52,4
2605993,52,5
50005,52,3
771657,52,5
44481,52,4
1282472,52,4
1146363,52,4
1073546,52,4
1861500,52,3
1794725,52,4
1256952,52,4
1833651,52,5
383468,52,4
1783143,52,5
1385813,52,4
872339,52,1
2203538,52,3
1791135,52,5
1649068,52,4
2585160,52,4
2450942,52,3
1627596,52,5
2605571,52,3
133670,52,3
386963,52,4
1985166,52,4
995835,52,5
1587873,52,1
13427,52,5
1318179,52,3
2501215,52,5
1430314,52,1
921487,52,3
215496,52,4
2109649,52,4
265500,52,4
2526179,52,5
333552,52,4
2264003,52,3
332471,52,3
663632,52,3
251026,52,5
907421,52,4
392346,52,4
2147575,52,5
1152018,52,1
340890,52,4
2082272,52,4
2384879,52,3
1833519,52,4
844670,52,3
2455789,52,5
1972582,52,2
50469,52,4
782690,52,4
1164845,52,3
1312099,52,1
1842623,52,4
2504095,52,3
1490513,52,5
1404389,52,4
512694,52,5
157732,52,4
1295902,52,4
307677,52,4
832630,52,5
848586,52,5
1518179,52,3
2569772,52,4
2102149,52,3
1810261,52,4
993438,52,3
1228324,52,4
1868979,52,3
2565643,52,3
2619241,52,4
1279599,52,4
216273,52,4
2085250,52,4
414455,52,4
859363,52,5
1060977,52,5
677116,52,5
688051,52,3
980149,52,5
1308944,52,3
740127,52,3
1400325,52,5
89234,52,3
1125572,52,2
1568024,52,3
1008631,52,3
990500,52,5
450716,52,4
195555,52,4
2282730,52,3
2353898,52,3
2598412,52,3
1978190,52,3
1643146,52,3
573245,52,5
228539,52,3
1387124,52,5
383781,52,2
2419476,52,4
731221,52,5
818194,52,5
426804,52,3
763920,52,4
2566731,52,4
477591,52,4
139263,52,4
5980,52,3
1486160,52,5
1431357,52,3
1387853,52,4
588080,52,4
2646133,52,4
2238304,52,4
2137676,52,3
1837636,52,5
844066,52,5
1444287,52,4
5618,52,2
1319155,52,4
1765301,52,5
440905,52,5
1438566,52,4
1577997,52,3
472692,52,3
1293788,52,4
1392972,52,2
1948063,52,2
1877171,52,2
1752968,52,3
1375445,52,5
1578403,52,4
1030800,52,2
2460555,52,3
1797565,52,4
995459,52,3
2367726,52,4
139852,52,4
1239040,52,3
893392,52,3
2364424,52,5
1369860,52,3
2397444,52,3
724103,52,3
873269,52,5
427186,52,4
698637,52,5
868074,52,3
609451,52,4
384176,52,4
1612920,52,5
2115803,52,2
1869907,52,5
679781,52,5
1979820,52,3
167714,52,5
2085051,52,4
1964120,52,2
2130142,52,3
2523748,52,4
910180,52,3
900300,52,4
764731,52,4
1098487,52,5
589454,52,4
2319365,52,4
1335658,52,3
1698159,52,3
1973156,52,3
949364,52,3
833616,52,4
1247372,52,4
1976085,52,4
538267,52,4
2295287,52,5
2345723,52,3
2023067,52,3
1805778,52,3
1562093,52,3
377104,52,3
649762,52,5
140565,52,4
1899360,52,5
2079426,52,4
1909704,52,4
1996255,52,4
2575786,52,4
1210976,52,4
1019682,52,4
1174081,52,3
2601882,52,3
1332017,52,5
159159,52,4
1413686,52,3
1897819,52,4
1210578,52,4
2179898,52,3
192656,52,5
59883,52,4
1843607,52,5
690512,52,4
481238,52,5
2104965,52,5
1582630,52,5
1683208,52,5
932043,52,4
1138562,52,4
535026,52,3
1797654,52,3
1998779,52,5
1395964,52,5
2003982,52,3
601056,52,4
44140,52,5
1198998,52,5
2260008,52,3
932897,52,4
2327711,52,4
1745577,52,5
192420,52,4
1180136,52,4
2220083,52,5
2395280,52,5
667227,52,4
2103006,52,4
587028,52,4
1209157,52,5
2555106,52,3
1125958,52,4
806167,52,4
2011577,52,3
2272660,52,3
1763246,52,3
802764,52,3
1167568,52,5
2205913,52,5
811748,52,4
2257389,52,4
730064,52,5
2207932,52,3
1322185,52,3
1718299,52,4
707061,52,5
956295,52,4
1144069,52,5
1812765,52,3
1763451,52,4
1208452,52,3
688506,52,3
1794510,52,4
562048,52,4
831745,52,5
802897,52,4
1047960,52,4
36828,52,5
1824670,52,2
1846767,52,4
1154125,52,4
2586891,52,5
1584473,52,4
705294,52,4
404819,52,3
1735031,52,4
121639,52,5
644818,52,5
1357901,52,3
463705,52,3
828886,52,5
2534132,52,5
1746268,52,4
2518760,52,4
726890,52,3
1372450,52,5
1843168,52,4
2405523,52,4
2250261,52,4
924286,52,4
1352501,52,5
394975,52,3
826920,52,3
839992,52,3
1703555,52,4
933837,52,4
1810799,52,4
729393,52,4
630670,52,4
1294335,52,2
707987,52,5
411783,52,3
1041125,52,4
2059012,52,4
901294,52,4
317325,52,4
1720535,52,4
2151753,52,2
823101,52,5
202776,52,3
2222044,52,4
1651898,52,4
1266181,52,4
2300819,52,4
1192853,52,3
1548016,52,3
2044258,52,5
782935,52,3
198644,52,4
268399,52,4
1776584,52,4
2267927,52,4
990918,52,4
826238,52,5
347965,52,3
2191367,52,4
608554,52,3
131513,52,3
1319949,52,4
223543,52,3
624178,52,3
1888679,52,5
2459764,52,5
1348856,52,5
1424163,52,3
135763,52,5
1674265,52,4
384941,52,3
672919,52,4
1091018,52,4
229737,52,4
1676439,52,3
2073795,52,3
2557152,52,3
880332,52,3
1586067,52,4
2142423,52,3
1431104,52,4
620225,52,3
1808694,52,4
2024229,52,5
1413958,52,3
133993,52,2
97968,52,3
2054225,52,3
1780715,52,4
128040,52,4
615047,52,3
223423,52,5
1915754,52,4
329822,52,3
2140037,52,4
1580032,52,3
1794745,52,4
1717979,52,3
1707123,52,4
766629,52,4
1287003,52,5
723566,52,5
2174037,52,5
227799,52,4
1602243,52,4
1922,52,3
2252651,52,4
445500,52,4
72129,52,3
1240597,52,3
280930,52,5
1188440,52,4
2374089,52,3
452884,52,4
6460,52,5
365497,52,4
2234592,52,4
2068445,52,4
1494196,52,1
112939,52,4
1988199,52,4
2513703,52,3
2503596,52,4
1170321,52,3
1512175,52,4
133872,52,3
2021544,52,4
2373114,52,3
1741802,52,3
2458958,52,4
1545458,52,4
1812562,52,5
1661014,52,4
112331,52,4
1012552,52,3
805207,52,4
1473531,52,4
222491,52,5
2336648,52,2
1537868,52,3
1569341,52,3
1501422,52,4
740364,52,2
542582,52,4
488388,52,5
2151475,52,5
1219045,52,4
1910484,52,5
368814,52,4
1121539,52,5
1281037,52,5
1836600,52,2
191576,52,4
105802,52,4
2573125,52,3
2124531,52,4
2614156,52,5
218626,52,5
1329642,52,4
1511565,52,4
4127,52,5
880773,52,4
1963551,52,4
2514270,52,5
606497,52,4
1467403,52,4
325458,52,3
2304849,52,5
2540867,52,3
1551139,52,3
2278490,52,3
1040258,52,3
346612,52,3
372494,52,4
1605107,52,4
297904,52,4
768833,52,4
237951,52,3
1767524,52,3
952004,52,4
2504102,52,4
742766,52,4
569689,52,4
1549989,52,3
2198852,52,3
623373,52,3
1785506,52,3
1543113,52,3
315043,52,3
731988,52,3
1339921,52,3
93695,52,3
1738027,52,5
1318530,52,3
732920,52,4
802022,52,5
1089037,52,4
1476022,52,4
1898932,52,2
936816,52,5
1114684,52,4
2276194,52,3
2613340,52,4
2338132,52,5
2510444,52,4
921194,52,3
685546,52,4
1118014,52,4
440644,52,4
2542121,52,4
1318744,52,3
1048884,52,4
2126715,52,5
327336,52,5
2404366,52,3
1994111,52,4
2554808,52,4
517948,52,5
625594,52,3
844451,52,2
2629612,52,5
988340,52,3
1598488,52,4
663948,52,3
421710,52,3
1645733,52,5
1926272,52,2
2043181,52,4
1201619,52,3
1187457,52,4
1769069,52,4
1625050,52,3
520510,52,4
1686713,52,4
1830528,52,3
863133,52,5
544646,52,3
1200016,52,5
2274497,52,4
2595820,52,5
133016,52,3
672713,52,4
2195372,52,4
2157149,52,5
1000122,52,4
1982344,52,5
4597,52,3
398939,52,3
2092369,52,4
2430108,52,5
481237,52,4
2056022,52,2
1988872,52,4
154481,52,4
116787,52,5
825912,52,4
667605,52,4
991415,52,5
881941,52,3
603543,52,3
735417,52,5
309243,52,4
1351411,52,3
2219709,52,4
473748,52,3
1287490,52,5
471654,52,3
739718,52,4
1339735,52,4
1922024,52,3
2265412,52,5
1007539,52,4
336645,52,4
694303,52,3
1504652,52,4
628422,52,4
1371561,52,3
2361242,52,5
1315963,52,3
817916,52,3
521505,52,4
1103178,52,5
1474302,52,4
9781,52,4
1082163,52,4
1753395,52,4
472227,52,4
822886,52,4
2151579,52,5
2437902,52,3
2086637,52,3
2525782,52,3
2075270,52,5
1045579,52,3
891743,52,5
615941,52,4
1810394,52,2
1428095,52,4
1675643,52,3
1742718,52,4
2407368,52,3
2369016,52,1
898533,52,5
1700955,52,4
2425339,52,5
558981,52,3
1146580,52,4
140284,52,5
589729,52,5
2077036,52,3
1466098,52,4
315205,52,3
837165,52,3
1968841,52,4
2142901,52,4
943715,52,4
2362877,52,3
13210,52,4
1452100,52,5
1287578,52,4
207179,52,4
2264638,52,4
1280309,52,4
1483852,52,4
2385050,52,4
1294842,52,4
2116787,52,5
2113107,52,3
886631,52,4
73663,52,3
305466,52,4
1436054,52,4
863081,52,3
2426042,52,5
1271122,52,4
416224,52,4
328654,52,3
15420,52,2
1442348,52,3
1625122,52,4
979151,52,3
101214,52,5
1395259,52,3
198601,52,4
252524,52,3
1723989,52,2
2114800,52,3
206172,52,3
711068,52,4
1441796,52,3
387568,52,4
719554,52,3
971668,52,4
448319,52,4
2527789,52,5
2541550,52,2
2012481,52,5
1265451,52,3
611088,52,4
1178382,52,5
1004183,52,2
197991,52,4
1830265,52,3
2254502,52,5
940066,52,3
1206522,52,4
115183,52,3
1115451,52,4
538005,52,1
2543453,52,4
2074154,52,4
1190248,52,4
1438614,52,2
2287036,52,3
643153,52,5
829614,52,4
868094,52,4
1370872,52,4
877998,52,4
474521,52,4
2031412,52,3
785916,52,4
2043857,52,5
1056542,52,4
1365696,52,5
156403,52,3
1045232,52,3
1725369,52,5
1033603,52,3
665109,52,5
261578,52,4
2115420,52,4
1453623,52,3
2280749,52,3
1943826,52,4
2515531,52,2
2618568,52,3
1052633,52,4
1110291,52,4
2063850,52,3
505279,52,5
1846462,52,2
1978505,52,2
2370087,52,3
563269,52,2
1517318,52,5
2638144,52,4
2474140,52,3
1605846,52,4
2420001,52,4
2062480,52,4
712394,52,4
1829086,52,4
230265,52,4
1487946,52,2
2093473,52,4
1523172,52,5
736042,52,4
317769,52,3
1063400,52,2
2545730,52,4
857600,52,5
281097,52,4
764726,52,5
2236255,52,4
1986253,52,4
2207953,52,4
36581,52,5
266937,52,5
729927,52,5
114761,52,4
2234465,52,3
422570,52,4
1964540,52,5
1971639,52,1
1807774,52,2
2100175,52,3
772798,52,2
622453,52,5
222659,52,5
624388,52,3
90674,52,4
2339151,52,3
1211775,52,3
578449,52,4
1728944,52,2
1535431,52,4
2407461,52,3
1448906,52,4
1162832,52,4
828344,52,3
2133714,52,1
14340,52,3
597217,52,4
1005800,52,5
920965,52,4
1340129,52,5
1516204,52,5
2587702,52,4
2326980,52,4
2080059,52,3
2180740,52,4
1245529,52,3
838343,52,3
1292357,52,4
185683,52,5
140594,52,5
1426842,52,5
2006759,52,3
976312,52,5
2508722,52,4
1562179,52,4
2415886,52,4
2757,52,4
497001,52,4
1299865,52,5
1169361,52,4
482438,52,4
2153221,52,4
577690,52,5
746375,52,2
777916,52,5
1098728,52,5
1530856,52,4
1210399,52,4
963048,52,4
431159,52,2
2003224,52,5
1442739,52,3
296271,52,4
1837458,52,4
2468106,52,4
2090690,52,3
2287458,52,2
1805836,52,3
530891,52,2
1689922,52,3
1831014,52,3
1340987,52,5
488441,52,4
336969,52,4
616958,52,3
1798943,52,3
2512427,52,3
2580737,52,3
657664,52,4
1079413,52,4
2102905,52,3
455898,52,3
277554,52,3
2146579,52,4
2332372,52,4
1626426,52,5
262167,52,5
598415,52,3
1579499,52,5
1391556,52,2
2117501,52,4
679101,52,5
2118461,52,5
124536,52,4
963830,52,4
2386868,52,3
1527530,52,2
1617746,52,3
74704,52,4
2412801,52,5
9371,52,2
2522206,52,4
935389,52,2
1688337,52,5
1259180,52,4
1418521,52,4
1895631,52,4
2634414,52,5
367742,52,4
1773648,52,3
2327037,52,4
509073,52,5
1955184,52,4
1934139,52,5
2197547,52,5
2368300,52,4
2531020,52,3
1971013,52,4
1009800,52,5
476978,52,4
2184333,52,5
2303511,52,5
447437,52,4
2564223,52,4
325999,52,4
1296497,52,4
2299957,52,3
874874,52,4
673187,52,3
2538567,52,2
2593295,52,5
613783,52,4
1082782,52,5
2059146,52,3
1794591,52,5
2197587,52,5
2503469,52,5
614373,52,5
1121489,52,4
168523,52,2
1424272,52,5
1168431,52,4
1686334,52,5
930864,52,3
2351841,52,3
1619649,52,4
387418,52,2
2506581,52,4
2054632,52,4
788927,52,3
1634085,52,3
894909,52,4
1034138,52,5
800983,52,4
2397318,52,5
1575405,52,3
1923886,52,4
1668190,52,5
2011946,52,4
588531,52,3
434056,52,4
1756963,52,5
1933831,52,5
504442,52,4
1121653,52,4
1695554,52,4
841869,52,1
1361282,52,3
2409326,52,5
1268417,52,4
571328,52,4
2233489,52,4
982118,52,5
835881,52,4
1543836,52,5
1624556,52,3
444517,52,4
690754,52,5
1608311,52,2
2481497,52,4
1351112,52,3
473915,52,4
928550,52,1
1164524,52,4
142543,52,4
138804,52,3
2540053,52,5
90688,52,4
2205307,52,5
365372,52,4
625370,52,2
52191,52,4
1536403,52,4
546099,52,3
823482,52,3
2343113,52,3
507660,52,4
1734945,52,5
791687,52,4
907859,52,3
709181,52,1
757438,52,5
1301045,52,5
360287,52,3
2375867,52,3
411471,52,4
423411,52,3
113416,52,3
686039,52,5
730053,52,2
363401,52,5
2256263,52,5
397212,52,5
607897,52,2
850720,52,4
467726,52,4
303624,52,3
1470143,52,5
32412,52,4
752867,52,3
1114324,52,4
16332,52,4
1860246,52,3
2393623,52,4
2603538,52,4
886872,52,2
1876141,52,4
1947054,52,3
2360546,52,3
333358,52,4
305274,52,5
369491,52,2
1213118,52,3
1736710,52,4
179203,52,5
596133,52,5
299500,52,2
1394217,52,3
186734,52,3
1451817,52,3
1272167,52,4
1834814,52,3
1222399,52,5
1464032,52,3
1408203,52,4
2068785,52,4
633079,52,4
188882,52,4
1018100,52,5
357285,52,3
525945,52,4
1229117,52,3
1278605,52,5
1089664,52,1
1676790,52,4
1627191,52,5
1194594,52,5
966713,52,4
1133560,52,3
2296718,52,4
2577297,52,3
1970072,52,5
1962775,52,5
334185,52,3
448724,52,4
1618470,52,4
1689975,52,3
1331954,52,3
693542,52,5
2060976,52,4
319529,52,5
2106673,52,3
1297031,52,3
2120134,52,3
291135,52,4
2621637,52,4
1513737,52,4
429066,52,5
437892,52,1
2475632,52,3
1932594,52,2
146960,52,3
2474131,52,4
2221432,52,5
2540038,52,4
2411258,52,3
317679,52,5
2432988,52,3
794999,52,5
311070,52,3
2487733,52,3
1919986,52,5
885720,52,4
2519272,52,4
269451,52,2
2336071,52,5
2432992,52,5
575074,52,3
2550058,52,4
2173327,52,3
1066389,52,3
897693,52,3
2308701,52,4
2414456,52,5
675633,52,5
77510,52,3
998257,52,5
2048494,52,4
1066141,52,5
2065759,52,4
756162,52,5
480566,52,4
1645904,52,4
1073300,52,4
78169,52,4
514575,52,3
1224897,52,4
1210699,52,4
495174,52,4
1713460,52,5
185875,52,3
204883,52,3
1727788,52,4
637631,52,5
988945,52,3
2526291,52,4
1999417,52,4
1425899,52,2
934346,52,3
2150347,52,5
379124,52,5
2325308,52,2
2582052,52,2
368937,52,4
399637,52,4
2253646,52,4
2212448,52,4
455831,52,4
2396403,52,4
2230493,52,4
476756,52,3
2118483,52,4
227257,52,4
1629446,52,5
1180610,52,5
494566,52,5
1325755,52,5
1222253,52,4
1241104,52,5
1919419,52,3
115017,52,4
1642078,52,2
2070039,52,4
945377,52,5
1426769,52,4
981941,52,4
804162,52,5
1778710,52,3
1252289,52,5
918398,52,5
1339269,52,3
2490570,52,5
275106,52,3
466977,52,4
2509910,52,4
396531,52,4
710440,52,3
1346409,52,3
1663888,52,1
2383798,52,4
2147262,52,3
558955,52,4
1191813,52,3
256397,52,4
319001,52,3
902995,52,5
1242023,52,4
1794516,52,3
1979914,52,4
991068,52,5
897336,52,3
1612915,52,3
620714,52,4
570783,52,5
738899,52,4
1277906,52,1
831775,52,3
2151845,52,5
1992139,52,4
1450883,52,4
2318948,52,4
1312722,52,4
804335,52,4
2126810,52,4
1744472,52,3
1001928,52,4
241068,52,5
1448867,52,5
153167,52,4
798205,52,4
630641,52,3
1281981,52,3
202572,52,2
2146687,52,3
1385357,52,4
120709,52,4
133003,52,5
2233207,52,3
1840738,52,4
2403939,52,3
208920,52,3
1008332,52,5
878789,52,3
2442796,52,4
858666,52,5
2582849,52,3
1334882,52,4
2374978,52,3
84093,52,3
1557429,52,2
718894,52,3
1476654,52,4
1009704,52,3
673305,52,4
2257029,52,5
1865929,52,4
1027332,52,3
364710,52,3
91150,52,4
267163,52,4
1826224,52,4
116596,52,5
1777964,52,2
2174711,52,1
2347696,52,4
92519,52,4
1599369,52,2
546664,52,4
560599,52,4
266867,52,4
2250352,52,5
1739252,52,2
39687,52,3
1432608,52,3
1049431,52,5
651488,52,4
2374009,52,4
1304455,52,5
775822,52,3
1492795,52,4
461809,52,5
1877958,52,4
1227162,52,4
2432327,52,2
694659,52,5
195358,52,4
1710599,52,4
2384478,52,4
357480,52,4
1840542,52,3
1895554,52,3
1908311,52,3
573772,52,3
238115,52,3
1370831,52,5
801134,52,4
2440208,52,4
2484060,52,4
1575181,52,3
2618139,52,5
1367919,52,4
378078,52,3
642384,52,5
1417279,52,3
1385615,52,2
1304814,52,4
1878022,52,3
170794,52,5
2227767,52,4
814007,52,5
631430,52,4
573928,52,3
2569807,52,3
972853,52,4
1350491,52,4
1325083,52,5
2406705,52,2
568080,52,4
1233877,52,1
352167,52,4
511985,52,3
2262963,52,4
379780,52,4
414180,52,3
2016903,52,4
219408,52,4
464478,52,3
1194215,52,3
81890,52,4
2428028,52,4
1380037,52,4
1163386,52,5
1642040,52,3
2148377,52,4
2233519,52,3
345297,52,1
496645,52,3
875773,52,2
498428,52,3
2324483,52,4
2281446,52,4
757904,52,4
682866,52,5
961389,52,3
2519902,52,4
978230,52,4
1223386,52,4
1057636,52,5
2199229,52,2
1233297,52,3
907673,52,4
439637,52,5
682971,52,3
529543,52,4
619593,52,3
454015,52,5
2545642,52,5
1834225,52,4
2463846,52,2
1034623,52,5
524792,52,5
904600,52,5
899608,52,2
1775565,52,3
2456384,52,5
303792,52,4
1249490,52,5
2568994,52,3
1770199,52,3
826712,52,3
872591,52,3
879778,52,5
1126677,52,4
1035139,52,3
1558421,52,4
1659075,52,3
922278,52,4
1631730,52,4
257918,52,3
584186,52,3
1241148,52,3
1528146,52,4
2164181,52,4
1010742,52,3
408106,52,5
1855677,52,3
1765595,52,3
1950812,52,3
1325145,52,4
239178,52,4
1837854,52,4
2235620,52,4
2502966,52,4
131807,52,3
2322805,52,4
513933,52,5
2230721,52,3
2164697,52,4
1167674,52,3
642551,52,3
695924,52,4
393885,52,4
623670,52,3
1299964,52,4
817878,52,4
1559922,52,3
2581164,52,4
524154,52,3
328458,52,4
429503,52,4
753227,52,3
1609115,52,3
1845432,52,5
2425996,52,3
1475176,52,4
186285,52,4
1818755,52,4
659914,52,5
2628112,52,4
383938,52,3
416531,52,4
2143500,52,3
423361,52,1
1872071,52,4
78404,52,2
301951,52,4
1651171,52,4
137814,52,3
113983,52,4
1997469,52,3
1033930,52,3
2322687,52,5
199685,52,4
17890,52,4
1988294,52,4
1064308,52,4
1623061,52,4
2295960,52,5
2348105,52,3
2081939,52,5
1855007,52,5
1366384,52,5
1683242,52,4
2537976,52,4
445056,52,4
1930717,52,3
1254518,52,3
241948,52,4
2080890,52,3
2638245,52,3
732132,52,5
2537488,52,5
1901694,52,5
1096063,52,5
979832,52,2
1300454,52,3
2395771,52,5
2114758,52,5
2339386,52,5
1811071,52,4
1794935,52,5
1920350,52,3
117537,52,5
977998,52,4
2040201,52,2
2274712,52,3
2132495,52,4
201834,52,4
884578,52,4
2170772,52,5
1431048,52,3
1925926,52,4
310712,52,4
2319238,52,4
2355306,52,5
2133425,52,4
1523544,52,3
544415,52,1
2620636,52,3
1334851,52,4
1199902,52,3
2122377,52,3
1676423,52,5
1225666,52,2
2261467,52,4
2516700,52,4
255033,52,4
1903419,52,3
1287195,52,4
765857,52,4
1742724,52,4
1731902,52,3
1571694,52,4
2175440,52,2
2080458,52,4
729641,52,5
1066231,52,5
690591,52,2
2621962,52,5
1954828,52,2
1692639,52,3
299005,52,5
474868,52,2
2426312,52,3
2228121,52,4
2396324,52,3
1398741,52,3
1796809,52,4
2126590,52,4
1440251,52,2
1887557,52,3
1193667,52,5
40136,52,4
1611221,52,5
2050617,52,5
2577168,52,4
2137840,52,5
52508,52,4
1663791,52,2
1506406,52,4
357058,52,5
4706,52,3
1995132,52,4
1692974,52,4
1822229,52,4
1330338,52,3
1757216,52,3
2344929,52,4
2238060,52,4
875209,52,4
1677154,52,4
1310633,52,4
2491063,52,3
1156072,52,4
2426482,52,4
1349497,52,3
2643382,52,3
383284,52,2
1707198,52,4
2472797,52,3
977551,52,4
1852040,52,1
674065,52,5
785573,52,4
1416405,52,5
1704379,52,4
1498033,52,5
639722,52,3
211716,52,5
1160896,52,4
2040190,52,5
2361492,52,4
1369890,52,2
2358238,52,3
102333,52,3
2408465,52,4
2111262,52,4
528122,52,5
2450171,52,3
1478051,52,3
303663,52,5
906346,52,4
1062973,52,4
1326195,52,3
604692,52,1
422871,52,3
863285,52,4
1141071,52,4
925978,52,4
2368103,52,3
852204,52,2
2414798,52,3
165451,52,4
378468,52,5
2196911,52,4
1629779,52,4
2327131,52,5
529787,52,5
2479712,52,4
2015025,52,3
1630127,52,3
290350,52,5
931662,52,4
237084,52,3
750674,52,5
1560419,52,3
699564,52,5
1453486,52,5
2456423,52,1
1721650,52,5
1529851,52,4
2441556,52,3
1929020,52,5
413090,52,3
706870,52,5
574606,52,3
1579528,52,5
1991729,52,4
1158399,52,5
1588678,52,3
960835,52,3
635387,52,3
2207504,52,3
1221563,52,3
2205007,52,4
1384220,52,4
1918888,52,3
777453,52,5
767208,52,3
837893,52,3
2200769,52,3
452224,52,4
1350996,52,5
719414,52,5
619878,52,5
2465438,52,4
1625075,52,4
695186,52,3
1056632,52,3
1472772,52,5
578412,52,5
224933,52,4
365340,52,4
163424,52,4
231338,52,3
11452,52,4
486152,52,4
1853940,52,5
88188,52,4
74146,52,4
720555,52,4
1224003,52,4
2110947,52,3
445553,52,5
355532,52,3
1911099,52,4
1166250,52,4
2092745,52,5
265263,52,2
1323752,52,4
1583845,52,4
855392,52,2
675654,52,5
319647,52,3
1163930,52,3
1617280,52,5
2358045,52,5
2442104,52,3
2639426,52,4
779183,52,5
315497,52,5
1444561,52,4
1078406,52,5
1723037,52,2
2429294,52,4
1913536,52,3
2544132,52,5
3718,52,3
1278132,52,5
1608305,52,1
1092407,52,5
1581314,52,4
1073980,52,2
2129407,52,4
1930329,52,4
1733667,52,5
2189440,52,2
886324,52,3
1184388,52,2
2036752,52,4
1464103,52,4
603422,52,4
557494,52,2
1780414,52,3
1543422,52,3
1648411,52,2
749178,52,4
841432,52,3
1434336,52,5
255819,52,5
1012055,52,5
826443,52,2
1831290,52,2
607762,52,5
1513348,52,5
2115240,52,5
2106217,52,4
2011399,52,2
1447421,52,5
1780419,52,4
1050712,52,4
676109,52,4
1608147,52,2
2242413,52,3
1168227,52,5
641624,52,5
1250123,52,5
1312689,52,4
1947624,52,4
508036,52,4
185372,52,4
2484609,52,5
948109,52,4
1033224,52,3
1540455,52,5
2419258,52,5
2151553,52,5
1487647,52,3
1228858,52,5
1532085,52,3
2469840,52,4
2375732,52,3
737905,52,3
509724,52,3
614170,52,5
664406,52,5
356103,52,4
1442506,52,5
198938,52,3
1983863,52,4
2106777,52,4
395380,52,5
304778,52,4
2170999,52,5
2207031,52,3
1979465,52,5
665124,52,3
379707,52,4
1377881,52,4
1736613,52,5
466892,52,3
2606205,52,5
798142,52,3
344726,52,5
668033,52,5
676505,52,5
1875322,52,4
1777221,52,2
1254163,52,5
1812811,52,5
651424,52,1
1842131,52,4
2334388,52,5
964170,52,5
658092,52,5
113104,52,1
1933317,52,2
625026,52,4
956614,52,5
2113991,52,5
814020,52,4
1346623,52,3
2366001,52,3
921587,52,4
938651,52,4
1006073,52,3
236719,52,4
1622196,52,5
2374451,52,3
1143960,52,4
1683055,52,5
2385741,52,3
1042374,52,4
72402,52,5
2374480,52,3
2286634,52,4
611620,52,3
2270849,52,3
2400625,52,3
1213178,52,3
457661,52,3
1182030,52,3
707528,52,2
871900,52,4
365996,52,4
1956647,52,4
489741,52,3
1806126,52,4
1787359,52,5
2073949,52,3
679956,52,3
1451407,52,4
2643057,52,4
2083913,52,5
1971270,52,4
900899,52,4
1905088,52,4
2142405,52,3
1187767,52,1
1259374,52,5
1055166,52,3
1992341,52,3
1008030,52,4
865640,52,5
2102605,52,4
671080,52,5
494741,52,3
362168,52,4
1023991,52,2
1008445,52,4
2118159,52,4
2391629,52,5
178629,52,2
1923116,52,3
2117373,52,3
166193,52,3
1136551,52,5
1352307,52,4
1704416,52,4
770268,52,3
234568,52,3
2119729,52,3
1203467,52,2
1437431,52,5
1055707,52,5
1441086,52,4
1921572,52,3
2133893,52,5
839632,52,4
1591803,52,5
1474326,52,5
502274,52,3
