1527030,76,1
1056998,76,4
1174530,76,5
1753259,76,4
2241806,76,5
669192,76,5
592921,76,4
1294425,76,4
1359983,76,3
1488844,76,3
1017542,76,4
1780909,76,3
1907667,76,3
546017,76,5
2245579,76,5
1148143,76,4
511700,76,4
2325737,76,5
622194,76,5
1046986,76,4
944189,76,3
1838706,76,5
819870,76,3
989704,76,3
677522,76,4
441324,76,3
1698013,76,4
2205253,76,1
2081171,76,1
2018877,76,5
2000775,76,3
2535052,76,4
2179335,76,4
908205,76,3
2521112,76,2
2343417,76,5
255357,76,4
231110,76,4
2385577,76,5
1977128,76,4
945830,76,5
1650301,76,1
1021746,76,5
973736,76,5
843246,76,4
2574246,76,5
687379,76,4
307505,76,5
1564243,76,5
124237,76,5
771321,76,5
119287,76,5
528423,76,5
1504908,76,1
1268887,76,5
312215,76,5
1065154,76,5
619705,76,3
856313,76,5
2459804,76,5
2142225,76,1
459486,76,3
794275,76,5
155899,76,5
1984086,76,5
406121,76,5
1773518,76,5
1257394,76,5
1387049,76,4
1756658,76,2
259713,76,4
1262112,76,5
969295,76,5
1507905,76,4
2530840,76,5
793754,76,5
61343,76,3
584007,76,4
1498198,76,5
2525544,76,5
1998055,76,5
1304144,76,5
2059716,76,5
1277391,76,1
1914018,76,4
1659847,76,3
915571,76,4
396576,76,5
2325270,76,4
1564015,76,4
200255,76,5
879131,76,4
2201224,76,5
1348148,76,3
2160787,76,4
847545,76,5
1572950,76,5
1534686,76,3
1985755,76,5
57088,76,5
1123243,76,4
771441,76,5
27870,76,3
1829891,76,4
567561,76,5
1490572,76,5
988730,76,5
798171,76,5
845912,76,5
69183,76,5
2064033,76,1
558634,76,5
303948,76,4
2250121,76,2
2035994,76,4
2088489,76,4
963962,76,1
2475820,76,5
681050,76,3
1357064,76,4
289162,76,3
1285935,76,5
2620565,76,5
1493780,76,5
491331,76,2
937847,76,5
812717,76,5
457876,76,4
1890303,76,5
86365,76,5
2509588,76,4
264856,76,5
1273429,76,4
1673185,76,4
1902434,76,4
1693660,76,5
2169283,76,5
1415812,76,4
1048939,76,5
632708,76,5
829668,76,5
279960,76,4
2293883,76,5
1272479,76,5
1120202,76,5
830912,76,5
847285,76,4
152178,76,5
1027819,76,4
1740732,76,5
1632290,76,3
1681133,76,4
1220170,76,4
1358681,76,5
1456096,76,5
641013,76,5
831920,76,4
49892,76,5
1033629,76,5
1197233,76,1
571538,76,2
1295097,76,3
1080872,76,4
2503094,76,5
1365840,76,5
35972,76,3
1466320,76,5
2118307,76,3
819045,76,5
2156371,76,2
1179117,76,2
2250423,76,5
1624075,76,3
766064,76,5
2479086,76,5
1018547,76,4
1759484,76,3
472027,76,4
1248452,76,5
1614636,76,5
356731,76,5
2502180,76,3
2100684,76,1
525356,76,1
73103,76,4
650326,76,4
999456,76,4
1983493,76,4
2289265,76,4
311641,76,2
2266083,76,5
559732,76,5
1288999,76,4
1161725,76,1
686510,76,4
1062133,76,5
2414516,76,5
873556,76,1
1494502,76,4
11424,76,5
1481961,76,4
1830763,76,1
2389578,76,3
2645569,76,5
1118103,76,5
1932377,76,3
1150025,76,5
1200781,76,2
1937486,76,2
189230,76,4
659890,76,4
8757,76,5
750543,76,5
2210112,76,5
2384213,76,5
462380,76,4
1741099,76,5
329651,76,5
1962947,76,5
2434666,76,4
2092076,76,5
817609,76,5
2599606,76,3
462799,76,5
77469,76,5
2531303,76,2
1139591,76,5
1841531,76,3
1553047,76,5
527007,76,4
719288,76,5
2605408,76,3
301456,76,3
1308744,76,4
727761,76,4
2495584,76,3
1598646,76,5
1193827,76,5
313962,76,4
383634,76,5
1630967,76,3
393519,76,5
1635209,76,5
1335582,76,1
1034529,76,5
1390277,76,5
2595747,76,5
1526008,76,1
1474282,76,3
680316,76,5
732375,76,5
1553126,76,4
467808,76,3
717542,76,5
239285,76,3
374858,76,5
1980203,76,5
2583113,76,5
935845,76,5
1725155,76,5
23421,76,4
285031,76,5
1684223,76,2
2269654,76,5
984584,76,1
2106311,76,2
1221477,76,5
2401585,76,4
1108304,76,4
414635,76,5
2627312,76,5
962384,76,3
1610263,76,4
631747,76,5
116761,76,3
1220431,76,5
1957216,76,5
1351132,76,5
1938498,76,5
881876,76,4
2035068,76,4
2437854,76,5
1583564,76,4
525361,76,1
2233782,76,5
308068,76,5
818025,76,5
2535470,76,4
1649964,76,4
1977612,76,5
633253,76,5
305733,76,5
1728403,76,5
2023518,76,2
1556097,76,4
89800,76,3
227125,76,5
2436583,76,4
198936,76,5
1676093,76,5
2262558,76,4
732363,76,2
248151,76,5
2257122,76,5
1661600,76,4
2492392,76,5
962564,76,3
103619,76,4
2149827,76,4
1417211,76,4
2201323,76,4
2460653,76,5
328516,76,5
2621846,76,5
1610061,76,5
416214,76,3
17240,76,3
2276416,76,5
912093,76,2
2621026,76,4
349572,76,3
388195,76,2
1386141,76,4
295718,76,5
24294,76,5
2034323,76,4
2459624,76,4
754329,76,2
2099177,76,1
521825,76,5
11861,76,5
727242,76,1
52029,76,5
1839779,76,3
2595156,76,3
1356239,76,5
1466028,76,4
2079019,76,3
255631,76,5
1124163,76,3
2303885,76,4
1851033,76,3
1940545,76,4
2266068,76,4
2049843,76,5
40563,76,3
383702,76,5
1988618,76,2
1709921,76,5
2237423,76,5
2489437,76,5
325463,76,5
2213284,76,5
1974166,76,4
1487473,76,2
771136,76,5
1145733,76,3
880579,76,5
1756697,76,5
1427380,76,5
709755,76,3
1287155,76,5
131752,76,4
396157,76,5
627975,76,5
411705,76,4
1490728,76,5
134351,76,5
2419786,76,5
248143,76,5
661220,76,4
2499019,76,5
704223,76,4
697601,76,4
1366677,76,3
2359103,76,4
1396046,76,3
1563429,76,5
830370,76,5
338522,76,5
22853,76,5
2551806,76,4
1272379,76,4
2534367,76,3
199257,76,4
862158,76,3
76963,76,4
1202718,76,4
2294839,76,5
2130859,76,2
2170930,76,1
1465002,76,4
1465238,76,5
619452,76,3
795872,76,5
745238,76,5
1781428,76,5
492853,76,4
2308912,76,4
39490,76,5
2329026,76,4
940089,76,4
2521044,76,5
977533,76,4
1103080,76,5
2097608,76,4
1461361,76,5
670188,76,5
798731,76,5
2035299,76,5
1991674,76,3
63493,76,5
273019,76,2
1808514,76,5
1386382,76,5
110288,76,5
1144771,76,4
2405956,76,1
1369085,76,5
1937449,76,5
1575462,76,5
1792741,76,4
1309088,76,1
1176462,76,3
1659398,76,5
2584865,76,5
1138678,76,3
625300,76,5
1323848,76,4
194586,76,4
1198631,76,5
2100574,76,5
1583129,76,3
577096,76,1
2430493,76,5
1368140,76,4
1432885,76,4
1941368,76,5
1928860,76,5
1342785,76,4
2578689,76,5
1342407,76,4
470744,76,5
964730,76,5
195504,76,5
274911,76,5
1597337,76,5
2333722,76,5
501862,76,4
968759,76,2
1133807,76,4
1206859,76,5
972166,76,4
203498,76,5
428365,76,3
287470,76,2
396132,76,2
2344128,76,5
1827952,76,4
591844,76,5
2235584,76,4
1427330,76,5
2429396,76,5
2371389,76,4
636262,76,1
1989562,76,5
706355,76,5
113692,76,5
779765,76,3
2005521,76,1
835307,76,5
1682734,76,4
2217988,76,5
1350030,76,4
1618291,76,5
91502,76,4
1727342,76,5
441200,76,4
516343,76,4
920932,76,1
750944,76,3
491293,76,3
2050877,76,5
544532,76,5
1718527,76,5
115010,76,5
124728,76,4
982829,76,3
2062350,76,5
1341754,76,5
436072,76,5
767416,76,4
158854,76,4
532177,76,4
1827441,76,4
2626033,76,5
1438620,76,5
1139570,76,3
1042795,76,3
397684,76,5
1391652,76,5
2187741,76,3
1193636,76,4
1741931,76,5
1819462,76,1
2630337,76,5
2519696,76,5
2417355,76,4
2456301,76,5
576085,76,5
2077168,76,5
464046,76,5
2473882,76,2
592132,76,4
1821395,76,3
1142278,76,5
2495043,76,5
479924,76,5
481523,76,4
1047830,76,3
2439493,76,2
301934,76,5
2540776,76,5
1743766,76,5
1426015,76,5
1236332,76,4
530789,76,5
1709316,76,5
491462,76,3
315100,76,5
1906394,76,4
921080,76,1
985688,76,5
1330841,76,3
829169,76,5
204363,76,5
332086,76,5
2519310,76,3
2545300,76,3
1395967,76,4
1661485,76,5
2316691,76,5
1731543,76,5
2443669,76,4
359141,76,4
845921,76,5
566255,76,1
2450621,76,4
757004,76,1
1977890,76,3
2015284,76,5
696005,76,2
2208495,76,4
388863,76,5
2421368,76,5
798250,76,5
887741,76,5
2427376,76,4
1250516,76,4
1038791,76,5
2159419,76,4
2336169,76,5
2397204,76,5
1591085,76,1
878172,76,4
676587,76,3
1067990,76,5
1154874,76,4
2507646,76,3
1733012,76,5
1130118,76,5
2185614,76,5
1506552,76,4
1910320,76,2
665413,76,3
1540655,76,5
1028350,76,5
1917946,76,1
2396772,76,4
1416455,76,4
1452127,76,5
452919,76,4
667102,76,3
176377,76,5
557914,76,3
66179,76,5
238740,76,3
2003251,76,5
189887,76,4
94874,76,5
1833446,76,4
2056761,76,5
856578,76,5
1160795,76,4
1141718,76,5
1799009,76,4
585412,76,5
1120476,76,4
1563935,76,1
776833,76,5
1203532,76,5
368070,76,5
837541,76,3
1796439,76,2
1162879,76,4
462113,76,5
2543844,76,3
1283873,76,3
2431353,76,4
1653998,76,5
2528951,76,4
2333948,76,4
1200256,76,3
1908191,76,5
1939431,76,4
2045817,76,5
861874,76,3
1447870,76,4
924960,76,5
57186,76,5
2439537,76,5
1073178,76,5
2337730,76,5
504297,76,5
1172249,76,3
887893,76,5
2505894,76,4
2077101,76,4
746713,76,4
1806805,76,4
1906080,76,5
1497251,76,5
1764804,76,1
2179859,76,2
1862727,76,3
2636654,76,4
1964980,76,5
1570292,76,5
1432514,76,5
1905147,76,4
1845393,76,1
657195,76,5
2388555,76,3
2014137,76,5
65593,76,5
81881,76,3
1720884,76,5
306347,76,2
2398061,76,5
684876,76,5
2389367,76,5
2578574,76,3
74320,76,5
165247,76,5
1504503,76,4
2155681,76,5
2599262,76,5
593770,76,5
313331,76,3
1869082,76,5
536334,76,5
665876,76,5
1996490,76,3
1487570,76,5
2523426,76,4
2488357,76,4
1351952,76,5
2205417,76,5
266509,76,5
220223,76,4
154669,76,3
1819758,76,3
592122,76,5
904250,76,5
87360,76,5
977402,76,2
929208,76,4
2040859,76,1
733364,76,5
2588510,76,3
753231,76,4
1147853,76,2
609,76,4
760061,76,5
1362091,76,3
1111275,76,1
310383,76,4
994569,76,3
2429310,76,3
1329779,76,4
1134085,76,4
951113,76,5
1601862,76,5
674232,76,5
1026246,76,3
514829,76,4
247932,76,4
2600762,76,1
316752,76,3
732907,76,4
737660,76,3
325844,76,4
1899321,76,5
324115,76,5
1906808,76,5
1795884,76,5
2035595,76,5
2040676,76,2
2091736,76,5
442118,76,5
1903717,76,5
1797483,76,5
1177340,76,5
1028463,76,5
992650,76,5
959443,76,5
2014346,76,2
152807,76,4
1093198,76,1
1322467,76,4
1409430,76,4
645994,76,5
2404972,76,5
833176,76,3
594841,76,5
492092,76,5
2584252,76,5
1473595,76,5
185867,76,5
1256419,76,3
522846,76,2
2539942,76,4
1268699,76,5
2114015,76,5
868881,76,5
1173675,76,1
2308593,76,2
1993440,76,4
633303,76,5
1637718,76,4
565928,76,4
2567865,76,5
1337153,76,5
1123111,76,5
871915,76,5
1788733,76,5
1717675,76,4
880688,76,5
2314419,76,4
743633,76,5
1960129,76,4
846883,76,5
2117607,76,4
2228818,76,3
2508565,76,3
1899913,76,5
1744594,76,4
2227388,76,3
915472,76,5
2332750,76,5
1482497,76,3
962019,76,3
681634,76,4
952156,76,4
1255543,76,5
407037,76,3
2338019,76,4
1477732,76,5
1220309,76,4
1090853,76,4
1092521,76,3
698316,76,5
485010,76,2
294265,76,5
444229,76,3
1608223,76,4
38908,76,4
634388,76,4
1589357,76,5
931588,76,1
1087416,76,5
1275275,76,3
943915,76,3
2282361,76,5
1083037,76,5
506602,76,5
874505,76,5
1040691,76,4
120912,76,3
720693,76,1
2051495,76,5
1494438,76,5
328496,76,5
1616135,76,5
294460,76,4
1396036,76,5
2248543,76,5
1358685,76,5
1851011,76,5
1128164,76,5
847232,76,5
551783,76,5
2283873,76,5
2633545,76,3
1666920,76,3
485461,76,4
1380915,76,5
1494070,76,4
2264111,76,5
1475939,76,5
2600868,76,5
1517590,76,4
1840165,76,5
128389,76,5
769702,76,5
2436179,76,5
332698,76,2
945022,76,5
638020,76,3
1999176,76,4
313060,76,1
2570169,76,2
2640999,76,1
1022653,76,4
1605213,76,3
820252,76,3
2321701,76,2
1093038,76,4
2440280,76,4
403536,76,3
1743759,76,2
1060057,76,4
1338746,76,5
676123,76,5
2082864,76,4
2084626,76,5
478919,76,4
2181739,76,5
2239000,76,2
1256990,76,5
1708797,76,5
972914,76,4
1659896,76,1
2575174,76,3
2457095,76,2
384710,76,5
277837,76,5
936393,76,5
1623923,76,5
1703742,76,3
16388,76,4
1158822,76,3
562026,76,4
846752,76,4
2329945,76,5
1050678,76,4
2070851,76,5
1757328,76,4
1936110,76,4
394895,76,4
353739,76,4
1508220,76,5
701864,76,5
550883,76,4
1814637,76,3
700005,76,5
2438440,76,3
595778,76,5
1765967,76,4
942007,76,5
943336,76,4
1105029,76,5
222271,76,5
1489224,76,5
1931453,76,4
2174688,76,1
1550423,76,4
896736,76,5
318718,76,5
1163442,76,4
2331106,76,5
2153970,76,5
69724,76,5
1385788,76,1
2334642,76,4
347301,76,1
579549,76,5
994614,76,4
2065164,76,4
133462,76,3
1036350,76,5
660233,76,5
364749,76,2
876961,76,1
1621089,76,2
2550506,76,3
412824,76,5
1038521,76,5
2531844,76,4
770860,76,5
2553627,76,5
1347573,76,4
2356004,76,5
670831,76,3
100035,76,5
1495930,76,5
2613898,76,5
2459926,76,5
738581,76,5
1283508,76,4
1912447,76,5
1230191,76,4
388468,76,1
510904,76,5
763571,76,3
1267738,76,3
1137666,76,5
2171111,76,5
1711346,76,5
2006269,76,5
704089,76,3
838669,76,5
709881,76,5
770630,76,3
2401052,76,5
2251669,76,5
440463,76,3
414994,76,4
2617902,76,3
918309,76,4
514870,76,5
1136979,76,2
2264244,76,1
1674112,76,4
2608766,76,3
2031767,76,4
2550175,76,4
2072415,76,5
1737149,76,5
2494753,76,5
540293,76,5
2364551,76,5
1303722,76,5
502303,76,5
2309163,76,5
1744821,76,5
2283320,76,5
1268483,76,5
1358623,76,2
1059101,76,4
1740316,76,2
1583631,76,3
227217,76,5
501420,76,4
653361,76,3
1810141,76,5
729671,76,4
1668126,76,5
2426510,76,4
2469575,76,5
1320869,76,5
2510270,76,3
808826,76,5
2556992,76,5
752094,76,3
782316,76,4
2588759,76,1
1441164,76,5
326225,76,5
230046,76,4
1262003,76,4
1976520,76,5
910114,76,5
1282169,76,5
2084213,76,5
1207950,76,4
184705,76,4
1500246,76,3
1395619,76,5
259516,76,1
752176,76,5
1591705,76,5
2029979,76,4
1067376,76,5
1740987,76,5
1021157,76,4
2643375,76,5
496940,76,5
463781,76,4
1035775,76,5
374380,76,5
199435,76,4
1684341,76,5
1224055,76,5
1123175,76,2
2364214,76,5
946714,76,4
833752,76,5
1696881,76,4
781810,76,5
2210272,76,5
2570444,76,3
1834598,76,5
1487011,76,4
1341214,76,4
1943141,76,5
701226,76,5
506044,76,4
2268851,76,5
1274789,76,5
1675006,76,4
2019358,76,4
2439416,76,5
341649,76,4
884925,76,5
1079644,76,5
2071652,76,3
1873315,76,5
1229545,76,4
595870,76,2
1815269,76,4
2599690,76,4
1057176,76,4
1957215,76,5
1593175,76,5
1391523,76,5
2552795,76,1
2641580,76,5
1566775,76,4
631001,76,5
2571992,76,4
1303244,76,4
1190294,76,4
1176591,76,5
797951,76,4
1640334,76,4
923645,76,4
404561,76,4
1612996,76,4
385094,76,5
860520,76,4
2232579,76,5
328535,76,4
2507559,76,4
2518947,76,3
2637187,76,4
1970677,76,5
1261819,76,2
1243316,76,4
552739,76,4
1625185,76,3
2513559,76,5
577350,76,4
2518807,76,5
1041755,76,3
368756,76,4
1816992,76,4
426863,76,5
1846930,76,4
793892,76,3
997467,76,3
2051681,76,4
941431,76,4
215432,76,5
2251117,76,5
1083642,76,2
1647674,76,1
936169,76,5
1511669,76,5
1243562,76,3
777400,76,5
759149,76,5
970335,76,3
129766,76,5
938424,76,5
2250323,76,4
320314,76,4
322009,76,4
1225082,76,5
117507,76,5
2532402,76,5
190632,76,5
1054416,76,3
1408451,76,5
257630,76,3
544925,76,3
675283,76,5
1397843,76,5
1358358,76,4
1669745,76,5
2209212,76,4
2119848,76,5
2614315,76,5
1398142,76,4
1914623,76,5
2380030,76,5
1480539,76,3
1540638,76,5
285683,76,5
2095338,76,5
1888568,76,5
1470123,76,1
626387,76,4
936183,76,5
128536,76,5
1953458,76,5
979155,76,4
669086,76,5
181207,76,5
2399842,76,5
445315,76,4
1957786,76,5
99993,76,2
2309509,76,5
274191,76,5
2075584,76,4
2636005,76,3
1280388,76,4
2028425,76,4
1650580,76,3
624550,76,1
1046103,76,5
322031,76,4
423681,76,4
2633543,76,5
1795626,76,5
1132764,76,5
2349059,76,5
1030519,76,4
510834,76,4
1463219,76,4
595455,76,5
601771,76,5
1071510,76,4
124564,76,4
1540611,76,4
2054936,76,4
695091,76,5
2442646,76,4
2051329,76,5
800618,76,5
385522,76,5
2473448,76,5
1166822,76,5
1828866,76,5
2251189,76,3
490464,76,5
1996598,76,3
2412566,76,5
1482393,76,3
1664010,76,5
774643,76,5
2084543,76,3
2276333,76,3
1672953,76,4
2396898,76,5
1919580,76,3
2094431,76,4
1932079,76,5
349403,76,3
393650,76,4
1738713,76,3
329966,76,5
239431,76,5
438733,76,5
811532,76,5
75624,76,5
1171236,76,5
1397990,76,1
2050613,76,5
2258425,76,5
49890,76,5
62499,76,5
2241103,76,3
734754,76,5
416881,76,1
2513873,76,5
1214966,76,5
1738559,76,3
2563721,76,5
2423553,76,5
2161965,76,4
459871,76,5
2148740,76,5
576990,76,1
333739,76,5
2457445,76,5
2073960,76,5
44397,76,5
1352781,76,5
2259174,76,4
1738843,76,4
981705,76,4
1178543,76,5
988673,76,4
759300,76,5
2029403,76,5
28759,76,4
254078,76,5
127238,76,4
2145761,76,5
2334283,76,4
2120927,76,5
151539,76,4
2647005,76,3
1715995,76,4
1176925,76,5
933091,76,5
2219920,76,4
1430398,76,4
742105,76,4
345953,76,3
301272,76,4
386457,76,5
2473586,76,2
2227543,76,3
804056,76,5
2414326,76,1
809354,76,5
2348685,76,5
168190,76,5
1602776,76,5
2387990,76,4
753107,76,4
1472304,76,3
1425494,76,1
455024,76,3
1865329,76,3
1276,76,3
1456270,76,3
1265878,76,4
545374,76,4
1189574,76,5
1616746,76,3
2269876,76,5
2353324,76,5
729775,76,5
1454129,76,5
2135590,76,5
1759285,76,5
1137522,76,5
1929504,76,5
1636145,76,5
2099780,76,1
253217,76,5
1152696,76,5
902047,76,3
1586811,76,5
1431134,76,1
1922799,76,3
2195651,76,4
1303814,76,5
2379857,76,4
1957565,76,3
439134,76,4
1510806,76,5
2409499,76,3
2287580,76,5
1836580,76,4
2467784,76,5
1435875,76,5
2381805,76,4
2403533,76,3
1241893,76,5
1863703,76,5
1971796,76,4
1938729,76,5
78885,76,4
751829,76,5
147963,76,1
362083,76,5
766938,76,5
1946355,76,5
2135891,76,4
622382,76,5
1176322,76,4
1234452,76,5
896753,76,3
1257447,76,3
1641506,76,5
110938,76,5
2588413,76,3
1215584,76,5
477254,76,4
1097058,76,5
2438263,76,3
1605593,76,2
185979,76,5
779811,76,4
418779,76,5
954050,76,5
2489545,76,3
2117446,76,5
1675269,76,5
642248,76,5
997220,76,4
865926,76,4
745607,76,4
682914,76,5
992021,76,4
30438,76,1
2329672,76,5
321078,76,2
251595,76,5
2158880,76,5
1002025,76,5
2427512,76,4
1026933,76,5
1178846,76,5
1148389,76,4
2375713,76,5
1117314,76,5
1812358,76,4
314146,76,5
949206,76,3
7599,76,3
560960,76,5
1770320,76,5
178797,76,5
1361246,76,5
1122106,76,5
1467800,76,3
815635,76,5
592746,76,5
862040,76,3
2190684,76,4
347276,76,3
1301819,76,5
75976,76,5
2137979,76,5
1163000,76,5
2422758,76,4
2645431,76,1
1049142,76,5
1094767,76,4
1051922,76,5
2177118,76,5
2132950,76,4
919539,76,2
1181841,76,5
1765368,76,5
2497577,76,4
875746,76,5
9321,76,5
1772215,76,5
1949871,76,5
185780,76,5
1053421,76,4
1521469,76,4
1675183,76,1
882483,76,5
2032884,76,4
1181673,76,4
390371,76,4
1452061,76,3
208538,76,3
1465888,76,4
623229,76,3
875437,76,5
828349,76,2
1465705,76,4
688246,76,5
2134385,76,4
1564435,76,4
1519384,76,4
971103,76,5
2635943,76,5
86246,76,4
1400023,76,3
2290835,76,5
1292802,76,2
1021192,76,3
1720402,76,3
263361,76,4
682084,76,5
1515936,76,4
148578,76,3
1617722,76,4
31259,76,5
235665,76,2
1750276,76,1
2550095,76,2
1837325,76,5
942513,76,5
357226,76,1
981753,76,4
2606932,76,5
1847802,76,5
65194,76,1
1971298,76,5
1932832,76,5
655385,76,4
268405,76,5
600152,76,5
1295603,76,3
350415,76,5
1901384,76,4
1917540,76,5
2206623,76,5
732122,76,5
1377310,76,4
2216196,76,3
1098841,76,5
1806731,76,4
1207750,76,5
1379133,76,5
2223033,76,4
892694,76,5
132277,76,3
2559676,76,4
495388,76,2
350067,76,3
1132203,76,3
2375169,76,1
1567867,76,4
2025104,76,5
2442925,76,5
2608144,76,4
1567995,76,2
829075,76,4
1771108,76,4
799826,76,4
815638,76,4
427967,76,2
895888,76,4
532439,76,5
147304,76,3
773432,76,5
1182251,76,5
2536520,76,1
2115175,76,5
1106280,76,5
1932397,76,5
2156708,76,2
1476643,76,4
1564241,76,5
1399457,76,5
1538940,76,5
1906026,76,3
166041,76,4
1947739,76,5
888631,76,3
375148,76,1
952063,76,4
2411231,76,5
266114,76,2
1326984,76,4
2455393,76,5
1655778,76,4
315894,76,4
285797,76,5
1418238,76,4
2306557,76,3
1842902,76,3
372810,76,3
476043,76,5
2055928,76,5
2369280,76,1
587983,76,4
976373,76,5
722591,76,5
1587311,76,5
975229,76,5
2439868,76,4
2291306,76,2
257095,76,5
870134,76,5
143500,76,5
1879099,76,5
2627190,76,4
202501,76,4
2389824,76,5
1076412,76,5
599050,76,4
1706866,76,3
453239,76,5
288806,76,5
854949,76,1
1589903,76,4
2476026,76,3
3321,76,4
1016879,76,5
2530173,76,1
1750812,76,4
1581589,76,5
42930,76,5
1501121,76,5
1092625,76,5
268159,76,3
1111943,76,5
1025331,76,5
662651,76,4
685565,76,5
1676373,76,5
728413,76,2
2024298,76,4
525021,76,5
1273493,76,5
74533,76,5
2640293,76,5
1054188,76,5
433651,76,5
2549929,76,4
1768807,76,5
1560899,76,1
841952,76,5
1339451,76,5
2410823,76,1
529818,76,4
1349717,76,5
2377061,76,4
2050532,76,3
717131,76,3
1464315,76,5
2010849,76,4
834131,76,5
579959,76,1
1326360,76,4
2404725,76,4
699625,76,5
1711885,76,4
2182282,76,5
2518289,76,4
1721412,76,5
978075,76,4
1765744,76,5
2056724,76,4
71050,76,4
260103,76,3
417045,76,5
59938,76,3
781131,76,2
1373480,76,5
1622407,76,5
535156,76,4
2107839,76,4
1650376,76,5
224836,76,5
1870997,76,1
914940,76,4
2074580,76,5
2493236,76,5
513930,76,5
948541,76,3
2161158,76,5
543672,76,4
1250061,76,4
974174,76,5
1500564,76,5
1542628,76,3
2328511,76,5
396440,76,3
2639105,76,5
1857889,76,5
1361843,76,5
1864155,76,5
1172530,76,5
2449001,76,5
1194911,76,3
2262924,76,5
2441072,76,5
1917585,76,5
1346692,76,1
866795,76,4
1452283,76,4
382806,76,5
769942,76,3
1416785,76,3
2457720,76,5
2210867,76,1
265024,76,5
1811259,76,4
1007754,76,5
208337,76,5
1006456,76,5
1232966,76,5
1340377,76,4
66540,76,5
1446054,76,5
267588,76,5
1798075,76,5
950730,76,5
748141,76,5
893373,76,5
1779082,76,4
480466,76,5
2490545,76,4
2363413,76,3
320856,76,3
1902417,76,5
1875201,76,5
453782,76,4
872221,76,5
655837,76,5
760921,76,5
180902,76,4
1523615,76,5
2393468,76,2
33089,76,4
1540466,76,4
1686134,76,4
1456376,76,5
120579,76,5
1438031,76,5
1559083,76,3
1636164,76,5
894055,76,5
445423,76,5
372331,76,4
1528604,76,3
2606799,76,3
735623,76,4
850008,76,5
1377637,76,4
954924,76,4
1333494,76,5
2504686,76,5
472172,76,5
564895,76,5
2282997,76,4
113799,76,1
1174043,76,5
644929,76,5
2597530,76,1
1628162,76,5
1971566,76,5
977854,76,3
881873,76,4
485973,76,1
1769206,76,5
1146000,76,2
155245,76,5
2365508,76,5
1453267,76,5
1533459,76,3
2306050,76,4
715339,76,4
1850620,76,1
587610,76,5
1802819,76,5
1500478,76,4
2189804,76,5
116353,76,4
647979,76,3
720142,76,4
1559445,76,5
1740380,76,5
47776,76,5
1595004,76,1
2134226,76,5
2375962,76,3
327791,76,5
2014838,76,2
2484295,76,3
1250222,76,5
1511623,76,5
1988375,76,5
1461864,76,5
716173,76,5
731279,76,5
38893,76,5
1744939,76,3
17707,76,1
1301243,76,1
2243977,76,5
1452773,76,1
1783376,76,3
926431,76,5
1079253,76,3
1407227,76,4
2233803,76,3
1197972,76,4
1299887,76,5
1182617,76,3
280280,76,3
201681,76,5
2574221,76,5
2336240,76,4
316006,76,3
2141153,76,3
314618,76,3
1310583,76,3
201432,76,4
545026,76,5
1591103,76,4
78475,76,4
2255193,76,5
2439370,76,5
1567970,76,5
1578801,76,5
2430041,76,5
532271,76,4
1502685,76,5
1048995,76,4
682963,76,4
807111,76,2
540803,76,5
1725453,76,5
1074020,76,5
2160996,76,5
376212,76,5
799026,76,3
1114607,76,5
2544834,76,3
91234,76,5
208336,76,5
1880039,76,4
1461818,76,5
399971,76,4
1961537,76,5
315813,76,1
2089531,76,5
1480900,76,4
934993,76,4
2138116,76,3
1419882,76,3
2201507,76,3
1167774,76,5
1428050,76,5
895935,76,4
2444240,76,2
497170,76,4
2076589,76,5
1587543,76,5
912340,76,4
242616,76,5
1779276,76,5
1153562,76,5
2641802,76,4
1156354,76,5
2490423,76,5
2187483,76,5
2339330,76,5
1018113,76,4
766450,76,3
417746,76,5
2317746,76,2
2270835,76,5
3423,76,4
2263991,76,3
2165875,76,5
937200,76,4
397612,76,5
904842,76,5
1467105,76,4
629080,76,4
284227,76,4
1747640,76,4
415005,76,4
2009466,76,3
1775400,76,1
1667288,76,1
211233,76,4
2251664,76,5
76638,76,5
296849,76,3
319058,76,5
987299,76,5
880910,76,5
894339,76,4
1018928,76,4
1601112,76,4
120548,76,5
602481,76,5
1677989,76,1
1494683,76,4
825353,76,1
847471,76,5
2073292,76,4
2579163,76,5
905377,76,4
426295,76,5
1390399,76,4
11043,76,5
2124539,76,5
1625343,76,4
1151171,76,1
1079310,76,1
989152,76,4
1308266,76,5
169458,76,1
598366,76,5
250059,76,3
1483921,76,3
1734467,76,4
83521,76,5
90900,76,4
894232,76,3
1460791,76,5
583204,76,5
1627955,76,5
1387099,76,4
1023493,76,5
1672832,76,1
761197,76,2
2043149,76,5
1575939,76,5
1307258,76,4
697935,76,5
1338171,76,2
254789,76,5
2178672,76,5
1049010,76,5
581281,76,4
2407606,76,5
1344733,76,2
449213,76,5
2499453,76,5
990533,76,3
1423741,76,5
1523077,76,5
1576102,76,5
2577960,76,5
858905,76,5
2019921,76,5
2646347,76,4
2212463,76,5
1548234,76,4
2138831,76,3
1548870,76,5
1727514,76,5
969304,76,4
1608476,76,5
1367596,76,5
1820859,76,5
1893117,76,3
72165,76,5
647472,76,4
305344,76,1
500282,76,5
2075711,76,4
326661,76,5
363107,76,5
809955,76,5
346786,76,4
749591,76,4
2464003,76,4
2051331,76,3
2394782,76,4
1641911,76,5
2464226,76,2
1669116,76,5
158785,76,4
788934,76,4
2090838,76,3
593005,76,5
1204323,76,5
567198,76,3
1197493,76,3
2165453,76,4
216059,76,1
2490379,76,5
39874,76,5
1193873,76,5
728569,76,4
1321230,76,5
2393223,76,4
635056,76,3
2368686,76,3
2042985,76,5
1978089,76,4
1183823,76,4
2226510,76,4
14301,76,5
219894,76,3
1129197,76,5
1974599,76,3
1658158,76,4
99906,76,5
1684187,76,5
689215,76,2
1457006,76,2
1939632,76,4
2345117,76,1
2320097,76,2
1835080,76,5
1888914,76,5
487867,76,5
1617787,76,3
1160062,76,4
1710658,76,3
330460,76,5
244718,76,1
1880556,76,2
1268171,76,2
2276790,76,4
1239149,76,5
2603059,76,5
188903,76,5
172630,76,5
1562632,76,3
888488,76,4
1523710,76,5
1205174,76,4
2560657,76,4
1503661,76,3
847780,76,4
2375380,76,3
1065779,76,5
2042868,76,3
2365589,76,5
2347,76,4
689488,76,3
196301,76,5
827240,76,3
2192308,76,5
1144671,76,5
833255,76,4
978086,76,5
2147527,76,2
1363173,76,5
1022452,76,4
198094,76,1
2522300,76,4
2593255,76,5
878341,76,5
2585563,76,4
1448643,76,3
2438832,76,4
2597802,76,4
498800,76,5
43148,76,5
2242472,76,3
508491,76,5
28581,76,5
1126179,76,3
2573464,76,5
1598009,76,1
1878185,76,4
356047,76,3
2468929,76,2
1183437,76,5
1069747,76,5
1221959,76,5
842841,76,5
2187827,76,2
19318,76,4
2535663,76,3
2494071,76,4
137204,76,5
2347228,76,5
232877,76,5
2504803,76,3
2254385,76,4
1005242,76,5
1705283,76,5
502555,76,2
768876,76,5
1035863,76,3
2612259,76,2
627015,76,4
1188097,76,4
895386,76,5
168729,76,4
447759,76,5
1949010,76,1
1961649,76,4
739009,76,5
1085566,76,5
2593365,76,4
189684,76,5
509554,76,4
1059194,76,5
1145740,76,5
274014,76,5
2464081,76,4
1658662,76,3
332471,76,5
541831,76,5
1653637,76,3
1486688,76,3
872311,76,5
2260540,76,1
602959,76,5
1789704,76,4
124598,76,5
1452396,76,5
1815174,76,5
345365,76,5
299724,76,1
352062,76,2
1169771,76,5
1623764,76,5
1498249,76,5
1603022,76,4
2150746,76,5
1812156,76,5
2446249,76,3
649071,76,5
1771716,76,5
252515,76,4
300435,76,4
363845,76,3
1459971,76,5
160114,76,3
995144,76,5
1622071,76,4
2162095,76,3
2565612,76,4
494440,76,5
1727478,76,2
2074458,76,5
655601,76,3
2521856,76,5
1831361,76,3
1473641,76,5
2219361,76,5
1837730,76,5
615064,76,4
780768,76,4
841842,76,5
2297365,76,5
1996893,76,4
1415024,76,4
397793,76,4
2473986,76,4
1146103,76,5
2548361,76,5
2286441,76,1
2443690,76,5
2317549,76,4
992918,76,3
1708366,76,2
1820040,76,5
2484725,76,4
336457,76,5
647111,76,3
1039782,76,4
2076863,76,4
2070186,76,5
1388044,76,4
222381,76,5
2487313,76,5
2542129,76,5
1734572,76,4
2460897,76,4
2315012,76,5
2017548,76,5
983069,76,4
1866092,76,4
2137795,76,4
367706,76,4
2483246,76,5
906574,76,5
53719,76,5
2118797,76,5
2430267,76,5
672286,76,5
128933,76,5
2099294,76,5
872220,76,3
1081847,76,5
1897965,76,5
2239213,76,4
1053296,76,4
702044,76,4
1770828,76,4
360264,76,3
2251987,76,5
2479642,76,5
186519,76,5
875361,76,3
2029744,76,3
1020476,76,3
214140,76,4
1049467,76,4
1371388,76,5
409143,76,4
1638252,76,5
120150,76,1
1462792,76,5
1587290,76,5
1497007,76,5
1343658,76,4
972399,76,3
1063243,76,4
1498974,76,4
1518706,76,5
304485,76,5
2083951,76,5
380992,76,4
1706548,76,4
1167991,76,4
2275174,76,3
1649323,76,4
2276002,76,4
853459,76,5
1745331,76,5
2049454,76,3
1232348,76,4
408284,76,4
2005241,76,5
1176763,76,5
745100,76,5
567239,76,5
249030,76,4
1438804,76,3
16287,76,3
2493476,76,1
2184218,76,5
1334965,76,5
539186,76,3
705075,76,4
428189,76,5
819621,76,2
1866094,76,3
980292,76,3
823101,76,5
2069526,76,1
2385533,76,1
834611,76,4
1848938,76,5
727207,76,4
901294,76,4
1319879,76,5
477383,76,3
517454,76,5
1934002,76,2
1329904,76,3
1336765,76,5
337793,76,4
1839384,76,5
927271,76,4
1313231,76,1
2167559,76,3
310101,76,4
1758213,76,5
2441762,76,5
1672093,76,5
2350141,76,1
2422145,76,5
12812,76,4
287408,76,5
2267592,76,3
2057165,76,5
800389,76,5
2556131,76,4
45656,76,3
1665270,76,4
1934089,76,4
752642,76,2
922812,76,5
49355,76,1
485294,76,5
938764,76,5
227799,76,2
613515,76,4
1580032,76,4
2273335,76,3
488551,76,5
2469845,76,4
1651197,76,4
822160,76,4
1717979,76,3
1695436,76,5
1235909,76,5
763240,76,5
1649513,76,5
1583664,76,3
1826589,76,5
555528,76,3
2261631,76,5
50465,76,3
2609960,76,3
924322,76,5
741840,76,1
418370,76,5
2481504,76,4
1005371,76,5
789548,76,5
935344,76,4
2129120,76,2
1879600,76,5
1257438,76,5
2233290,76,5
1107588,76,4
2018894,76,3
562866,76,5
377907,76,5
995935,76,5
1332377,76,4
2041180,76,5
2255880,76,3
2229960,76,4
2367331,76,5
1922844,76,5
1564255,76,4
1303573,76,5
1192151,76,4
108887,76,4
788617,76,3
93695,76,3
2580101,76,5
2332377,76,5
2051938,76,2
479092,76,3
2381925,76,5
1154027,76,5
534933,76,5
929756,76,4
1479004,76,5
2423299,76,5
2190100,76,5
10679,76,5
1401742,76,5
2140601,76,5
1732302,76,4
1576405,76,4
2309303,76,1
543560,76,5
2479932,76,3
854293,76,5
125769,76,5
2337681,76,5
57541,76,4
811704,76,3
2056022,76,3
326356,76,1
2521459,76,5
348596,76,4
2238663,76,3
816435,76,2
2187886,76,5
856992,76,5
998550,76,5
1992636,76,4
1527523,76,5
1287490,76,3
376652,76,5
2576182,76,4
76916,76,5
489871,76,5
2508097,76,5
2397185,76,3
750673,76,5
113597,76,5
2499884,76,3
878148,76,2
1280761,76,1
1277779,76,5
1758002,76,5
1757056,76,4
237738,76,5
651129,76,5
2158335,76,5
896279,76,4
1498221,76,5
1117959,76,4
567705,76,5
2456113,76,1
1389127,76,2
456205,76,5
1432790,76,3
979424,76,5
183643,76,5
1262782,76,5
1784946,76,5
2416290,76,2
1215087,76,5
2239892,76,5
173816,76,5
1034831,76,3
1702,76,4
1457144,76,5
1077764,76,5
583208,76,5
1002453,76,5
973051,76,4
47236,76,5
1536728,76,5
1695030,76,5
1195688,76,2
1057021,76,5
1704451,76,5
158676,76,3
1356962,76,5
1879449,76,5
679035,76,5
1896143,76,5
2176465,76,2
2393478,76,1
107435,76,5
1113515,76,5
1543833,76,4
1628875,76,5
557449,76,5
1225936,76,2
2179928,76,5
481812,76,5
749659,76,3
303002,76,5
13432,76,3
538005,76,4
2577467,76,5
411290,76,5
2450534,76,5
22670,76,5
2465700,76,5
2386179,76,1
1067018,76,5
243013,76,4
2379776,76,4
857132,76,1
853151,76,1
2327483,76,5
1679999,76,5
1181111,76,5
205949,76,4
2356355,76,4
314978,76,4
2254731,76,3
1299461,76,4
702403,76,4
2072276,76,5
670488,76,5
1365170,76,3
2508958,76,4
1503611,76,5
942100,76,5
801989,76,3
1130180,76,1
1576186,76,5
892147,76,1
632448,76,4
899414,76,5
633317,76,5
660945,76,5
1687671,76,4
1742290,76,3
2305404,76,4
1973951,76,5
2121720,76,3
2404203,76,5
1621427,76,5
1336172,76,5
1522685,76,5
167029,76,3
1284016,76,3
583875,76,5
1190829,76,5
599857,76,5
1085991,76,4
1519378,76,3
1248505,76,4
2476136,76,1
1166749,76,4
1084663,76,5
638314,76,5
385781,76,5
794040,76,4
1548293,76,4
515886,76,1
1512786,76,4
180311,76,4
2217808,76,4
2429983,76,1
2466957,76,5
1580673,76,4
2118461,76,5
1048389,76,2
2301357,76,3
2033888,76,3
1706873,76,4
2111410,76,5
1719025,76,4
1395688,76,5
2342874,76,4
1806515,76,3
1265998,76,5
2594373,76,5
720503,76,3
1641705,76,5
2057611,76,5
2592591,76,3
836005,76,5
2555341,76,5
2642248,76,3
1398222,76,4
734662,76,4
237286,76,5
1781160,76,5
522180,76,5
1822560,76,4
2537083,76,4
2131536,76,3
1471389,76,1
1184498,76,5
1516936,76,4
2125852,76,5
2447866,76,5
1548363,76,3
2538567,76,5
128241,76,1
814740,76,2
231467,76,4
529687,76,4
2463441,76,4
741744,76,3
1008462,76,1
1813503,76,5
1584985,76,5
2028420,76,4
1745380,76,4
1528397,76,3
2476975,76,4
2125368,76,5
1092252,76,3
195881,76,4
1742759,76,5
387418,76,2
1359758,76,3
1580437,76,5
1171959,76,5
790054,76,5
2468283,76,4
228061,76,5
1768959,76,3
2399056,76,4
759370,76,4
872408,76,3
754161,76,2
2301550,76,5
841869,76,5
798484,76,4
947425,76,5
455682,76,4
1017134,76,4
1454985,76,5
232984,76,5
691808,76,5
1208420,76,3
437578,76,5
900096,76,5
791291,76,3
2452430,76,5
2588755,76,4
1250802,76,5
265301,76,3
963663,76,5
2592234,76,4
1005165,76,4
5827,76,5
2361318,76,5
2050456,76,4
671319,76,5
2449919,76,3
1940727,76,3
1114324,76,1
805149,76,5
1201867,76,5
2075904,76,4
2496967,76,5
1802059,76,4
601317,76,5
2646469,76,3
886506,76,4
2064189,76,5
2463569,76,5
765126,76,5
1695884,76,2
1156933,76,5
577642,76,3
2149035,76,5
625957,76,5
835353,76,4
119774,76,5
2616039,76,5
2347632,76,4
785112,76,5
2338466,76,5
2468555,76,5
458143,76,5
2391225,76,5
1424768,76,5
375341,76,5
1481954,76,5
525945,76,4
361327,76,5
1297031,76,5
1155156,76,5
294105,76,4
1942159,76,5
1114493,76,3
2470021,76,4
1654619,76,5
1705359,76,4
545015,76,5
2551603,76,5
514146,76,2
97608,76,3
1491240,76,1
1177152,76,4
2072710,76,4
1932594,76,3
525666,76,4
16273,76,5
512690,76,3
2056980,76,5
785992,76,4
129845,76,4
1834123,76,5
170441,76,5
1925421,76,5
930394,76,5
2377336,76,2
1676513,76,5
1409759,76,4
1826337,76,4
472729,76,1
1061195,76,5
634776,76,4
32902,76,4
1333911,76,5
895819,76,4
2608976,76,5
1363626,76,5
65720,76,4
1485776,76,4
700490,76,3
2329319,76,3
1317124,76,5
1119267,76,3
1368650,76,1
2572516,76,4
275600,76,5
1745676,76,5
684745,76,4
1128780,76,4
622994,76,5
2171187,76,3
1732553,76,4
2562099,76,5
2229831,76,5
1997085,76,5
1926771,76,3
1627754,76,5
2513931,76,5
1091316,76,4
773719,76,5
1714005,76,1
2166152,76,3
1663888,76,3
116140,76,4
401570,76,5
1257336,76,1
404751,76,5
1941042,76,4
970044,76,4
70893,76,2
609078,76,2
831775,76,3
2211373,76,4
2621354,76,5
1256426,76,5
1311067,76,5
2609187,76,5
1807643,76,5
2183328,76,5
650681,76,3
694070,76,2
1261966,76,5
2583202,76,1
829708,76,5
169251,76,3
897739,76,5
59228,76,5
1399396,76,5
2425674,76,5
1604525,76,4
2438449,76,4
779485,76,5
1737198,76,2
97199,76,4
1256120,76,5
375199,76,5
2395020,76,5
1979471,76,5
71656,76,5
2073563,76,5
882322,76,4
2159398,76,5
1812378,76,4
1602153,76,4
2337789,76,5
1481308,76,5
622909,76,3
1170831,76,5
2057718,76,4
1471529,76,5
741458,76,5
460258,76,4
224018,76,4
829518,76,5
2346264,76,5
2030477,76,5
1339179,76,4
2340603,76,5
2622899,76,5
2311867,76,3
2484060,76,5
2548319,76,4
1826369,76,5
1571519,76,5
2043132,76,5
2407458,76,4
2242997,76,5
724996,76,3
112119,76,4
105019,76,4
1197494,76,5
2291170,76,5
431566,76,5
418190,76,4
1872980,76,3
1877070,76,3
2199638,76,5
2588222,76,3
2319604,76,5
769314,76,5
2330786,76,5
1459099,76,4
2394623,76,2
267231,76,5
759470,76,3
1037226,76,5
217583,76,4
1962300,76,3
1845916,76,3
1964336,76,4
2608980,76,3
568491,76,5
1791867,76,3
239658,76,1
2077664,76,4
1466573,76,5
1188248,76,4
1062320,76,2
571756,76,3
1145019,76,4
2148958,76,4
2546736,76,2
1600960,76,4
1145966,76,3
1515355,76,5
2552790,76,4
1279360,76,5
1726038,76,5
604867,76,4
10779,76,5
1420020,76,3
1648490,76,5
189443,76,4
1918750,76,5
170248,76,4
801196,76,5
2532803,76,5
611999,76,5
1723429,76,4
1939357,76,1
12449,76,3
872591,76,4
732567,76,5
1659075,76,5
408106,76,2
267780,76,2
1847923,76,4
982661,76,4
426070,76,5
876980,76,5
2068909,76,4
114527,76,5
1144481,76,4
263031,76,4
1266755,76,2
814013,76,5
2515480,76,3
2408399,76,4
1893484,76,5
1871042,76,2
2522123,76,5
1752463,76,4
825576,76,2
2090942,76,5
2373636,76,5
138833,76,5
242896,76,1
1569103,76,5
1102183,76,5
1336264,76,5
842278,76,4
915959,76,5
642551,76,2
1248827,76,3
998236,76,5
1489804,76,5
570410,76,4
1019400,76,5
2335653,76,4
1025888,76,5
1915014,76,3
2413272,76,4
2646766,76,4
1974194,76,4
1336216,76,3
2247375,76,5
2204513,76,5
1259741,76,1
1643770,76,5
2081789,76,5
1331671,76,2
518137,76,5
903666,76,4
1394493,76,5
2460347,76,1
1290593,76,5
682099,76,5
2449506,76,5
624249,76,5
2495612,76,5
2342120,76,5
2362017,76,4
604335,76,5
1790119,76,4
1201041,76,3
1743816,76,5
650443,76,1
358002,76,5
560057,76,5
1250320,76,3
487223,76,5
1469127,76,5
1463326,76,5
459468,76,5
262360,76,5
1499481,76,4
1832073,76,4
1170683,76,5
1981972,76,5
2338841,76,2
15322,76,5
275509,76,5
1489900,76,3
2498845,76,5
874948,76,3
1278577,76,3
60634,76,4
1203687,76,5
1033446,76,4
1210904,76,4
2069102,76,3
2160047,76,5
855103,76,4
1014098,76,5
2105294,76,4
1137159,76,3
1737176,76,4
1464712,76,5
1428378,76,4
680324,76,5
825676,76,3
1483838,76,4
1508638,76,4
2238060,76,4
2491063,76,3
20774,76,3
242681,76,5
53994,76,3
605862,76,4
1585028,76,5
2646634,76,5
1658790,76,3
642200,76,5
372584,76,5
2481529,76,4
237784,76,4
2435591,76,5
846786,76,4
2225278,76,3
2232563,76,2
770945,76,3
229472,76,5
185347,76,4
2203809,76,5
585922,76,5
2185238,76,5
686176,76,5
1990271,76,5
867381,76,5
1350230,76,5
1351189,76,5
1782983,76,4
665128,76,3
2402202,76,5
2354382,76,5
1769993,76,5
1852040,76,3
714821,76,4
893799,76,4
1110479,76,5
2099701,76,1
262621,76,4
1819642,76,4
1612901,76,5
391708,76,4
1486956,76,3
1091775,76,5
2110114,76,5
948180,76,5
526406,76,5
287566,76,5
2642382,76,5
1286545,76,5
184013,76,5
2394268,76,5
1063035,76,5
508652,76,5
367089,76,4
279477,76,4
1607021,76,5
2341871,76,4
1507492,76,3
912687,76,5
941279,76,1
2281754,76,4
1654617,76,4
2320697,76,3
2337373,76,5
1156054,76,5
2226346,76,5
2107418,76,3
2000256,76,4
1722131,76,5
1537509,76,2
1240865,76,5
1275790,76,3
1103226,76,4
1152975,76,5
2313362,76,1
1044403,76,5
2234889,76,4
1878354,76,3
580829,76,1
703388,76,5
2462837,76,5
461344,76,5
1746668,76,5
1368901,76,5
2084200,76,3
730078,76,1
111824,76,1
2381792,76,4
978104,76,4
1614163,76,5
2429294,76,5
1897404,76,5
330526,76,5
1439407,76,4
1145387,76,5
101842,76,5
2234535,76,4
690000,76,5
841432,76,1
1206401,76,5
1078333,76,3
1044551,76,3
962982,76,1
1656194,76,5
1895930,76,4
1102824,76,4
2078225,76,5
2552861,76,5
396708,76,4
1561695,76,5
338731,76,5
1827080,76,5
1085127,76,3
583086,76,5
272840,76,5
336165,76,4
954742,76,5
2252362,76,5
666431,76,5
820350,76,4
2581848,76,1
735462,76,4
2280310,76,5
893737,76,5
899799,76,5
2593025,76,5
2001019,76,4
1411831,76,5
1933447,76,4
2186872,76,5
466892,76,4
1504391,76,5
579684,76,5
2121641,76,5
2331946,76,5
442924,76,5
640425,76,4
2265021,76,5
2344229,76,3
2459281,76,5
1074237,76,4
1933317,76,4
1722413,76,4
1440013,76,5
522152,76,4
1995143,76,2
807890,76,4
1207462,76,4
2018713,76,5
1838742,76,5
1947627,76,5
781014,76,4
8095,76,5
1930757,76,5
780984,76,4
1383100,76,5
1696775,76,5
452299,76,5
385743,76,1
518327,76,5
563585,76,5
1538415,76,4
1213178,76,4
2007066,76,1
994711,76,5
2492695,76,3
152134,76,5
2270619,76,5
1187767,76,5
494741,76,5
2028123,76,5
256452,76,1
965381,76,4
1423566,76,5
770339,76,3
1682169,76,5
939582,76,1
760774,76,2
1795694,76,3
1441086,76,5
1904556,76,3
267248,76,3
459277,76,5
1635449,76,1
1920056,76,3
839632,76,4
2100070,76,1
2553296,76,5
1460453,76,5
1898433,76,5
1272199,76,5
