282486,35,2
1443524,35,3
1319997,35,4
2360117,35,3
1948839,35,5
1965800,35,4
209200,35,4
2105990,35,3
353820,35,2
1968328,35,4
71148,35,3
732556,35,4
1374336,35,5
1760166,35,3
2309963,35,3
127010,35,3
773427,35,3
624145,35,2
2640626,35,3
352622,35,1
797570,35,2
2377847,35,3
1067619,35,4
968619,35,1
1541814,35,5
160677,35,3
1016065,35,5
1245640,35,5
2162641,35,2
1080361,35,3
1838568,35,2
2030523,35,5
922636,35,3
2600558,35,4
303948,35,4
1531020,35,3
1645535,35,3
385583,35,2
1721571,35,5
318032,35,3
1473924,35,2
2148546,35,3
1227322,35,1
427928,35,2
2491620,35,3
2487958,35,4
1120202,35,3
491911,35,1
398094,35,3
125163,35,4
819349,35,5
2409681,35,4
2546016,35,2
326177,35,2
2388205,35,3
1988873,35,3
85550,35,2
472012,35,3
962439,35,5
1161725,35,4
1294583,35,4
804627,35,3
2119007,35,3
1840435,35,4
2582726,35,5
883884,35,4
2165729,35,5
420350,35,4
363163,35,4
1192255,35,3
1509395,35,4
2516012,35,3
2605498,35,2
2042561,35,3
1190094,35,4
318199,35,3
2336788,35,5
755887,35,3
1226844,35,2
1363315,35,3
799386,35,1
1077336,35,5
1672380,35,3
1810453,35,5
1862457,35,3
2413457,35,3
2608302,35,3
2465236,35,2
2030008,35,3
1888439,35,1
789969,35,3
2073766,35,3
716874,35,3
973703,35,3
962098,35,2
2257122,35,4
1782629,35,3
492531,35,3
962564,35,3
1347949,35,5
1709239,35,3
912093,35,4
894921,35,3
728392,35,5
916594,35,5
513720,35,1
2349120,35,2
1758409,35,1
2248489,35,3
439964,35,1
106259,35,3
1925969,35,3
1486460,35,1
1489456,35,3
2395563,35,4
960135,35,3
963350,35,1
627515,35,2
2332613,35,2
1371422,35,2
576901,35,4
1563429,35,3
2451993,35,4
1144870,35,3
1462488,35,3
1054564,35,2
2311049,35,4
980939,35,3
1546749,35,3
1176462,35,4
1314869,35,4
1408056,35,5
2119593,35,3
401917,35,3
1255703,35,3
1370005,35,3
832047,35,3
1882485,35,5
2030805,35,3
637533,35,4
1897340,35,4
1847252,35,3
2080006,35,5
1356639,35,1
769404,35,3
2255373,35,3
2469477,35,3
1408341,35,5
523720,35,4
1631676,35,1
1730191,35,4
117886,35,3
1357969,35,3
2508065,35,4
1467867,35,1
2062350,35,4
1606342,35,2
1304853,35,2
881448,35,3
1961729,35,3
397684,35,5
2416772,35,4
2363742,35,4
1819462,35,3
2495043,35,5
2439493,35,1
2530263,35,3
1179440,35,2
308940,35,2
2436375,35,3
1491850,35,5
836293,35,2
1298147,35,3
1851493,35,2
2636398,35,4
1134379,35,4
518418,35,4
2164410,35,3
2135123,35,4
1116080,35,3
557914,35,2
1618707,35,4
1430108,35,3
555663,35,2
2247033,35,4
2597191,35,4
57186,35,2
1183174,35,2
1913414,35,5
1377870,35,2
1516909,35,3
1923216,35,3
2563107,35,2
1125226,35,3
2495253,35,4
1724411,35,3
1596709,35,3
714327,35,1
1679094,35,4
1434888,35,4
680148,35,4
2188378,35,2
1046918,35,4
1473980,35,3
1085207,35,3
2195361,35,5
651625,35,3
165288,35,3
2588510,35,3
859380,35,4
2079484,35,2
234593,35,4
1588483,35,3
337245,35,3
2385812,35,4
56790,35,3
1316284,35,2
1028463,35,5
152807,35,2
1990957,35,4
183466,35,5
1099506,35,2
1115350,35,4
743633,35,5
2050469,35,4
684220,35,3
1300982,35,2
2101632,35,3
1517901,35,5
1172958,35,4
407037,35,1
1438147,35,5
2469500,35,2
1755123,35,3
1903324,35,1
568605,35,3
2648302,35,2
291503,35,5
817464,35,2
676718,35,3
2275148,35,5
1530215,35,5
1468515,35,4
1493303,35,3
818432,35,3
2424683,35,5
35179,35,2
1676771,35,3
180920,35,4
1868242,35,5
2283873,35,2
2397314,35,3
1986034,35,3
2184853,35,2
2521550,35,5
2182735,35,3
2574924,35,3
1430258,35,3
2569552,35,4
568596,35,3
2531469,35,3
2224061,35,2
700864,35,3
1200461,35,3
1227944,35,5
2541385,35,4
595778,35,1
1489224,35,1
1024768,35,4
1105029,35,2
2217698,35,3
236815,35,2
720415,35,5
727646,35,2
1816177,35,2
1385788,35,1
204177,35,1
2432155,35,5
2350832,35,1
1301201,35,4
1621089,35,2
1875017,35,1
889574,35,3
2134761,35,3
1576111,35,5
443572,35,2
1888885,35,3
1964735,35,3
15251,35,4
1475475,35,2
1711346,35,5
1355897,35,5
420200,35,3
35887,35,2
2223310,35,2
1613378,35,4
1410283,35,3
741977,35,3
2503648,35,5
2053238,35,4
914155,35,4
378986,35,1
1009089,35,5
1591705,35,3
1404960,35,3
1225756,35,2
2151704,35,4
1687753,35,3
1861248,35,4
310122,35,5
403915,35,2
1259220,35,4
857904,35,3
1440126,35,3
1197689,35,3
1618060,35,2
2574175,35,5
1763979,35,2
1492140,35,3
1839424,35,5
902913,35,2
2235803,35,3
48699,35,2
2057838,35,4
595870,35,2
1552084,35,1
1141189,35,4
1371031,35,2
860520,35,3
2415428,35,1
40772,35,2
1404734,35,4
1049239,35,3
1098559,35,4
2077352,35,5
2003197,35,5
1142792,35,3
1709963,35,3
702085,35,3
776126,35,5
1899613,35,3
319437,35,4
1746378,35,4
2243988,35,1
774398,35,3
157667,35,5
423000,35,5
1610827,35,5
1586221,35,3
48281,35,3
1568774,35,3
2118885,35,3
186641,35,2
2273779,35,3
625146,35,2
385522,35,3
1438622,35,3
2086301,35,3
1664010,35,5
2261313,35,3
470853,35,3
114738,35,5
285975,35,5
1642678,35,2
2441439,35,1
2134395,35,1
2446490,35,3
2002123,35,2
2296243,35,5
1357543,35,4
651973,35,3
2111332,35,1
1757577,35,1
1817470,35,3
2187206,35,4
2597758,35,2
850983,35,3
462171,35,2
1964939,35,2
219746,35,5
1035723,35,1
2448380,35,5
2297136,35,1
1039883,35,3
2006505,35,3
209024,35,3
10007,35,1
1063188,35,5
2235841,35,3
390552,35,2
1189210,35,3
2241438,35,4
2367823,35,3
1224275,35,4
2467784,35,3
391398,35,3
1361167,35,5
1167060,35,3
750863,35,3
2392089,35,5
2509048,35,4
1831058,35,4
2012492,35,3
2256731,35,2
1317861,35,3
2514777,35,4
2639772,35,3
220483,35,4
1016562,35,5
1257537,35,2
1874342,35,3
2613069,35,4
1157892,35,3
1531210,35,4
1298511,35,1
1009967,35,3
400162,35,5
1935592,35,5
720881,35,3
2564142,35,4
1402789,35,3
1414778,35,3
2491745,35,5
981753,35,3
684531,35,2
1181480,35,3
2216196,35,3
790607,35,4
1721256,35,2
2146220,35,1
1184432,35,1
1380577,35,2
2607300,35,4
970306,35,3
2070271,35,3
57795,35,2
130082,35,2
2442925,35,3
71594,35,2
773432,35,3
107105,35,1
1766978,35,5
15462,35,4
1138354,35,2
975229,35,4
722591,35,4
2015182,35,3
1132494,35,3
573802,35,3
2412698,35,5
2554942,35,5
530191,35,4
1625337,35,3
1015615,35,2
1616870,35,4
2156074,35,3
1093671,35,4
1490538,35,3
2567407,35,5
1179373,35,5
2172303,35,4
1995860,35,3
415520,35,3
2534061,35,2
2454297,35,2
1073162,35,3
472332,35,2
681782,35,1
642314,35,3
1800459,35,4
491531,35,5
2147765,35,5
2558357,35,3
214784,35,2
372650,35,2
2059141,35,3
853087,35,2
1735941,35,5
1260240,35,3
2487611,35,2
752853,35,3
2490545,35,4
2004155,35,4
454204,35,4
1801164,35,4
2443866,35,4
730076,35,4
1114321,35,3
2606799,35,3
1557557,35,3
759417,35,3
1529556,35,4
171027,35,2
1793311,35,2
282427,35,2
175405,35,4
1504990,35,2
260442,35,5
168892,35,2
2363228,35,3
39896,35,4
1595652,35,4
2145537,35,3
1723455,35,3
716173,35,3
2127108,35,3
1069048,35,4
316141,35,4
2361340,35,5
659483,35,3
798296,35,2
1357428,35,1
2061173,35,4
1567970,35,4
504620,35,5
986451,35,5
1804579,35,4
398215,35,4
651475,35,2
1326441,35,2
417746,35,5
1872532,35,1
2182816,35,3
2334709,35,4
1412844,35,4
412649,35,1
2387463,35,3
2560750,35,2
2352307,35,3
2088785,35,4
1511076,35,3
2117151,35,3
1290688,35,4
1151483,35,3
798972,35,3
1671223,35,2
265257,35,3
100712,35,2
2577960,35,4
1575939,35,5
2028283,35,3
677031,35,3
467182,35,3
1842369,35,2
566035,35,4
2490990,35,4
1729739,35,4
1341014,35,4
1637403,35,5
2473867,35,3
2019921,35,5
305344,35,3
2569099,35,1
947232,35,3
1281253,35,3
1204323,35,2
953382,35,4
1006470,35,1
1557927,35,3
1694750,35,3
2350873,35,3
2561215,35,4
1393871,35,3
2099446,35,4
408394,35,4
10251,35,4
1966090,35,3
416560,35,3
1535398,35,3
1579286,35,2
1916333,35,3
282654,35,1
2532825,35,1
2326428,35,3
2037693,35,1
2631815,35,3
2147527,35,3
1799922,35,3
76023,35,2
6092,35,5
651230,35,2
2048422,35,4
1450484,35,4
925282,35,1
1719599,35,3
1825413,35,2
2450451,35,1
1861500,35,1
2494071,35,4
447759,35,5
2483710,35,2
866492,35,4
2286588,35,4
272299,35,3
510535,35,3
2236716,35,4
1623286,35,3
1606092,35,3
2149665,35,4
680334,35,3
2439223,35,3
2566196,35,1
315374,35,2
1759398,35,3
120382,35,2
2396388,35,4
1312793,35,4
2239213,35,1
263571,35,2
1836648,35,3
1636043,35,2
2244866,35,4
970684,35,4
2615044,35,5
1413737,35,3
1778298,35,4
2005241,35,2
1098524,35,2
857524,35,4
748748,35,5
193925,35,1
1110164,35,3
1538396,35,3
309870,35,1
337793,35,3
2457404,35,3
74439,35,2
2551642,35,3
2319383,35,4
1533550,35,4
795446,35,2
1690559,35,3
974523,35,3
2485642,35,3
1257438,35,5
1068705,35,3
995925,35,3
1521914,35,3
844459,35,4
185029,35,3
2332377,35,4
1748612,35,2
14628,35,5
894846,35,3
1421298,35,3
24218,35,2
2487802,35,2
10679,35,3
910348,35,5
1986937,35,3
1961161,35,3
2056022,35,3
97670,35,4
2397185,35,3
1991699,35,2
1218573,35,5
2136043,35,2
2466889,35,3
997164,35,3
729187,35,1
791692,35,1
1543786,35,3
1579261,35,4
1357346,35,5
752342,35,3
2358810,35,3
1649775,35,3
1365170,35,2
801989,35,2
246852,35,3
1036641,35,3
609754,35,1
2087298,35,4
905334,35,4
908626,35,5
2278124,35,2
472734,35,4
953110,35,4
707496,35,4
2426964,35,3
2640210,35,5
518420,35,3
1532277,35,2
2024111,35,3
1005185,35,5
2118461,35,5
703585,35,3
290371,35,4
2178203,35,5
542848,35,4
614373,35,2
1441573,35,5
2063492,35,2
2125852,35,3
2454517,35,5
359048,35,3
1105686,35,3
387418,35,2
1454533,35,4
1366860,35,3
318466,35,3
2177085,35,5
1114324,35,3
679166,35,5
1642979,35,3
963376,35,5
625957,35,4
1266206,35,4
1962695,35,3
2487127,35,1
2304126,35,5
629854,35,4
2578580,35,2
331266,35,4
1698887,35,2
1068435,35,3
1297031,35,5
2004783,35,2
1846828,35,4
1114342,35,4
249676,35,4
462128,35,3
1294533,35,4
1061195,35,3
1285197,35,4
6195,35,3
1324830,35,3
1317124,35,5
1306378,35,4
2084748,35,3
2171187,35,3
1952756,35,4
1218116,35,5
940253,35,5
776931,35,4
1058399,35,2
1461435,35,1
1351958,35,3
1954290,35,1
2403486,35,1
2198129,35,3
2365398,35,1
173930,35,3
672092,35,3
303893,35,2
2606457,35,3
2270527,35,1
1779548,35,3
2305369,35,4
1076615,35,5
124440,35,3
1924082,35,3
2598452,35,3
2438114,35,1
606098,35,3
485601,35,2
1588506,35,2
1845834,35,3
867880,35,3
151004,35,4
1109887,35,1
112119,35,2
90362,35,2
67134,35,2
1639792,35,1
1515355,35,4
306311,35,3
1094132,35,2
619985,35,3
2417170,35,3
2408965,35,3
2093105,35,3
2243490,35,2
1318646,35,5
2413272,35,4
1641844,35,2
2017112,35,1
551489,35,3
969785,35,1
1033930,35,4
167447,35,3
2198123,35,3
398371,35,2
1869116,35,3
1718235,35,5
1737176,35,1
1043061,35,4
409377,35,3
2058199,35,4
2245693,35,4
2238060,35,5
2568178,35,3
1804938,35,3
563469,35,4
1058930,35,4
82019,35,3
2636318,35,2
1878798,35,1
1217874,35,2
1609916,35,5
2075925,35,4
118523,35,3
2320697,35,1
1550718,35,3
1592384,35,3
2226346,35,2
1945782,35,3
2601712,35,3
1813977,35,3
376277,35,3
285174,35,5
2619473,35,3
1877590,35,3
749153,35,3
1440885,35,4
2000600,35,3
2513690,35,2
1472620,35,3
891559,35,4
1998489,35,4
98676,35,3
1444177,35,5
416536,35,2
1655692,35,5
697813,35,3
522221,35,2
1644520,35,3
914704,35,5
1081737,35,4
2446246,35,3
1798098,35,5
1933317,35,2
745884,35,4
360347,35,3
470582,35,3
690746,35,3
301047,35,3
1693629,35,3
1926685,35,4
