205706,79,4
712664,79,5
1990901,79,5
1500738,79,3
306466,79,4
477388,79,3
1365892,79,3
765331,79,5
1945809,79,4
1109700,79,4
2445646,79,3
1331887,79,4
2543544,79,4
1172232,79,4
117277,79,3
779760,79,5
2211758,79,2
1081270,79,5
146851,79,4
644827,79,4
412196,79,3
238407,79,3
716091,79,4
1273567,79,4
1046323,79,3
876388,79,4
1213299,79,4
1907667,79,4
454849,79,4
2380973,79,3
14690,79,3
1543292,79,4
1696725,79,5
2370740,79,5
247794,79,4
1831407,79,4
341804,79,4
32785,79,4
966375,79,4
2124477,79,5
656418,79,3
1672960,79,5
989704,79,2
2514465,79,2
1242757,79,4
2303830,79,4
617861,79,5
192061,79,4
574843,79,4
1093403,79,2
2081171,79,2
1956280,79,5
1998117,79,4
2576852,79,5
1230594,79,4
1648646,79,4
2537039,79,3
2261365,79,4
908205,79,3
2506132,79,3
2597480,79,4
1099041,79,4
915001,79,5
2088663,79,3
301920,79,4
1268464,79,3
2384779,79,5
2259898,79,4
2153336,79,3
834184,79,3
2344483,79,4
1810235,79,5
155818,79,5
330334,79,5
1857968,79,4
1049643,79,4
1951144,79,2
2162424,79,3
2236799,79,5
624070,79,3
1327944,79,4
1949239,79,4
870373,79,5
179563,79,4
1446018,79,4
1756658,79,3
2242958,79,4
620443,79,5
172474,79,5
1977959,79,4
906509,79,4
2206777,79,3
172720,79,4
2184505,79,4
2174660,79,4
1771231,79,4
778929,79,3
318920,79,3
1571675,79,5
2159069,79,5
259348,79,4
978567,79,5
2052670,79,4
958382,79,4
1488298,79,4
2068688,79,5
1263855,79,5
1254903,79,3
1628475,79,3
937141,79,5
117386,79,4
834933,79,4
1519073,79,3
763729,79,5
1477923,79,5
2251004,79,3
806013,79,5
1163183,79,3
922922,79,4
1989892,79,5
384409,79,3
369195,79,4
518123,79,5
982888,79,5
1622035,79,5
1686741,79,1
1985633,79,3
1227576,79,4
2043617,79,2
2291946,79,5
15760,79,3
179636,79,3
221091,79,4
1123243,79,4
2502155,79,4
679412,79,2
1517471,79,4
2541025,79,1
2417642,79,3
746879,79,3
499718,79,4
2162641,79,4
2556008,79,4
43039,79,3
364740,79,3
2111308,79,4
2114851,79,5
1259174,79,5
1733733,79,3
1368659,79,2
2597249,79,4
1478381,79,4
22252,79,2
329712,79,4
899412,79,4
1203012,79,5
2290519,79,3
41371,79,5
1492487,79,3
158065,79,1
1784146,79,5
1842812,79,2
303948,79,3
1257103,79,4
1492122,79,3
1555820,79,4
824262,79,4
343283,79,3
933168,79,5
759371,79,4
2162245,79,5
1299931,79,2
491331,79,2
1884195,79,2
1592937,79,4
2449359,79,4
302194,79,5
1128457,79,4
2554745,79,4
2502315,79,4
446624,79,2
1673185,79,3
945258,79,4
1794933,79,3
524979,79,4
1731838,79,3
1846866,79,4
1400206,79,3
2623268,79,4
1372672,79,4
896501,79,4
1399335,79,3
609446,79,5
971977,79,4
2596383,79,3
2091752,79,3
2270454,79,4
2240135,79,3
253707,79,2
964254,79,3
731217,79,3
2443471,79,4
1152671,79,5
2134272,79,5
820785,79,4
2000188,79,3
740041,79,4
2302786,79,4
1994550,79,3
1220170,79,3
1873490,79,4
650064,79,5
2072249,79,2
2184152,79,3
1582412,79,3
148726,79,4
929308,79,4
2100794,79,5
377803,79,4
1894963,79,4
2245549,79,5
2197246,79,5
610009,79,3
1318216,79,3
2213289,79,4
1005983,79,5
1944516,79,5
347629,79,4
216738,79,3
2186191,79,2
2620050,79,3
930935,79,5
1293490,79,4
1994931,79,5
2566190,79,4
2158868,79,2
2475844,79,4
561998,79,5
788408,79,4
2558570,79,2
816549,79,4
775026,79,3
1466320,79,4
1081360,79,4
1602952,79,5
1576329,79,5
1165390,79,3
8158,79,4
2072378,79,4
2546339,79,4
1366296,79,4
1785304,79,3
2507593,79,5
2417395,79,5
1031767,79,5
306199,79,3
637473,79,3
65841,79,3
2102030,79,4
234798,79,4
1915354,79,3
2314776,79,5
2397283,79,3
1763788,79,4
147787,79,2
2470707,79,4
1954032,79,4
2476195,79,3
1500221,79,5
385977,79,5
525356,79,5
2416978,79,4
1503789,79,4
164973,79,3
328364,79,5
860145,79,5
2596679,79,4
1009622,79,3
2597609,79,4
1516234,79,3
2216297,79,3
99207,79,3
2087269,79,5
1319761,79,5
2145575,79,5
1733406,79,4
1265763,79,3
1734544,79,5
1637761,79,4
591075,79,3
359359,79,4
2364018,79,3
126592,79,5
319226,79,4
2471090,79,4
2140775,79,3
1439015,79,4
1924939,79,3
737757,79,4
1319449,79,5
2501391,79,5
1741099,79,5
819314,79,3
1033433,79,4
1439700,79,4
288956,79,3
1149582,79,5
1689605,79,4
2296483,79,5
1952473,79,3
1115632,79,3
1133051,79,5
297901,79,5
1814136,79,5
1213801,79,5
10016,79,5
1066926,79,5
1346269,79,4
1266882,79,4
973538,79,4
186891,79,4
1235769,79,3
663191,79,3
2035415,79,3
852660,79,4
2278539,79,5
747312,79,5
798966,79,4
2329535,79,4
2398842,79,5
1835276,79,5
1129981,79,4
2079367,79,3
1227602,79,5
2035549,79,4
270694,79,4
1646693,79,5
1040370,79,5
1063645,79,5
1051355,79,4
53243,79,3
1483406,79,4
1094702,79,3
431625,79,4
2421085,79,3
2353668,79,4
1588395,79,4
896331,79,3
1730160,79,3
877689,79,2
92897,79,3
1423310,79,4
1196121,79,4
1511683,79,1
2419253,79,3
493082,79,3
1001129,79,2
515850,79,5
1184954,79,3
1321968,79,4
2243587,79,3
1997715,79,4
1791599,79,4
2291972,79,3
2494367,79,3
1231125,79,4
386510,79,5
736664,79,5
447930,79,5
1181037,79,5
1848403,79,3
2248500,79,5
2219127,79,5
2481642,79,4
682803,79,3
503235,79,3
1511677,79,4
1290949,79,3
1554257,79,4
208113,79,4
1453451,79,3
1954639,79,4
1449107,79,4
1529338,79,3
2425195,79,4
1220431,79,4
1276355,79,3
236852,79,3
2511626,79,5
1706364,79,5
2604976,79,3
2353991,79,3
1103969,79,2
1746056,79,3
1784854,79,5
956262,79,4
1925428,79,3
2424776,79,4
1086617,79,4
1927580,79,4
1822325,79,3
1407746,79,3
843570,79,5
1967043,79,4
1491667,79,5
7730,79,4
1751760,79,3
945112,79,5
792357,79,5
2023518,79,4
2118169,79,3
1245680,79,3
2162539,79,5
1951270,79,3
2640203,79,4
1066571,79,3
806476,79,3
555841,79,5
1634668,79,4
570371,79,3
2129436,79,3
419599,79,4
823029,79,5
1249577,79,5
123707,79,5
184597,79,3
2571175,79,2
459044,79,5
355033,79,4
196173,79,3
1282128,79,3
2467199,79,5
1021494,79,5
2526173,79,4
418557,79,4
1407866,79,4
22663,79,3
2095263,79,3
269554,79,3
1217714,79,5
2046079,79,4
1746835,79,5
1718511,79,4
2518968,79,2
2459624,79,4
1012294,79,3
724224,79,4
1134816,79,5
727242,79,1
891843,79,1
1755552,79,4
2348924,79,3
1250949,79,4
187896,79,5
1516690,79,4
1848091,79,4
126732,79,5
2453729,79,5
274662,79,3
1879137,79,4
2415874,79,3
617211,79,4
1759827,79,4
247940,79,2
1167572,79,4
1030857,79,3
24449,79,2
1402114,79,3
496887,79,5
474700,79,4
384898,79,4
478176,79,5
1369550,79,2
905747,79,4
512484,79,5
1385988,79,5
2415920,79,4
1909829,79,5
2484674,79,4
40563,79,3
131752,79,1
1056435,79,4
1217301,79,3
1498767,79,4
427369,79,4
1223817,79,3
1815688,79,4
2642530,79,3
2049054,79,5
709755,79,4
2511585,79,5
2176929,79,4
273939,79,5
2170525,79,1
1414761,79,4
2037839,79,4
2454243,79,4
2551806,79,1
571702,79,4
1122426,79,4
1523292,79,4
1716007,79,1
2638132,79,5
1145956,79,3
563019,79,5
2278477,79,3
2191732,79,4
385247,79,4
1167097,79,1
1477208,79,5
1505415,79,4
1118685,79,4
2019560,79,3
752516,79,3
1750544,79,3
102792,79,3
769764,79,3
1450048,79,3
2345485,79,3
609087,79,3
394918,79,3
2329026,79,3
1103080,79,3
2345144,79,2
504316,79,4
1421717,79,4
2533775,79,5
1979650,79,4
2438967,79,5
1621314,79,4
1748471,79,5
1201516,79,3
1229802,79,3
835847,79,4
1475603,79,3
110288,79,4
41849,79,4
1132940,79,3
170001,79,3
1304561,79,5
134378,79,5
2598730,79,5
1575462,79,5
415672,79,4
1285359,79,3
2220239,79,3
1714604,79,3
295182,79,5
1913696,79,5
368514,79,3
1319657,79,3
671071,79,3
2353394,79,4
1703879,79,4
668375,79,3
574499,79,3
858589,79,4
1921342,79,5
1342785,79,3
1255014,79,3
843971,79,5
1055117,79,4
1671430,79,5
680610,79,5
701615,79,3
1353367,79,4
320854,79,5
2613185,79,5
586861,79,4
636262,79,1
2408122,79,2
2521571,79,4
2421516,79,4
1980497,79,5
1240130,79,4
2466475,79,4
1781790,79,4
1187112,79,4
623818,79,5
2425967,79,5
1601449,79,3
1382862,79,4
2399911,79,4
2048858,79,1
1089374,79,4
617080,79,5
1328172,79,3
363958,79,4
1685089,79,4
2547661,79,4
2237185,79,4
755320,79,4
1029943,79,4
787407,79,5
2111183,79,4
2040092,79,3
1705196,79,3
1596982,79,4
1750198,79,3
974823,79,4
864258,79,4
587117,79,3
2177021,79,3
2008259,79,4
1384495,79,4
2507129,79,4
2065198,79,5
2228109,79,4
27708,79,4
245488,79,5
1532433,79,4
2233086,79,3
1696241,79,4
477387,79,4
954619,79,4
2574320,79,3
35770,79,3
2484944,79,3
403961,79,4
1193430,79,4
2513086,79,3
1011918,79,4
687337,79,4
786695,79,4
1179522,79,3
599880,79,4
1258599,79,4
1215759,79,1
264378,79,4
260314,79,5
2393492,79,4
1844669,79,4
1152529,79,4
827056,79,4
2490130,79,4
1789382,79,3
2094693,79,3
187322,79,3
1341632,79,4
765129,79,5
770160,79,3
1421339,79,4
2389225,79,3
1127847,79,4
1209983,79,3
2077168,79,4
2630337,79,3
1753525,79,5
1003438,79,3
1703230,79,3
1157288,79,4
231981,79,4
1254485,79,5
1650899,79,3
989579,79,5
753693,79,4
1578055,79,3
230485,79,4
2439493,79,1
1993563,79,5
1576023,79,2
1236332,79,3
2291127,79,3
1093011,79,3
2552425,79,3
14728,79,5
2271496,79,3
1773643,79,5
850603,79,4
480479,79,5
332923,79,3
517523,79,4
688751,79,4
1054542,79,3
606308,79,4
2467154,79,4
433351,79,3
1387841,79,4
530789,79,5
995489,79,5
1240334,79,3
19117,79,4
1068821,79,3
2625412,79,4
940933,79,4
868692,79,3
1141213,79,4
772738,79,5
2601604,79,4
1386457,79,4
1083688,79,4
955527,79,4
147686,79,4
307320,79,5
1866424,79,5
1661052,79,4
1952860,79,5
704066,79,3
720130,79,5
2431812,79,1
432580,79,4
1710391,79,5
1078893,79,3
2237816,79,5
1137485,79,3
582315,79,3
1382019,79,3
1060432,79,3
1387662,79,3
1684232,79,4
1943440,79,3
916741,79,5
147386,79,3
2636118,79,3
1306528,79,4
1135276,79,4
2551483,79,5
1709202,79,4
556006,79,4
990230,79,3
1815596,79,4
71039,79,4
1093573,79,3
1528405,79,4
2599732,79,5
2593441,79,3
2407337,79,3
1543811,79,2
2373032,79,3
2053984,79,1
2379324,79,4
1339784,79,1
1969210,79,4
2412596,79,5
1500625,79,3
1910320,79,4
544216,79,4
1439485,79,3
641881,79,2
452919,79,3
98538,79,4
72451,79,3
559737,79,5
881979,79,5
1801528,79,3
2281177,79,4
406526,79,4
1073450,79,3
757108,79,3
236323,79,4
1561649,79,3
286061,79,1
2120314,79,2
1806991,79,4
238740,79,4
2119079,79,4
2484562,79,4
29478,79,4
2314148,79,5
773145,79,3
2263203,79,3
2277180,79,4
585412,79,2
2025858,79,4
1965252,79,4
1771397,79,5
101453,79,3
174783,79,4
1074585,79,3
1626388,79,3
2060711,79,4
2087189,79,4
2630827,79,4
1718022,79,3
1163832,79,4
214205,79,4
525168,79,3
1792510,79,2
1570077,79,4
43177,79,3
775912,79,4
629068,79,3
518309,79,5
1945838,79,2
1514886,79,5
1355138,79,5
1200256,79,3
322058,79,4
492714,79,4
1939431,79,3
1590374,79,4
1059284,79,5
500428,79,5
739512,79,3
2144477,79,3
1933927,79,4
355538,79,4
251967,79,4
1045223,79,5
2450610,79,4
2267950,79,4
656811,79,4
1139937,79,5
1345929,79,4
2049613,79,4
1796585,79,5
469045,79,4
1895244,79,4
2151228,79,5
1340936,79,1
760837,79,4
1534723,79,4
2340957,79,4
2446366,79,4
50123,79,4
539607,79,4
852524,79,3
2641278,79,3
305111,79,4
2410362,79,4
1689611,79,4
1344006,79,3
222518,79,4
1726821,79,4
614412,79,4
2565182,79,3
421784,79,3
1024854,79,4
2155681,79,3
2283630,79,4
1731033,79,3
306736,79,4
2430257,79,3
1215043,79,3
683881,79,4
136553,79,3
1300687,79,3
2237249,79,2
1692897,79,5
382186,79,3
578237,79,3
908840,79,2
1673341,79,4
907760,79,4
576984,79,5
2154287,79,3
538221,79,5
133274,79,2
2448354,79,5
1553204,79,3
2523426,79,3
2088579,79,1
2141820,79,4
320979,79,5
1083680,79,4
1607747,79,4
1351769,79,4
2133079,79,4
121324,79,4
96987,79,3
1282495,79,5
2427632,79,4
1705148,79,3
155851,79,4
974219,79,3
1781477,79,5
2512828,79,3
2440681,79,4
412129,79,4
2537719,79,4
1295471,79,5
2010144,79,4
29526,79,4
1277993,79,3
1233752,79,3
2333850,79,3
2257123,79,3
934235,79,3
18108,79,4
2645352,79,1
1322941,79,4
2491569,79,5
2263503,79,4
946039,79,4
2503103,79,5
351441,79,3
2413452,79,4
452501,79,3
336097,79,4
2379835,79,4
1782189,79,5
532697,79,5
902129,79,3
1624471,79,5
1051746,79,4
250643,79,3
230917,79,4
1313616,79,5
1030269,79,3
1798655,79,1
1177340,79,3
641719,79,3
1009885,79,5
1473595,79,4
70842,79,4
1385431,79,5
588484,79,5
182759,79,5
1110156,79,3
2169856,79,4
582405,79,4
164882,79,5
2021184,79,3
445227,79,5
1584920,79,3
1167816,79,3
1214690,79,4
2588989,79,4
1517612,79,4
2443163,79,3
591683,79,5
2306009,79,5
2208519,79,1
1114362,79,4
795786,79,3
2566009,79,5
2195084,79,2
45752,79,2
2258411,79,5
1381691,79,4
984718,79,5
986993,79,4
1417474,79,4
1498722,79,4
141506,79,5
2171114,79,4
332808,79,4
1695600,79,5
764440,79,5
1092189,79,5
627923,79,3
702106,79,3
1813586,79,3
1123111,79,4
1293305,79,3
1536967,79,5
1201695,79,4
2013693,79,4
1810110,79,5
1738133,79,5
41924,79,5
1441549,79,5
1611123,79,3
1186618,79,3
1092521,79,4
2527359,79,3
2227629,79,4
987958,79,3
2202279,79,4
553063,79,4
75608,79,2
70483,79,3
1951741,79,5
1903324,79,1
48316,79,4
804869,79,5
357939,79,3
1571299,79,5
1304932,79,5
1959950,79,2
1126901,79,3
986524,79,3
1283798,79,5
1704440,79,5
2251705,79,5
2282361,79,3
2031801,79,3
2383799,79,5
2242153,79,4
1151752,79,5
1290262,79,3
1012590,79,4
442926,79,3
642651,79,3
341827,79,5
1590745,79,3
850678,79,2
98586,79,3
2631426,79,5
7837,79,4
818752,79,2
1715948,79,3
2308589,79,5
1287939,79,4
959035,79,4
2407389,79,3
1062999,79,5
788852,79,2
2594765,79,3
2416982,79,2
1406869,79,5
1837128,79,3
1517590,79,3
1670964,79,4
1883039,79,4
1905883,79,4
773690,79,5
1999176,79,3
1965664,79,5
945554,79,4
2197203,79,4
409574,79,5
1853299,79,5
2217779,79,3
2020775,79,3
2244111,79,4
769702,79,2
1243711,79,3
1924239,79,5
1643995,79,4
1199690,79,5
744701,79,4
847496,79,3
713535,79,5
2631056,79,3
866323,79,2
1571988,79,5
1241318,79,4
1262157,79,5
944245,79,5
2197982,79,3
1971047,79,4
315168,79,5
965779,79,2
2254174,79,1
1530021,79,4
1491873,79,4
1385317,79,5
1897305,79,3
1160858,79,3
2605287,79,5
1498712,79,4
2254991,79,3
596995,79,2
743429,79,5
1040284,79,3
1690571,79,3
2457095,79,3
286337,79,4
570428,79,3
2368066,79,3
597776,79,4
1494456,79,3
921540,79,4
1190468,79,5
1341553,79,4
2557067,79,3
388143,79,4
406122,79,4
711644,79,4
1675511,79,5
1265652,79,4
2072112,79,4
1582481,79,4
2336079,79,3
1460897,79,4
1617342,79,4
2089544,79,4
1809161,79,2
1041943,79,5
868973,79,4
182295,79,3
1949172,79,5
1032518,79,3
1786275,79,3
2118269,79,4
2596745,79,4
1557249,79,4
43575,79,3
418172,79,5
816856,79,5
1371590,79,4
205752,79,4
2588541,79,5
66885,79,4
2385239,79,4
2007427,79,4
1920187,79,4
1125803,79,3
2362418,79,3
2317355,79,5
169683,79,3
1464786,79,4
2444449,79,3
334436,79,4
2592095,79,5
1281114,79,5
2347526,79,3
1390282,79,4
1444748,79,5
2503356,79,3
217803,79,3
333607,79,5
10161,79,5
16397,79,5
432620,79,3
124561,79,3
2549715,79,4
758380,79,5
1179034,79,3
2544655,79,4
846642,79,4
344802,79,4
2538387,79,4
840531,79,3
2325430,79,3
2136927,79,4
1966201,79,5
1725588,79,5
1032619,79,5
1634325,79,5
2127497,79,4
599274,79,5
1706820,79,4
1734402,79,4
1362465,79,5
920158,79,4
2303680,79,5
1848428,79,4
997445,79,4
2228939,79,3
2613898,79,2
1871337,79,3
735560,79,5
182041,79,5
2144649,79,3
2208054,79,3
56854,79,3
1272102,79,4
2343520,79,3
2608997,79,5
2253959,79,3
627335,79,3
1304634,79,4
2241222,79,4
1215094,79,4
1120498,79,3
2093360,79,4
1088357,79,4
1071266,79,4
202558,79,3
2051278,79,4
1714054,79,5
1218225,79,3
751145,79,3
2633486,79,4
1790918,79,3
2215021,79,4
433483,79,1
562504,79,5
389254,79,4
2283366,79,3
2392084,79,5
96013,79,4
1625031,79,4
2264244,79,4
1858770,79,2
2471176,79,4
127317,79,3
1951089,79,3
1478444,79,5
1053704,79,5
65860,79,3
2567216,79,5
2383514,79,5
2202373,79,3
495265,79,3
1933151,79,3
1076614,79,5
2431028,79,5
1076973,79,3
1229774,79,2
2096942,79,5
1500112,79,5
666633,79,3
1732840,79,4
1600078,79,4
1238044,79,5
2104991,79,4
1850241,79,3
557981,79,4
728171,79,4
2624088,79,4
1274584,79,3
2092198,79,5
473406,79,3
1150896,79,4
2515047,79,3
1597685,79,5
276712,79,3
1404828,79,4
959957,79,3
1069240,79,4
1163530,79,4
408200,79,3
2375785,79,4
2213,79,3
2511993,79,4
2023451,79,4
1255812,79,5
1135948,79,5
2260761,79,4
1040587,79,1
311692,79,5
2302074,79,3
237824,79,4
679555,79,4
617603,79,5
1606036,79,5
606041,79,3
1047039,79,5
281411,79,5
2282644,79,2
1344083,79,4
1798758,79,4
1591663,79,4
845192,79,3
388206,79,5
561866,79,3
1468673,79,3
2372924,79,3
260999,79,5
1787265,79,5
570532,79,2
2397383,79,4
759318,79,3
2646462,79,2
217444,79,3
1273272,79,5
2330167,79,4
1262912,79,3
2147714,79,3
2645828,79,4
380878,79,4
313158,79,4
1240040,79,4
1492520,79,3
292679,79,4
2194079,79,3
2252432,79,5
2230286,79,4
371215,79,5
194457,79,2
844391,79,3
2368526,79,4
1592922,79,4
2330864,79,2
1749100,79,4
1577677,79,5
57738,79,4
1769353,79,4
1789418,79,4
1090624,79,3
707732,79,4
238267,79,3
877585,79,5
1901897,79,5
2601024,79,3
2569729,79,3
648980,79,5
945594,79,4
868874,79,3
1851736,79,1
1193942,79,3
608936,79,5
1511856,79,3
1553052,79,5
1611143,79,3
2335640,79,3
469318,79,5
2299533,79,5
1929457,79,4
1198766,79,5
2271198,79,5
2166018,79,4
1756823,79,5
2507559,79,4
390062,79,3
584201,79,3
1268195,79,5
368756,79,3
216575,79,3
2065445,79,5
2253438,79,4
1480084,79,4
2078420,79,4
2013826,79,3
1655656,79,4
477101,79,4
1126141,79,2
563681,79,5
718211,79,3
2398096,79,3
1788453,79,4
1226040,79,5
746150,79,5
2545132,79,2
1450660,79,5
580231,79,5
1681382,79,5
2055810,79,3
994370,79,5
1099221,79,4
1509565,79,4
2253129,79,5
953865,79,4
1877210,79,4
1248401,79,3
322009,79,2
466763,79,5
105029,79,4
2472638,79,4
2478010,79,4
1028430,79,3
673414,79,2
887944,79,4
2515390,79,4
1478055,79,4
2038196,79,4
1225082,79,3
2334738,79,3
844207,79,4
1513841,79,4
1349031,79,3
1637683,79,4
417149,79,4
1741728,79,4
2223179,79,4
602628,79,4
1936049,79,1
1143750,79,5
172249,79,5
343180,79,4
1383211,79,4
1222167,79,4
2093282,79,5
513728,79,3
1470123,79,2
1296336,79,4
2240711,79,4
1769262,79,4
132659,79,5
1529761,79,5
659526,79,4
2141105,79,4
2238956,79,3
2504544,79,4
2395978,79,5
1650580,79,4
1146886,79,4
2573436,79,4
274191,79,4
2359486,79,3
2086265,79,3
960983,79,4
2101288,79,4
475474,79,5
1750007,79,4
973313,79,3
21591,79,4
1525051,79,5
1399793,79,4
844625,79,5
2508234,79,4
2078813,79,4
756209,79,3
387222,79,5
2203225,79,1
1019056,79,3
2300499,79,1
1617240,79,4
1242066,79,4
373103,79,4
2205270,79,4
1497596,79,3
853699,79,3
1945493,79,2
2310390,79,4
2482384,79,4
324887,79,3
1444657,79,4
290716,79,5
1557148,79,4
213486,79,5
2246159,79,4
1087649,79,3
1820746,79,5
1060399,79,5
1773272,79,5
1950710,79,4
44278,79,5
927953,79,4
1855098,79,5
1684416,79,5
1982967,79,3
1453129,79,4
1608318,79,4
1664010,79,5
1112079,79,2
2229650,79,3
1902838,79,3
60706,79,5
612473,79,4
658721,79,3
589186,79,4
1819300,79,4
668693,79,4
1122567,79,2
263823,79,4
1737030,79,5
2465843,79,5
2327743,79,3
256549,79,5
1075960,79,5
2216592,79,4
2069944,79,5
1634248,79,3
1932079,79,4
1843306,79,2
978309,79,4
1431253,79,4
1526640,79,3
1869763,79,3
667235,79,2
1001376,79,4
1434028,79,5
2013922,79,4
970605,79,3
1365750,79,1
369521,79,4
2305406,79,4
38147,79,4
1944201,79,3
396661,79,4
859837,79,3
2185396,79,4
688717,79,4
1105192,79,3
1328158,79,5
520011,79,5
1169634,79,5
899468,79,4
1250838,79,5
732616,79,4
311622,79,5
2586674,79,3
1127492,79,4
1142380,79,5
2259174,79,4
655085,79,5
2224532,79,4
115329,79,4
1854220,79,3
1382576,79,3
1102622,79,4
1872926,79,4
32885,79,3
254078,79,4
836694,79,4
825313,79,3
2152447,79,3
2154306,79,4
2221307,79,5
502556,79,4
24704,79,3
1240720,79,3
956533,79,4
1095791,79,2
218192,79,4
1602132,79,4
444105,79,5
501801,79,3
994563,79,4
2271973,79,4
2235568,79,4
2358215,79,4
2631480,79,3
1599029,79,5
504243,79,4
1869926,79,2
247474,79,3
1443369,79,5
2253769,79,5
2015498,79,4
115328,79,5
71596,79,4
2060313,79,5
1717060,79,4
2116286,79,2
1218201,79,3
1296679,79,2
2535238,79,3
361918,79,4
1129696,79,5
2489458,79,2
2241247,79,4
708307,79,4
1080173,79,4
1633211,79,3
731306,79,5
1365319,79,5
1505182,79,4
594196,79,5
1443549,79,4
1783806,79,4
877302,79,2
1352458,79,3
1730699,79,5
349833,79,4
464736,79,3
2195626,79,4
946380,79,2
104137,79,3
2007221,79,5
863024,79,4
570446,79,3
1676526,79,3
2490049,79,5
1353566,79,4
802944,79,4
1350064,79,3
542987,79,3
45687,79,5
875148,79,4
2041577,79,4
778780,79,5
1649046,79,3
1511466,79,4
733652,79,5
2355625,79,4
2122998,79,5
1303591,79,3
1193762,79,2
839950,79,5
1236993,79,4
1882759,79,3
935924,79,5
2012053,79,5
360757,79,4
2577095,79,2
2442168,79,5
2144004,79,1
57565,79,5
2430181,79,4
1301945,79,4
951283,79,3
1597459,79,1
430861,79,5
1505785,79,4
927129,79,5
2625520,79,4
1260710,79,5
592786,79,4
674963,79,4
687246,79,2
779046,79,3
685568,79,5
1034604,79,5
1241080,79,4
1547332,79,4
69914,79,3
2264105,79,5
1480497,79,4
1346424,79,4
1040259,79,5
1278338,79,3
205438,79,5
2280280,79,3
2177652,79,1
243430,79,5
499894,79,4
1049321,79,4
1235495,79,3
1329027,79,5
1432284,79,5
855692,79,4
347276,79,4
1802901,79,3
2264259,79,4
2048985,79,5
1803723,79,5
2625415,79,5
1002802,79,5
1296127,79,4
919130,79,2
1374417,79,5
1301819,79,5
1543077,79,5
275694,79,4
2484734,79,3
463102,79,4
396140,79,4
2290192,79,4
2373009,79,4
217178,79,4
1425680,79,4
214451,79,5
1705409,79,5
274062,79,5
1201884,79,4
1588548,79,5
1724893,79,4
378467,79,4
2067027,79,3
1695443,79,3
63053,79,4
504440,79,4
565401,79,2
247005,79,4
1735837,79,4
318409,79,5
2318762,79,4
616548,79,4
872655,79,4
1868343,79,4
1824009,79,4
466335,79,4
2625471,79,3
2572409,79,3
984356,79,4
2425662,79,2
820577,79,4
942513,79,5
1833004,79,4
1982296,79,4
869468,79,2
2522005,79,3
1428452,79,5
224795,79,2
663249,79,5
1271007,79,5
618011,79,4
2417438,79,5
2112740,79,3
1961026,79,2
2275000,79,4
159578,79,3
1810256,79,3
2044807,79,4
1935793,79,3
2295339,79,1
302172,79,3
2576109,79,4
2418445,79,4
2559676,79,5
867239,79,4
313694,79,5
183962,79,5
2106433,79,4
572862,79,4
1287550,79,3
1607555,79,4
2297776,79,4
2618854,79,3
1718526,79,5
22378,79,1
2054870,79,5
1782430,79,4
1580010,79,5
162883,79,3
1095635,79,5
2163565,79,5
44235,79,4
1771108,79,4
2640760,79,3
1961586,79,4
224809,79,5
1600259,79,4
2195326,79,4
904816,79,3
2431829,79,4
2290732,79,4
1300485,79,4
1767388,79,3
707012,79,4
973487,79,4
462935,79,4
2388299,79,4
2078245,79,5
177104,79,5
53663,79,4
589203,79,5
506024,79,5
2290963,79,4
916101,79,2
2585979,79,5
899682,79,4
718966,79,3
690615,79,3
2647661,79,4
861023,79,3
1975753,79,4
952063,79,1
2554118,79,3
1674669,79,4
1457393,79,3
971361,79,2
1099539,79,4
315894,79,4
2575474,79,2
1450391,79,4
166041,79,2
1431403,79,3
2300771,79,3
485283,79,5
2152101,79,4
307891,79,3
293460,79,4
416284,79,4
1548807,79,4
772009,79,5
357192,79,3
1245472,79,3
2164361,79,3
449568,79,3
2577215,79,4
2291306,79,5
1191731,79,3
1392742,79,5
971678,79,4
1703380,79,4
565227,79,5
187293,79,3
627811,79,4
352986,79,4
577211,79,4
1706866,79,4
2640568,79,3
874650,79,4
2056584,79,4
1755824,79,5
2634074,79,5
2635275,79,4
939439,79,4
3321,79,1
1877497,79,5
1593363,79,4
231839,79,4
1491102,79,3
249977,79,4
684371,79,3
1535401,79,4
2636478,79,3
524390,79,5
1094687,79,3
315146,79,4
222394,79,3
1360897,79,4
2073799,79,4
1322896,79,4
504298,79,3
609264,79,5
118110,79,4
224212,79,4
1958891,79,3
2153837,79,3
876389,79,4
112349,79,4
694745,79,4
612848,79,4
1707301,79,4
139559,79,4
1331818,79,1
2550711,79,3
264341,79,2
329799,79,5
619245,79,3
1879077,79,3
1691941,79,5
433342,79,4
1833607,79,5
718564,79,3
1746477,79,5
401638,79,5
46650,79,2
377550,79,3
669659,79,4
1628621,79,3
861675,79,4
707563,79,4
781131,79,3
1359449,79,3
2630849,79,3
1277662,79,5
2139882,79,3
1630194,79,4
1901678,79,4
576723,79,4
1048629,79,3
2139353,79,4
270692,79,5
797674,79,3
2087627,79,4
179936,79,5
1895259,79,3
2200691,79,5
1961980,79,3
614585,79,4
855377,79,5
247436,79,4
1269998,79,4
2091953,79,3
1555033,79,3
2187117,79,3
2306848,79,4
1348262,79,5
426208,79,5
2184426,79,3
1719456,79,3
2021871,79,3
2456062,79,2
824478,79,4
2212602,79,4
1194911,79,4
2461433,79,4
1375565,79,3
1645313,79,5
1602892,79,4
2492047,79,4
2147668,79,4
237405,79,3
1636853,79,2
513285,79,3
115240,79,3
2493280,79,5
1485054,79,5
2449001,79,4
1203360,79,3
203421,79,3
430983,79,4
2464456,79,3
2330134,79,3
111322,79,4
678501,79,5
2013584,79,4
1556831,79,3
1314263,79,4
529889,79,3
2331421,79,4
1028982,79,4
837258,79,4
606742,79,4
1865617,79,5
504642,79,5
1029802,79,5
528046,79,3
1824353,79,5
491531,79,3
841061,79,3
224713,79,4
1232297,79,3
1744740,79,3
2284890,79,5
2338166,79,5
1489356,79,2
2066490,79,4
539019,79,4
2554035,79,4
802872,79,4
2607155,79,1
2606352,79,4
1858261,79,2
2072941,79,4
66540,79,5
268872,79,3
680273,79,5
2237712,79,1
838665,79,2
2625822,79,4
333,79,5
2211795,79,4
2180255,79,4
1816712,79,3
2045846,79,4
2207614,79,4
238384,79,4
2441973,79,4
2199915,79,4
574834,79,3
1789168,79,5
163660,79,4
529356,79,4
1741568,79,4
2455938,79,4
1520884,79,4
837153,79,2
1684485,79,2
493172,79,3
1821390,79,3
770133,79,4
1559083,79,3
2540496,79,3
1320583,79,4
75728,79,2
1626010,79,3
1987190,79,3
1792487,79,5
1084108,79,4
1110549,79,3
1670981,79,5
403825,79,5
1344227,79,3
1111757,79,4
1072939,79,3
723983,79,4
761998,79,4
216716,79,5
2632818,79,4
1575810,79,4
2299661,79,3
1432211,79,4
1581343,79,2
152441,79,3
2512235,79,4
1504990,79,4
2402173,79,2
1566234,79,4
1763965,79,3
156430,79,4
1947378,79,4
97046,79,3
213985,79,4
1146000,79,2
561521,79,5
1422346,79,4
1342860,79,3
400876,79,4
1307520,79,5
2150812,79,4
711703,79,5
1027371,79,3
992849,79,4
2381153,79,3
1539849,79,4
449597,79,4
1026569,79,3
1877272,79,3
647979,79,4
1342357,79,3
1799991,79,2
287817,79,3
1489535,79,5
1098752,79,3
29078,79,4
700124,79,3
2061499,79,3
766158,79,5
1410469,79,2
490021,79,5
1641072,79,3
2102846,79,2
1595004,79,4
1141112,79,2
2307992,79,4
1381007,79,3
454895,79,5
541393,79,5
864385,79,5
1300036,79,5
2104646,79,1
2333493,79,4
1792694,79,3
278551,79,4
1895471,79,4
1431136,79,4
1699322,79,3
535886,79,4
1553478,79,2
630732,79,3
208435,79,4
1197972,79,4
1299887,79,5
2393141,79,3
491513,79,4
224250,79,5
750646,79,5
1788794,79,3
70867,79,1
2506955,79,3
146869,79,3
1611412,79,5
798296,79,4
1829685,79,1
404924,79,4
728873,79,4
1340473,79,5
2430041,79,4
2396817,79,3
1222318,79,2
1353746,79,3
1109043,79,3
1012955,79,4
2388429,79,5
1290390,79,4
465743,79,5
545026,79,4
1890838,79,3
2488897,79,4
1027954,79,4
682963,79,3
821495,79,4
794636,79,4
369978,79,3
32141,79,4
1373119,79,4
16272,79,2
1664529,79,4
2074533,79,4
204733,79,4
2193920,79,3
1321145,79,4
1385728,79,5
1278390,79,5
399971,79,3
325022,79,3
2030979,79,4
634732,79,5
877376,79,4
2367964,79,5
90833,79,3
1001470,79,4
1349978,79,3
2444240,79,4
373999,79,4
2622096,79,5
1886346,79,4
1634480,79,5
1222027,79,4
1996837,79,2
2254746,79,3
1994790,79,5
1075333,79,5
1527025,79,5
376012,79,4
1617329,79,2
1844552,79,5
412439,79,3
1448838,79,4
1878344,79,5
54870,79,4
308307,79,5
588691,79,4
2409913,79,4
238048,79,3
1167477,79,3
1992205,79,5
729150,79,4
600141,79,5
2048079,79,1
584436,79,5
1631951,79,4
2362135,79,5
1351421,79,4
36943,79,4
1143665,79,1
101011,79,4
1868562,79,4
1778599,79,4
742609,79,3
1703363,79,5
2465085,79,5
1320390,79,3
403106,79,5
2020892,79,2
2385435,79,5
1754027,79,3
2622271,79,4
253815,79,4
1035326,79,4
709989,79,5
753518,79,4
2409083,79,4
1955416,79,2
2153906,79,2
1557208,79,5
2481849,79,5
690657,79,3
1686991,79,3
772437,79,3
1442124,79,2
8212,79,4
1303241,79,4
1724242,79,4
2028530,79,4
2281296,79,4
1008927,79,3
546234,79,5
1104400,79,4
1390399,79,4
1117660,79,1
674820,79,4
1028996,79,4
238705,79,4
1816812,79,5
62771,79,5
1291710,79,5
2591003,79,4
1144516,79,4
529760,79,4
1958912,79,5
1378126,79,3
34413,79,4
1691501,79,4
1462330,79,3
1381305,79,4
519699,79,4
2541677,79,4
2605347,79,4
1640271,79,3
2509631,79,5
1534677,79,3
2076250,79,4
1641245,79,4
2532788,79,4
49037,79,3
1009033,79,4
2531466,79,4
487236,79,4
27715,79,4
1215097,79,2
872882,79,4
563339,79,5
158105,79,4
921022,79,4
646427,79,4
461070,79,4
2594299,79,3
314057,79,5
2300649,79,4
229716,79,1
1774623,79,3
305344,79,3
1134605,79,4
2334618,79,5
1433433,79,4
698353,79,4
644905,79,4
1596727,79,4
1095497,79,5
958634,79,3
889448,79,3
1312688,79,4
2328783,79,4
1948296,79,5
1867237,79,4
1279398,79,3
660494,79,3
2360906,79,5
1122881,79,4
1682749,79,5
1470113,79,5
1119468,79,4
524528,79,3
2531311,79,4
1459464,79,5
2399657,79,4
31625,79,3
562461,79,4
2238894,79,5
1027090,79,4
16380,79,1
1584227,79,5
2048620,79,4
2412265,79,4
2104114,79,4
1211161,79,5
2043854,79,4
1440650,79,5
1159683,79,4
1945863,79,4
2056875,79,4
635056,79,4
111086,79,4
870170,79,5
1718808,79,5
1403217,79,2
1264313,79,5
2337501,79,4
1880556,79,5
2591054,79,4
1688076,79,3
2597291,79,5
1048735,79,4
2603059,79,3
1851609,79,5
1877707,79,5
1792401,79,4
364531,79,4
1268171,79,4
639533,79,3
1131672,79,4
1912542,79,1
1654549,79,5
862502,79,2
1241165,79,3
1884449,79,3
1099404,79,3
170551,79,1
788067,79,4
635185,79,5
2555250,79,5
2310517,79,3
2375380,79,4
1055757,79,4
2453988,79,3
1444406,79,3
381941,79,5
1281152,79,4
2147527,79,1
606723,79,4
969632,79,5
824004,79,2
1763740,79,3
74441,79,5
2292767,79,4
2204671,79,1
172102,79,4
1219581,79,3
2504392,79,2
633143,79,5
1801745,79,4
96829,79,4
1368592,79,3
899796,79,4
1215846,79,4
1894721,79,5
1910719,79,5
813041,79,5
1901308,79,4
675451,79,5
1593061,79,5
2118771,79,4
1071786,79,5
1179388,79,5
211270,79,2
1104196,79,3
2573464,79,5
1636337,79,4
2343759,79,4
2187827,79,5
299859,79,2
2221106,79,5
547874,79,3
2633019,79,4
1168896,79,2
2059696,79,5
2159810,79,4
256278,79,4
63971,79,4
2094602,79,4
58863,79,5
768876,79,2
2581386,79,5
2450639,79,3
1949010,79,1
1224064,79,3
161013,79,5
1309738,79,3
426226,79,3
268855,79,4
927696,79,4
1400154,79,2
424144,79,2
1791615,79,3
2464081,79,5
513026,79,4
620010,79,4
588280,79,3
2501215,79,4
946691,79,4
1234570,79,5
122006,79,5
1483843,79,3
2188684,79,3
1812156,79,3
2150746,79,3
1450338,79,4
989122,79,2
1757385,79,5
2073136,79,5
2079894,79,5
572037,79,4
2263019,79,3
363845,79,4
1249922,79,3
1247452,79,3
2040501,79,4
2422270,79,3
272120,79,5
722341,79,4
1462211,79,3
1679136,79,1
2577654,79,4
732600,79,1
560155,79,4
639257,79,2
1643146,79,4
26101,79,5
355078,79,3
2463409,79,3
1400325,79,5
1092913,79,5
1845249,79,3
2312541,79,5
228539,79,3
655601,79,4
740127,79,5
1814832,79,2
869863,79,4
1468704,79,4
2205709,79,5
2110213,79,5
2479307,79,5
990500,79,5
1181649,79,5
139263,79,3
1444287,79,5
847774,79,4
440386,79,4
1839967,79,3
2374610,79,4
2060260,79,4
1749056,79,4
2647334,79,4
619690,79,4
523615,79,4
1877171,79,3
1765301,79,5
1676798,79,4
75673,79,5
1764595,79,5
2034842,79,3
587206,79,3
1519349,79,4
112546,79,3
22887,79,5
1539119,79,4
970073,79,4
2065016,79,4
1185305,79,5
2611873,79,4
2453706,79,4
385042,79,3
225263,79,4
1979820,79,5
168513,79,3
132505,79,4
983069,79,1
2407994,79,4
1734572,79,4
2114885,79,4
2304298,79,5
1648347,79,3
1040848,79,4
211579,79,5
1976973,79,5
651351,79,1
931384,79,1
2373324,79,4
2233084,79,1
360264,79,4
944378,79,5
775851,79,4
1236960,79,4
2386085,79,4
1720578,79,5
1073396,79,4
2005146,79,4
1769985,79,4
553229,79,1
2567276,79,5
2216322,79,4
914728,79,3
1705392,79,5
168318,79,4
1020333,79,3
378010,79,4
2593093,79,2
372095,79,4
2012618,79,5
858298,79,3
2613283,79,4
2187377,79,4
1645910,79,4
1497344,79,5
1871132,79,3
1189371,79,4
159159,79,4
73693,79,4
1137798,79,4
1494580,79,4
1715766,79,5
2043681,79,3
635758,79,3
2388628,79,4
530134,79,5
1795892,79,3
1763613,79,2
1675680,79,4
995426,79,5
1745870,79,4
920088,79,5
2051135,79,3
240716,79,4
788395,79,5
520817,79,5
1491763,79,3
2467898,79,4
699827,79,4
144207,79,4
2443086,79,5
820136,79,4
2038546,79,4
42072,79,4
49129,79,5
780850,79,1
2267044,79,3
2122313,79,5
1902078,79,5
2586891,79,3
802897,79,5
1372977,79,5
1277635,79,3
2044154,79,4
958384,79,5
2305016,79,5
2329133,79,3
2636126,79,5
1762296,79,2
546619,79,5
618908,79,4
1101078,79,3
589682,79,4
1442396,79,2
861322,79,4
1781211,79,5
1431356,79,3
782935,79,4
1616204,79,5
517454,79,3
1934002,79,4
812339,79,4
162333,79,3
1191821,79,3
227151,79,5
990918,79,4
1509271,79,5
1066067,79,4
2158747,79,2
1726274,79,5
2248478,79,4
1086423,79,4
578939,79,4
1382478,79,2
2153590,79,4
2557152,79,5
152553,79,4
672919,79,4
2299868,79,1
2237563,79,5
1319949,79,5
593110,79,3
776353,79,4
1743315,79,3
1503794,79,5
1391246,79,5
1202962,79,4
752642,79,3
1786740,79,5
67271,79,3
235688,79,4
671338,79,4
398853,79,4
2606510,79,4
533344,79,3
2348266,79,4
211377,79,5
2056909,79,5
1740460,79,5
1717979,79,3
2388268,79,1
1389855,79,4
1704779,79,4
266205,79,3
1287752,79,4
1214125,79,4
588658,79,5
1008904,79,5
434744,79,5
343155,79,3
760944,79,4
1188440,79,5
1741802,79,5
2493238,79,4
224858,79,4
2068445,79,3
1720038,79,4
1661014,79,5
1772303,79,3
1634596,79,4
2298769,79,4
1476797,79,5
1640375,79,5
2128818,79,4
1062927,79,4
139188,79,4
2410629,79,3
805207,79,4
2445689,79,4
312527,79,5
1343340,79,5
2442888,79,1
2485642,79,4
915968,79,4
847941,79,4
1145979,79,5
2405561,79,3
1442477,79,3
2232911,79,3
191576,79,4
1028987,79,4
1329642,79,3
2079386,79,4
1836600,79,3
2463140,79,3
136381,79,3
1932946,79,4
1224756,79,3
1623138,79,4
57622,79,5
1306287,79,5
894309,79,4
188190,79,3
1121569,79,5
1645555,79,3
1789428,79,5
690777,79,4
261918,79,5
129622,79,3
1776727,79,4
713559,79,4
2421104,79,4
170178,79,4
1463511,79,2
2290300,79,5
929903,79,4
551208,79,5
1138368,79,2
1151564,79,3
745471,79,4
1863725,79,4
2273209,79,4
397001,79,4
2197579,79,4
425469,79,4
333406,79,4
2093403,79,3
686940,79,5
1976095,79,5
47140,79,4
2073246,79,3
1523641,79,4
349181,79,4
1625050,79,5
1001477,79,5
2036536,79,3
869446,79,3
2394320,79,4
1047834,79,4
592277,79,1
4597,79,4
1085314,79,5
603543,79,2
1330588,79,4
326356,79,5
2274497,79,4
915643,79,3
504047,79,3
1670876,79,5
1118824,79,4
471654,79,5
1084669,79,4
854364,79,4
336645,79,3
1130649,79,5
1756258,79,4
2526533,79,3
538225,79,5
2448021,79,4
1769638,79,4
1833771,79,5
2527975,79,5
2195910,79,2
684590,79,1
858340,79,4
775389,79,3
2524669,79,3
247356,79,3
2019071,79,1
482495,79,5
2064995,79,4
2475685,79,4
721771,79,4
1394420,79,4
650410,79,4
472227,79,3
2525782,79,4
1182560,79,3
2580353,79,3
896279,79,2
2002218,79,4
1436780,79,3
1082163,79,4
2093590,79,4
2425339,79,5
382393,79,5
1935097,79,4
291205,79,4
1135632,79,3
416384,79,5
837165,79,5
2406338,79,3
1901849,79,4
2534650,79,5
1075260,79,4
981800,79,4
2113107,79,4
2264638,79,4
1814870,79,3
2192935,79,3
1868732,79,4
979424,79,4
1555970,79,4
1355912,79,5
508161,79,5
305466,79,5
1368404,79,5
1044050,79,4
789955,79,1
428662,79,2
124255,79,1
199023,79,4
985009,79,3
1182342,79,3
1458785,79,3
1625122,79,5
1559400,79,4
1800808,79,5
2403156,79,4
592269,79,3
1865721,79,4
1509906,79,3
588639,79,3
2558779,79,4
1830265,79,3
912888,79,4
2645984,79,2
972843,79,3
2061745,79,4
411290,79,5
47658,79,4
303087,79,5
296232,79,5
1875549,79,3
829614,79,5
474521,79,4
1057236,79,4
1033603,79,3
114458,79,5
1233676,79,5
857132,79,1
1199203,79,4
1994294,79,5
2395555,79,5
1181111,79,3
1097679,79,3
1325739,79,4
1617293,79,3
1852513,79,3
1173657,79,3
1792259,79,5
1112977,79,4
1385316,79,4
2523488,79,5
2147213,79,1
1523172,79,3
381512,79,4
1463885,79,5
230265,79,3
2545730,79,5
1093643,79,4
897304,79,2
981798,79,4
1965943,79,4
1784621,79,3
1544780,79,5
934230,79,4
828344,79,4
1905715,79,1
1728944,79,3
739818,79,5
745342,79,2
2505378,79,4
122072,79,4
1850531,79,4
1124963,79,4
2133714,79,3
1866323,79,4
2172295,79,4
1190829,79,3
1261789,79,4
776513,79,4
1473687,79,5
386668,79,5
2610630,79,5
426362,79,3
1401665,79,1
1038880,79,4
109177,79,4
2146579,79,4
2206741,79,2
1805836,79,5
94321,79,4
1722192,79,3
1689922,79,4
2475613,79,4
2297609,79,5
2631892,79,4
901684,79,5
424674,79,3
1834412,79,5
1339313,79,1
1298173,79,5
2204903,79,5
1934459,79,3
182524,79,5
2118461,79,4
2629271,79,2
1806515,79,3
1925605,79,3
1393218,79,4
1072585,79,3
2386868,79,3
2217242,79,4
1935388,79,2
388717,79,4
913558,79,3
932005,79,4
2497873,79,4
1407394,79,4
1773648,79,3
1418521,79,5
1560172,79,2
2241897,79,3
30941,79,5
2609544,79,4
1636781,79,4
778661,79,4
657606,79,3
2260934,79,5
563027,79,5
1379440,79,4
1330494,79,4
788890,79,4
200806,79,3
1782958,79,3
653482,79,4
168523,79,4
1932314,79,4
2538567,79,3
2351402,79,4
902446,79,5
1081831,79,4
188198,79,4
1744915,79,4
1574397,79,4
544290,79,3
522056,79,3
1116110,79,5
1185669,79,4
2159347,79,4
1102433,79,3
1528691,79,4
853072,79,4
2082862,79,3
1337699,79,3
576143,79,4
1335368,79,3
741248,79,4
552175,79,2
230967,79,5
1460630,79,4
2346905,79,5
226909,79,4
841869,79,1
1144397,79,4
281861,79,4
387418,79,1
1453894,79,3
459883,79,5
1161710,79,4
1517541,79,3
1064369,79,3
1624561,79,3
524985,79,5
368292,79,4
1389065,79,5
982010,79,3
2277087,79,3
704598,79,2
2222089,79,3
895286,79,3
403590,79,4
2588755,79,3
691808,79,2
1259364,79,2
2241250,79,4
1011940,79,5
690754,79,3
1655236,79,4
2018421,79,5
1543836,79,3
226113,79,4
1215167,79,4
398239,79,5
1604348,79,4
52191,79,3
2208964,79,4
1314083,79,3
1422859,79,3
2240369,79,5
2303393,79,3
714357,79,3
2325440,79,4
354269,79,4
1287727,79,4
652634,79,3
803605,79,4
1753980,79,3
1029163,79,3
1744121,79,4
1711473,79,5
1010609,79,4
397212,79,4
607897,79,5
1002688,79,3
1124770,79,3
240419,79,4
2163036,79,3
2382189,79,4
1190964,79,1
1114324,79,3
1241174,79,5
1321989,79,5
2271872,79,5
1660348,79,3
1369820,79,5
1556884,79,3
1405915,79,5
977346,79,4
1860246,79,3
2404782,79,3
1087407,79,5
1434685,79,4
596133,79,4
2375550,79,3
1342172,79,3
794052,79,5
2487127,79,3
671960,79,3
1672014,79,2
961223,79,3
37520,79,4
1222399,79,4
97611,79,4
266579,79,4
502718,79,4
1918794,79,3
1443379,79,2
1876574,79,5
1930094,79,4
2332416,79,4
623388,79,5
421509,79,4
1306646,79,4
2253578,79,4
1486911,79,3
805853,79,2
319529,79,4
2402139,79,2
657364,79,3
1036280,79,3
1725680,79,3
335348,79,3
2592540,79,3
660061,79,4
1881326,79,4
624987,79,4
1932594,79,3
634512,79,5
97608,79,4
77510,79,4
958687,79,4
2153721,79,3
495174,79,5
895819,79,4
1458293,79,3
686048,79,3
133947,79,5
585417,79,4
1073300,79,3
2490948,79,4
2288057,79,4
1645904,79,2
746719,79,3
1409759,79,4
2190996,79,3
1109678,79,3
749139,79,3
1008494,79,4
1280358,79,3
399637,79,4
246880,79,5
614897,79,5
1884816,79,3
1087392,79,5
1970422,79,5
36217,79,3
918398,79,2
802979,79,3
856053,79,5
809684,79,3
1138997,79,2
273741,79,5
2229377,79,3
2629195,79,3
54040,79,3
2265729,79,4
1302981,79,2
1856085,79,4
1663888,79,5
2009400,79,5
2643193,79,4
2350588,79,5
1982279,79,5
2147262,79,4
73519,79,2
2156368,79,4
897336,79,5
264806,79,4
1647745,79,4
1461435,79,1
1450883,79,5
1508683,79,4
1561632,79,3
1574973,79,3
1587492,79,4
1960190,79,2
2482437,79,5
1886487,79,5
1984358,79,3
2041854,79,5
1439345,79,5
2198129,79,3
2457210,79,4
1589301,79,3
2233207,79,4
947104,79,5
1476448,79,3
575714,79,5
710375,79,3
1189743,79,3
621273,79,2
560599,79,4
1465940,79,4
2470728,79,4
1480571,79,3
327061,79,4
292751,79,4
587590,79,5
168630,79,3
1963533,79,4
1057992,79,2
646951,79,5
685113,79,4
2253540,79,4
1287215,79,4
2253631,79,5
850998,79,3
238115,79,3
652331,79,3
455737,79,3
956739,79,4
377334,79,1
1520998,79,5
2261394,79,4
766895,79,4
2131794,79,2
1872980,79,3
2639252,79,3
2085266,79,4
1204865,79,3
1011331,79,4
2217533,79,4
1133651,79,4
1098238,79,4
2095155,79,5
2142015,79,2
1150431,79,4
1806931,79,3
1399249,79,4
358034,79,3
1246924,79,2
656999,79,4
1271178,79,4
2489039,79,5
2502834,79,3
455662,79,4
631430,79,4
1686385,79,4
1771053,79,4
486048,79,3
2291170,79,5
1845344,79,2
191869,79,5
1892343,79,3
2554279,79,3
2109872,79,4
2214487,79,4
1666805,79,3
162834,79,3
2548453,79,5
729312,79,5
2007431,79,4
541557,79,3
1411903,79,3
1823941,79,4
1553072,79,5
412878,79,4
490041,79,4
696008,79,5
1972735,79,5
209494,79,5
733887,79,1
2165012,79,4
1233297,79,4
101554,79,5
1110842,79,3
931256,79,5
2430930,79,4
2382912,79,4
136682,79,4
2031943,79,3
2449256,79,5
1682945,79,3
2255453,79,3
28932,79,3
1606727,79,4
1279360,79,3
406464,79,3
1665566,79,3
57633,79,4
892176,79,3
36469,79,4
710892,79,4
1423541,79,5
814013,79,3
1154504,79,5
196349,79,1
2055388,79,4
2339135,79,5
224457,79,5
684582,79,4
1010742,79,4
2205497,79,4
790471,79,4
1905342,79,4
772426,79,3
2143500,79,4
2361556,79,4
947403,79,4
1507727,79,3
1046389,79,4
133851,79,4
613121,79,4
1368086,79,4
576942,79,5
1713211,79,5
1049096,79,4
2621645,79,3
570410,79,3
2563322,79,2
474673,79,4
626118,79,3
2508105,79,3
1858591,79,5
1804811,79,4
2239486,79,3
1424169,79,5
2177075,79,4
2081789,79,3
361576,79,3
1167767,79,5
94474,79,1
1033930,79,3
2536943,79,4
1344791,79,3
17890,79,3
1622890,79,4
570147,79,4
2150689,79,3
1216880,79,3
1423394,79,4
2264847,79,4
1740426,79,4
1103890,79,3
726171,79,4
2398669,79,4
2065698,79,4
686108,79,4
843611,79,4
1797765,79,2
448879,79,4
1759340,79,3
1832073,79,3
1605039,79,5
2378918,79,4
1325506,79,4
168178,79,4
2299436,79,3
824792,79,4
261835,79,4
2335061,79,2
1963140,79,4
1329687,79,2
1178182,79,5
1327792,79,4
1541516,79,5
2273897,79,3
2273706,79,3
1851268,79,3
243228,79,4
1644900,79,3
1044649,79,4
2605507,79,4
1320868,79,4
2274712,79,5
1908051,79,3
2572929,79,2
2611670,79,3
4089,79,5
1789111,79,3
2352586,79,3
2202169,79,4
1130461,79,4
219481,79,2
1676423,79,5
266839,79,4
2175440,79,3
2182636,79,4
1081461,79,3
1486201,79,4
1801326,79,5
2636012,79,2
2646634,79,5
542049,79,1
2291746,79,4
2454483,79,5
385367,79,5
723545,79,4
1436065,79,4
328488,79,4
1502595,79,4
1906240,79,4
714349,79,3
2238060,79,5
1605937,79,5
2642608,79,4
1099749,79,5
760943,79,3
978771,79,3
1730100,79,3
1030431,79,1
358582,79,4
1719745,79,1
1351189,79,5
2358238,79,4
1852040,79,2
1504146,79,5
1103031,79,3
1704379,79,4
1228568,79,4
772439,79,5
686176,79,4
1104937,79,3
535436,79,3
2467730,79,4
221267,79,3
1612901,79,5
1201294,79,1
1733625,79,3
1588981,79,3
1448588,79,4
2578914,79,5
2335844,79,1
850499,79,4
1630127,79,4
1249657,79,4
1487347,79,4
918028,79,4
1214671,79,3
1809013,79,4
2004280,79,4
920896,79,4
1085309,79,3
663940,79,3
1170245,79,4
805373,79,3
527899,79,3
630175,79,3
105421,79,4
515436,79,1
598554,79,3
1940143,79,4
2581620,79,5
2522435,79,4
437742,79,5
229439,79,4
629389,79,3
1612913,79,4
105982,79,4
1709234,79,1
775020,79,3
1056504,79,4
1946737,79,5
21606,79,3
916700,79,5
551427,79,4
247120,79,3
2608320,79,3
629062,79,4
87703,79,5
188630,79,3
224933,79,3
221631,79,4
921963,79,4
1886638,79,5
88188,79,4
369827,79,4
2517682,79,4
1294714,79,4
365340,79,4
1044403,79,3
1696726,79,5
1001004,79,3
1922830,79,4
1319661,79,4
1357209,79,5
673426,79,4
1981665,79,5
1805618,79,2
2106057,79,4
1462129,79,4
1311573,79,4
1184388,79,4
2129407,79,4
2263318,79,4
111824,79,2
728941,79,5
1388038,79,4
2633937,79,4
978448,79,4
1676896,79,5
886324,79,4
294111,79,3
327400,79,3
2268901,79,2
908921,79,3
2095686,79,3
2549657,79,4
1041317,79,4
654591,79,4
1490709,79,4
2375388,79,4
1819254,79,3
477791,79,4
2274199,79,3
1394346,79,2
143776,79,4
2242413,79,2
635852,79,4
1911845,79,3
1244539,79,5
1533807,79,4
668703,79,4
2417234,79,4
349743,79,4
285349,79,5
2243071,79,4
181004,79,2
2455611,79,3
1406561,79,3
2405379,79,3
188613,79,5
356103,79,4
2581363,79,4
626066,79,4
324293,79,4
1224739,79,5
2392601,79,4
217534,79,4
220259,79,5
954742,79,4
1029760,79,2
50400,79,4
125206,79,4
1069489,79,3
1879841,79,2
2480842,79,5
1377881,79,3
463684,79,1
466892,79,3
2600294,79,3
1231568,79,1
137666,79,3
1316136,79,2
293417,79,4
542027,79,4
1683282,79,4
2469539,79,4
521933,79,1
539743,79,4
454329,79,3
959541,79,4
100213,79,4
1118220,79,3
76906,79,5
2489783,79,4
742234,79,4
626312,79,4
2205759,79,4
2170453,79,4
320177,79,5
1623667,79,3
1273190,79,3
458108,79,4
960627,79,3
858345,79,4
1654359,79,4
2448838,79,4
2537473,79,4
900899,79,3
857192,79,5
1983272,79,4
1804978,79,4
1414361,79,4
1300759,79,4
1259374,79,3
293562,79,5
2408711,79,2
545072,79,3
628846,79,5
1685354,79,4
2142405,79,3
1882941,79,4
707528,79,2
765473,79,3
1436345,79,4
1772857,79,4
1961675,79,4
1603751,79,5
44490,79,3
2082452,79,3
1910475,79,4
1104589,79,4
1704416,79,3
1822783,79,5
448427,79,3
2642974,79,4
512540,79,4
2456457,79,4
702455,79,5
1920056,79,3
738725,79,3
511255,79,4
803169,79,3
998194,79,3
